3 //Objectives
12 //Vars
1 //DMS
0.313000 0.313000, 0.320000 0.320000, 0.367000 0.367000 // Weight
2.995000 3.516000, 2.907000 3.431000, 2.581000 3.216000 //Veto
0.510000 0.670000 //Beta 0
0.510000 0.670000 //Lambda 0
TRUE FALSE //Best compromise 
1
0.7821716730399857, 0.0988882845728138, 0.0, 0.0, 0.0, 0.0, 0.0, 0.0, 0.0, 0.0, 0.0, 0.0 * 0.7821716730399857, 0.0988882845728138, 4.3465605194746768 *   0
TRUE TRUE //Frontiers 
6 // OUTRANKING: R2(3) + R1(3)
0.792199823210 0.792199823210, 0.107978838081 0.107978838081, 4.429083414286 4.429083414286
0.794706860753 0.794706860753, 0.110251476457 0.110251476457, 4.614759927611 4.614759927611
0.797213898295 0.797213898295, 0.112524114834 0.112524114834, 4.800436440936 4.800436440936
0.802227973380 0.802227973380, 0.117069391588 0.117069391588, 5.171789467586 5.171789467586
0.803481492151 0.803481492151, 0.118205710777 0.118205710777, 5.264627724248 5.264627724248
0.804735010923 0.804735010923, 0.119342029965 0.119342029965, 5.357465980911 5.357465980911
FALSE //Initial solutions 
2
