3 //Objectives
7 //Vars
1 //DMS
0.313000 0.313000, 0.316000 0.316000, 0.371000 0.371000 // Weight
249.702530 288.528380, 263.828110 282.653470, 278.651050 299.408780 //Veto
0.510000 0.750000 //Beta 0
0.510000 0.670000 //Lambda 0
TRUE FALSE //Best compromise 
1
0.9921611328572785, 0.9997931448741784, 0.5, 0.5, 0.5, 0.5, 0.5 * 0.4959779496206529, 0.0001026168079863, 0.0039194335713608 *   0
TRUE TRUE //Frontiers 
6 // OUTRANKING: R2(3) + R1(3)
0.619878130706 0.619878130706, 0.124313659341 0.124313659341, 0.004230295019 0.004230295019
0.619878130706 0.619878130706, 0.372735744408 0.372735744408, 0.004230295019 0.004230295019
0.619878130706 0.619878130706, 0.621157829474 0.621157829474, 0.004230295019 0.004230295019
0.619878130706 0.619878130706, 1.118001999607 1.118001999607, 0.004230295019 0.004230295019
0.619878130706 0.619878130706, 1.242213042140 1.242213042140, 0.004230295019 0.004230295019
0.619878130706 0.619878130706, 1.366424084673 1.366424084673, 0.004230295019 0.004230295019
FALSE //Initial solutions 
2
