10 //Objectives
19 //Vars
1 //DMS
0.103000 0.171000, 0.026000 0.044000, 0.111000 0.183000, 0.092000 0.152000, 0.005000 0.007000, 0.055000 0.091000, 0.019000 0.031000, 0.064000 0.106000, 0.062000 0.102000, 0.217000 0.359000 // Weight
2.111000 2.218000, 1.977000 2.370000, 1.890000 2.120000, 2.110000 2.224000, 2.078000 2.294000, 2.114000 2.222000, 2.000000 2.347000, 1.958000 2.376000, 1.958000 2.379000, 1.892000 1.980000 //Veto
0.510000 0.750000 //Beta 0
0.510000 0.670000 //Lambda 0
TRUE FALSE //Best compromise 
1
0.0594923617595306, 0.8877476732655185, 0.9240971160699134, 0.9994120076295976, 0.0608362327613105, 0.5232161691054777, 0.8901301063085580, 0.7826330344111813, 0.6090682901484279, 0.5, 0.5, 0.5, 0.5, 0.5, 0.5, 0.5, 0.5, 0.5, 0.5 * 0.0000004308538175, 0.0000006111397757, 0.0000021042157303, 0.0000128106912713, 0.0000139886681153, 0.0000018307312424, 0.0207736067966699, 0.1734080314318137, 0.9801992294498624, 0.0933144260731509 *   0
TRUE FALSE //Frontiers 
2
0.0000092189446706, 0.0000392590432882, 0.0003056046119920, 0.0010489591045647, 0.0332812109853121, 0.1936808979033456, 0.0285651737654929, 0.0957740807297544, 0.6720781592485243, 0.7068954516873726
0.0202547675749629, 0.0144299101614549, 0.0096451504686467, 0.1966820598304241, 0.3350478512600290, 0.1577081150258447, 0.3249913682328846, 0.2633454859224401, 0.8033241490473990, 0.0563544629396052
FALSE //Initial solutions