10 //Objectives
19 //Vars
1 //DMS
0.015000 0.021000, 0.040000 0.054000, 0.039000 0.053000, 0.055000 0.075000, 0.046000 0.064000, 0.061000 0.083000, 0.111000 0.153000, 0.164000 0.226000, 0.223000 0.307000, 0.088000 0.122000 // Weight
5.586000 6.025000, 4.252000 4.771000, 4.776000 5.253000, 4.138000 4.387000, 4.203000 4.476000, 3.823000 4.568000, 3.979000 4.301000, 3.816000 4.443000, 3.752000 4.501000, 4.013000 4.333000 //Veto
0.510000 0.670000 //Beta 0
0.510000 0.670000 //Lambda 0
TRUE FALSE //Best compromise 
1
0.9999915594235024, 0.1513018389937011, 0.0142848761818767, 0.6388279072189833, 0.2431563382237946, 0.9386913086933509, 0.2093841699927040, 0.0245650080147036, 0.6142911345764488, 0.0, 0.0, 0.0, 0.0, 0.0, 0.0, 0.0, 0.0, 0.0, 0.0 * 0.0000008286516599, 0.0000008286516599, 0.0000011718904159, 0.0000016573033198, 0.0000023437808318, 0.0000033146066395, 0.0000046875616635, 0.0000066292132790, 0.0000093751233271, 0.9999999999121071 *   0
TRUE FALSE //Frontiers 
2
0.0005180730187278, 0.0005180730187278, 0.0007326658893845, 0.0010361460374557, 0.0014653317787690, 0.0020722920749114, 0.0029306635575379, 0.0041445841498227, 0.0058613271150759, 0.9999656442542915
0.0243566106588793, 0.0243566106588793, 0.0344454491272282, 0.0487132213177587, 0.0688908982544565, 0.0974264426355173, 0.1377817965089129, 0.1948528852710346, 0.2755635930178258, 0.9209394184234988
FALSE //Initial solutions