10 //Objectives
19 //Vars
1 //DMS
0.233000 0.329000, 0.008000 0.012000, 0.055000 0.077000, 0.034000 0.048000, 0.027000 0.039000, 0.013000 0.019000, 0.037000 0.053000, 0.177000 0.251000, 0.215000 0.303000, 0.029000 0.041000 // Weight
1232.485000 1318.452000, 1239.171000 1342.704000, 1277.586000 1283.476000, 1184.433000 1392.942000, 1187.142000 1391.920000, 1254.761000 1325.989000, 1200.825000 1365.863000, 1196.551000 1356.636000, 1156.467000 1395.595000, 1229.945000 1348.556000 //Veto
0.510000 0.750000 //Beta 0
0.510000 0.670000 //Lambda 0
TRUE FALSE //Best compromise 
1
0.9920847490393020, 0.9923355346509887, 0.4566874687823874, 0.7015745112214119, 0.3320508624110608, 0.3077504636290253, 0.3596106932310437, 0.7423501893609530, 0.9910355857531706, 0.5, 0.5, 0.5, 0.5, 0.5, 0.5, 0.5, 0.5, 0.5, 0.5 * 0.0000001831979010, 0.0000130091821216, 0.0000303725651807, 0.0000209406750438, 0.0000205356643928, 0.0000253895730206, 0.0001006232963098, 0.0000983998056207, 0.0124320257687203, 0.9999227081785349 *   0
TRUE FALSE //Frontiers 
2
0.0000352091002192, 0.0000795340362192, 0.0001027964943308, 0.0001727397527975, 0.0003783807881890, 0.0005256259583968, 0.1855930967715160, 0.1719087661857872, 0.4274962226169912, 0.8678992399819745
0.0313530966140681, 0.0154845695122925, 0.0216952260505555, 0.0083722966772599, 0.0344635303424765, 0.0245903612368665, 0.1470750148366909, 0.0665664862362165, 0.9835411127376982, 0.0550339435340223
FALSE //Initial solutions