10 //Objectives
19 //Vars
1 //DMS
0.060000 0.094000, 0.071000 0.111000, 0.066000 0.104000, 0.090000 0.142000, 0.145000 0.227000, 0.007000 0.011000, 0.045000 0.071000, 0.070000 0.110000, 0.089000 0.139000, 0.135000 0.213000 // Weight
1.805000 1.952000, 1.195000 1.459000, 1.510000 1.585000, 1.271000 1.359000, 1.284000 1.341000, 1.991000 2.031000, 1.843000 2.006000, 1.270000 1.471000, 1.201000 1.441000, 1.249000 1.380000 //Veto
0.510000 0.670000 //Beta 0
0.510000 0.670000 //Lambda 0
TRUE FALSE //Best compromise 
1
0.9989058529021712, 0.1744858390532834, 0.4151990094292904, 0.8767697903685131, 0.7744663938761066, 0.1698289714613133, 0.2197204242552260, 0.9199330252222405, 0.5674544594099068, 0.5, 0.5, 0.5, 0.5, 0.5, 0.5, 0.5, 0.5, 0.5, 0.5 * 0.0001074175872573, 0.0001074175872573, 0.0001519114087366, 0.0002148351745145, 0.0003038228174732, 0.0004296703490290, 0.0006076456349464, 0.0008593406980580, 0.0012152912698928, 0.9999985230660386 *   0
TRUE FALSE //Frontiers 
2
0.0101849998542136, 0.0101849998542136, 0.0144037649265968, 0.0203699997084271, 0.0288075298531936, 0.0407399994168542, 0.0576150597063872, 0.0814799988337085, 0.1152301194127745, 0.9866326769169139
0.0593727466795132, 0.0593727466795132, 0.0839657435895097, 0.1187454933590264, 0.1679314871790194, 0.2374909867180527, 0.3358629743580387, 0.4749819734361054, 0.6717259487160774, 0.3123595678748634
FALSE //Initial solutions