10 //Objectives
14 //Vars
1 //DMS
0.039000 0.057000, 0.008000 0.012000, 0.080000 0.114000, 0.111000 0.159000, 0.252000 0.362000, 0.053000 0.077000, 0.138000 0.198000, 0.057000 0.081000, 0.072000 0.104000, 0.011000 0.015000 // Weight
330.809000 334.066000, 328.457000 365.809000, 276.696000 316.882000, 252.230000 261.895000, 202.364000 228.932000, 292.162000 311.541000, 212.103000 229.319000, 278.073000 317.755000, 290.141000 305.265000, 334.981000 338.754000 //Veto
0.510000 0.750000 //Beta 0
0.510000 0.670000 //Lambda 0
TRUE FALSE //Best compromise 
1
0.0123590971400771, 0.0111075975052582, 0.1307908287880900, 0.1940726657370444, 0.0002232124098685, 0.3068621043613470, 0.8909372658892243, 0.7695873383291006, 0.3234987958909473, 0.5, 0.5, 0.5, 0.5, 0.5 * 0.0000000000264702, 0.0000000000553546, 0.0000000000244982, 0.0000000000130154, 0.0000000002695607, 0.0000017418934924, 0.0000072351920242, 0.0000596624638646, 0.0061109086317584, 0.4938204514299614 *   0
TRUE FALSE //Frontiers 
2
0.0000019193665110, 0.0000313884137356, 0.0000473437061709, 0.0009425666582965, 0.0001303834900423, 0.0012974010339114, 0.0000136803031947, 0.0029076693564642, 0.1786459630390826, 0.3159816846325908
0.0003493596695215, 0.0005239356065660, 0.0043860849220438, 0.0026447821694916, 0.0230416325390044, 0.0665756298278108, 0.0104234975208899, 0.0469642716463980, 0.0332363803681580, 0.3118544257301159
FALSE //Initial solutions