3 //Objectives
30 //Vars
1 //DMS
0.237000 0.437000, 0.229000 0.423000, 0.237000 0.437000 // Weight
0.490000 0.558000, 0.526000 0.563000, 0.513000 0.549000 //Veto
0.510000 0.670000 //Beta 0
0.510000 0.670000 //Lambda 0
TRUE FALSE //Best compromise 
1
0.0, 0.0, 0.0, 0.0, 0.0, 0.0, 0.0, 0.0, 0.0, 0.0, 0.0, 0.0, 0.0, 0.0, 0.0, 0.0, 0.0, 0.0, 0.0, 0.0, 0.0, 0.0, 0.0, 0.0, 0.0, 0.0, 0.0, 0.0, 0.0, 0.0 * 0.3040238944483101, 0.5505112439073736, 0.0727324308221581 *   0
TRUE FALSE //Frontiers 
2
0.0995592964345400, 0.0995592964345400, 0.6017628142618401
0.0050762030319666, 0.0050762030319666, 0.9796951878721337
FALSE //Initial solutions