10 //Objectives
19 //Vars
1 //DMS
0.024000 0.042000, 0.068000 0.118000, 0.059000 0.103000, 0.068000 0.120000, 0.143000 0.251000, 0.111000 0.195000, 0.047000 0.081000, 0.031000 0.053000, 0.146000 0.256000, 0.031000 0.053000 // Weight
1.584000 1.683000, 1.402000 1.403000, 1.471000 1.688000, 1.220000 1.466000, 1.269000 1.384000, 1.242000 1.430000, 1.605000 1.660000, 1.498000 1.769000, 1.307000 1.337000, 1.541000 1.725000 //Veto
0.510000 0.750000 //Beta 0
0.510000 0.670000 //Lambda 0
TRUE FALSE //Best compromise 
1
0.9643217483369270, 0.0136125343915133, 0.6179244404742142, 0.2130413205423585, 0.0181147814812673, 0.0489554368187466, 0.0366387367419148, 0.0407825685296127, 0.1026386125491180, 0.5, 0.5, 0.5, 0.5, 0.5, 0.5, 0.5, 0.5, 0.5, 0.5 * 0.9991379357160621, 0.0000000000000000, 0.0000000000000000, 0.0000000000000000, 0.0000000000000000, 0.0000000000000000, 0.0000000000000000, 0.0000000000000000, 0.0000000000000000, 0.0415136774213760 *   0
TRUE FALSE //Frontiers 
2
1.0000000000000000, 0.0000000000000000, 0.0000000000000000, 0.0000000000000000, 0.0000000000000000, 0.0000000000000000, 0.0000000000000000, 0.0000000000000000, 0.0000000000000000, 0.0000000006570916
0.9999949085433568, 0.0000000000000000, 0.0000000000000000, 0.0000000002173088, 0.0000000000000000, 0.0000000000000000, 0.0000000560263923, 0.0000000000000000, 0.0000000000000000, 0.0031910636722614
FALSE //Initial solutions