3 //Objectives
30 //Vars
1 //DMS
0.277000 0.391000, 0.274000 0.388000, 0.277000 0.393000 // Weight
5.212000 5.316000, 5.358000 5.532000, 4.746000 5.372000 //Veto
0.510000 0.670000 //Beta 0
0.510000 0.670000 //Lambda 0
TRUE FALSE //Best compromise 
1
0.0, 0.0, 0.0, 0.0, 0.0, 0.0, 0.0, 0.0, 0.0, 0.0, 0.0, 0.0, 0.0, 0.0, 0.0, 0.0, 0.0, 0.0, 0.0, 0.0, 0.0, 0.0, 0.0, 0.0, 0.0, 0.0, 0.0, 0.0, 0.0, 0.0 * 0.0004740753213289, 0.0004740753213289, 0.9999998876262886 *   0
TRUE FALSE //Frontiers 
2
0.1252039876418207, 0.1252039876418207, 0.9921310203186809
0.6149424913408899, 0.6149424913408899, 0.7885719576192521
FALSE //Initial solutions