0.840, 0.394, 0.5, 0.5, 0.5, 0.5, 0.5, 0.5, 0.5, 0.5, 0.5, 0.5 * 1.00000, 0.00000, 0.00000 *   0
0.939, 0.800, 0.5, 0.5, 0.5, 0.5, 0.5, 0.5, 0.5, 0.5, 0.5, 0.5 * 1.00000, 0.00000, 0.00290 *   0
0.912, 0.198, 0.5, 0.5, 0.5, 0.5, 0.5, 0.5, 0.5, 0.5, 0.5, 0.5 * 1.00000, 0.00000, 0.00016 *   0
0.833, 0.234, 0.5, 0.5, 0.5, 0.5, 0.5, 0.5, 0.5, 0.5, 0.5, 0.5 * 1.00000, 0.00000, 0.00000 *   0
0.009, 0.924, 0.5, 0.5, 0.5, 0.5, 0.5, 0.5, 0.5, 0.5, 0.5, 0.5 * 1.00000, 0.00058, 0.00000 *   0
0.879, 0.987, 0.5, 0.5, 0.5, 0.5, 0.5, 0.5, 0.5, 0.5, 0.5, 0.5 * 0.91126, 0.41183, 0.00000 *   0
0.936, 0.325, 0.5, 0.5, 0.5, 0.5, 0.5, 0.5, 0.5, 0.5, 0.5, 0.5 * 1.00000, 0.00000, 0.00211 *   0
0.952, 0.916, 0.5, 0.5, 0.5, 0.5, 0.5, 0.5, 0.5, 0.5, 0.5, 0.5 * 0.99993, 0.00024, 0.01148 *   0
0.874, 0.589, 0.5, 0.5, 0.5, 0.5, 0.5, 0.5, 0.5, 0.5, 0.5, 0.5 * 1.00000, 0.00000, 0.00000 *   0
0.887, 0.933, 0.5, 0.5, 0.5, 0.5, 0.5, 0.5, 0.5, 0.5, 0.5, 0.5 * 1.00000, 0.00153, 0.00001 *   0
0.173, 0.938, 0.5, 0.5, 0.5, 0.5, 0.5, 0.5, 0.5, 0.5, 0.5, 0.5 * 1.00000, 0.00261, 0.00000 *   0
0.012, 0.886, 0.5, 0.5, 0.5, 0.5, 0.5, 0.5, 0.5, 0.5, 0.5, 0.5 * 1.00000, 0.00001, 0.00000 *   0
0.304, 0.889, 0.5, 0.5, 0.5, 0.5, 0.5, 0.5, 0.5, 0.5, 0.5, 0.5 * 1.00000, 0.00001, 0.00000 *   0
0.639, 0.966, 0.5, 0.5, 0.5, 0.5, 0.5, 0.5, 0.5, 0.5, 0.5, 0.5 * 0.99878, 0.04939, 0.00000 *   0
0.999, 0.218, 0.5, 0.5, 0.5, 0.5, 0.5, 0.5, 0.5, 0.5, 0.5, 0.5 * 0.14899, 0.00000, 0.98884 *   0
0.513, 0.839, 0.5, 0.5, 0.5, 0.5, 0.5, 0.5, 0.5, 0.5, 0.5, 0.5 * 1.00000, 0.00000, 0.00000 *   0
0.795, 0.865, 0.5, 0.5, 0.5, 0.5, 0.5, 0.5, 0.5, 0.5, 0.5, 0.5 * 1.00000, 0.00000, 0.00000 *   0
0.849, 0.831, 0.5, 0.5, 0.5, 0.5, 0.5, 0.5, 0.5, 0.5, 0.5, 0.5 * 1.00000, 0.00000, 0.00000 *   0
0.494, 0.973, 0.5, 0.5, 0.5, 0.5, 0.5, 0.5, 0.5, 0.5, 0.5, 0.5 * 0.99483, 0.10154, 0.00000 *   0
0.882, 0.366, 0.5, 0.5, 0.5, 0.5, 0.5, 0.5, 0.5, 0.5, 0.5, 0.5 * 1.00000, 0.00000, 0.00001 *   0
0.924, 0.170, 0.5, 0.5, 0.5, 0.5, 0.5, 0.5, 0.5, 0.5, 0.5, 0.5 * 1.00000, 0.00000, 0.00058 *   0
0.400, 0.892, 0.5, 0.5, 0.5, 0.5, 0.5, 0.5, 0.5, 0.5, 0.5, 0.5 * 1.00000, 0.00002, 0.00000 *   0
0.260, 0.877, 0.5, 0.5, 0.5, 0.5, 0.5, 0.5, 0.5, 0.5, 0.5, 0.5 * 1.00000, 0.00000, 0.00000 *   0
0.892, 0.712, 0.5, 0.5, 0.5, 0.5, 0.5, 0.5, 0.5, 0.5, 0.5, 0.5 * 1.00000, 0.00000, 0.00002 *   0
0.866, 0.623, 0.5, 0.5, 0.5, 0.5, 0.5, 0.5, 0.5, 0.5, 0.5, 0.5 * 1.00000, 0.00000, 0.00000 *   0
0.009, 0.996, 0.5, 0.5, 0.5, 0.5, 0.5, 0.5, 0.5, 0.5, 0.5, 0.5 * 0.49576, 0.86846, 0.00000 *   0
0.838, 0.155, 0.5, 0.5, 0.5, 0.5, 0.5, 0.5, 0.5, 0.5, 0.5, 0.5 * 1.00000, 0.00000, 0.00000 *   0
0.387, 0.956, 0.5, 0.5, 0.5, 0.5, 0.5, 0.5, 0.5, 0.5, 0.5, 0.5 * 0.99985, 0.01745, 0.00000 *   0
0.902, 0.851, 0.5, 0.5, 0.5, 0.5, 0.5, 0.5, 0.5, 0.5, 0.5, 0.5 * 1.00000, 0.00000, 0.00005 *   0
0.439, 0.854, 0.5, 0.5, 0.5, 0.5, 0.5, 0.5, 0.5, 0.5, 0.5, 0.5 * 1.00000, 0.00000, 0.00000 *   0
0.676, 0.870, 0.5, 0.5, 0.5, 0.5, 0.5, 0.5, 0.5, 0.5, 0.5, 0.5 * 1.00000, 0.00000, 0.00000 *   0
0.984, 0.004, 0.5, 0.5, 0.5, 0.5, 0.5, 0.5, 0.5, 0.5, 0.5, 0.5 * 0.95139, 0.00000, 0.30797 *   0
0.114, 0.881, 0.5, 0.5, 0.5, 0.5, 0.5, 0.5, 0.5, 0.5, 0.5, 0.5 * 1.00000, 0.00000, 0.00000 *   0
0.902, 0.432, 0.5, 0.5, 0.5, 0.5, 0.5, 0.5, 0.5, 0.5, 0.5, 0.5 * 1.00000, 0.00000, 0.00005 *   0
0.915, 0.101, 0.5, 0.5, 0.5, 0.5, 0.5, 0.5, 0.5, 0.5, 0.5, 0.5 * 1.00000, 0.00000, 0.00022 *   0
0.016, 0.845, 0.5, 0.5, 0.5, 0.5, 0.5, 0.5, 0.5, 0.5, 0.5, 0.5 * 1.00000, 0.00000, 0.00000 *   0
0.229, 0.893, 0.5, 0.5, 0.5, 0.5, 0.5, 0.5, 0.5, 0.5, 0.5, 0.5 * 1.00000, 0.00002, 0.00000 *   0
0.852, 0.601, 0.5, 0.5, 0.5, 0.5, 0.5, 0.5, 0.5, 0.5, 0.5, 0.5 * 1.00000, 0.00000, 0.00000 *   0
0.956, 0.589, 0.5, 0.5, 0.5, 0.5, 0.5, 0.5, 0.5, 0.5, 0.5, 0.5 * 0.99985, 0.00000, 0.01745 *   0
0.657, 0.859, 0.5, 0.5, 0.5, 0.5, 0.5, 0.5, 0.5, 0.5, 0.5, 0.5 * 1.00000, 0.00000, 0.00000 *   0
0.881, 0.675, 0.5, 0.5, 0.5, 0.5, 0.5, 0.5, 0.5, 0.5, 0.5, 0.5 * 1.00000, 0.00000, 0.00000 *   0
0.943, 0.916, 0.5, 0.5, 0.5, 0.5, 0.5, 0.5, 0.5, 0.5, 0.5, 0.5 * 0.99999, 0.00024, 0.00444 *   0
0.684, 0.911, 0.5, 0.5, 0.5, 0.5, 0.5, 0.5, 0.5, 0.5, 0.5, 0.5 * 1.00000, 0.00014, 0.00000 *   0
0.312, 0.943, 0.5, 0.5, 0.5, 0.5, 0.5, 0.5, 0.5, 0.5, 0.5, 0.5 * 0.99999, 0.00444, 0.00000 *   0
0.520, 0.895, 0.5, 0.5, 0.5, 0.5, 0.5, 0.5, 0.5, 0.5, 0.5, 0.5 * 1.00000, 0.00002, 0.00000 *   0
0.297, 0.905, 0.5, 0.5, 0.5, 0.5, 0.5, 0.5, 0.5, 0.5, 0.5, 0.5 * 1.00000, 0.00007, 0.00000 *   0
0.910, 0.874, 0.5, 0.5, 0.5, 0.5, 0.5, 0.5, 0.5, 0.5, 0.5, 0.5 * 1.00000, 0.00000, 0.00013 *   0
0.244, 0.912, 0.5, 0.5, 0.5, 0.5, 0.5, 0.5, 0.5, 0.5, 0.5, 0.5 * 1.00000, 0.00016, 0.00000 *   0
0.477, 0.995, 0.5, 0.5, 0.5, 0.5, 0.5, 0.5, 0.5, 0.5, 0.5, 0.5 * 0.58043, 0.81431, 0.00000 *   0
0.602, 0.836, 0.5, 0.5, 0.5, 0.5, 0.5, 0.5, 0.5, 0.5, 0.5, 0.5 * 1.00000, 0.00000, 0.00000 *   0
0.464, 0.849, 0.5, 0.5, 0.5, 0.5, 0.5, 0.5, 0.5, 0.5, 0.5, 0.5 * 1.00000, 0.00000, 0.00000 *   0
0.888, 0.102, 0.5, 0.5, 0.5, 0.5, 0.5, 0.5, 0.5, 0.5, 0.5, 0.5 * 1.00000, 0.00000, 0.00001 *   0
0.857, 0.910, 0.5, 0.5, 0.5, 0.5, 0.5, 0.5, 0.5, 0.5, 0.5, 0.5 * 1.00000, 0.00013, 0.00000 *   0
0.985, 0.935, 0.5, 0.5, 0.5, 0.5, 0.5, 0.5, 0.5, 0.5, 0.5, 0.5 * 0.94055, 0.00178, 0.33964 *   0
0.600, 0.968, 0.5, 0.5, 0.5, 0.5, 0.5, 0.5, 0.5, 0.5, 0.5, 0.5 * 0.99815, 0.06073, 0.00000 *   0
0.552, 0.920, 0.5, 0.5, 0.5, 0.5, 0.5, 0.5, 0.5, 0.5, 0.5, 0.5 * 1.00000, 0.00038, 0.00000 *   0
0.109, 0.869, 0.5, 0.5, 0.5, 0.5, 0.5, 0.5, 0.5, 0.5, 0.5, 0.5 * 1.00000, 0.00000, 0.00000 *   0
0.872, 0.285, 0.5, 0.5, 0.5, 0.5, 0.5, 0.5, 0.5, 0.5, 0.5, 0.5 * 1.00000, 0.00000, 0.00000 *   0
0.778, 0.936, 0.5, 0.5, 0.5, 0.5, 0.5, 0.5, 0.5, 0.5, 0.5, 0.5 * 1.00000, 0.00211, 0.00000 *   0
0.071, 0.963, 0.5, 0.5, 0.5, 0.5, 0.5, 0.5, 0.5, 0.5, 0.5, 0.5 * 0.99934, 0.03620, 0.00000 *   0
0.908, 0.622, 0.5, 0.5, 0.5, 0.5, 0.5, 0.5, 0.5, 0.5, 0.5, 0.5 * 1.00000, 0.00000, 0.00010 *   0
0.837, 0.818, 0.5, 0.5, 0.5, 0.5, 0.5, 0.5, 0.5, 0.5, 0.5, 0.5 * 1.00000, 0.00000, 0.00000 *   0
0.859, 0.133, 0.5, 0.5, 0.5, 0.5, 0.5, 0.5, 0.5, 0.5, 0.5, 0.5 * 1.00000, 0.00000, 0.00000 *   0
0.698, 0.890, 0.5, 0.5, 0.5, 0.5, 0.5, 0.5, 0.5, 0.5, 0.5, 0.5 * 1.00000, 0.00001, 0.00000 *   0
0.905, 0.258, 0.5, 0.5, 0.5, 0.5, 0.5, 0.5, 0.5, 0.5, 0.5, 0.5 * 1.00000, 0.00000, 0.00007 *   0
0.910, 0.867, 0.5, 0.5, 0.5, 0.5, 0.5, 0.5, 0.5, 0.5, 0.5, 0.5 * 1.00000, 0.00000, 0.00013 *   0
0.003, 0.901, 0.5, 0.5, 0.5, 0.5, 0.5, 0.5, 0.5, 0.5, 0.5, 0.5 * 1.00000, 0.00005, 0.00000 *   0
0.901, 0.876, 0.5, 0.5, 0.5, 0.5, 0.5, 0.5, 0.5, 0.5, 0.5, 0.5 * 1.00000, 0.00000, 0.00005 *   0
0.928, 0.110, 0.5, 0.5, 0.5, 0.5, 0.5, 0.5, 0.5, 0.5, 0.5, 0.5 * 1.00000, 0.00000, 0.00089 *   0
0.867, 0.166, 0.5, 0.5, 0.5, 0.5, 0.5, 0.5, 0.5, 0.5, 0.5, 0.5 * 1.00000, 0.00000, 0.00000 *   0
0.898, 0.900, 0.5, 0.5, 0.5, 0.5, 0.5, 0.5, 0.5, 0.5, 0.5, 0.5 * 1.00000, 0.00004, 0.00003 *   0
1.000, 0.204, 0.5, 0.5, 0.5, 0.5, 0.5, 0.5, 0.5, 0.5, 0.5, 0.5 * 0.00000, 0.00000, 1.00000 *   0
0.890, 0.125, 0.5, 0.5, 0.5, 0.5, 0.5, 0.5, 0.5, 0.5, 0.5, 0.5 * 1.00000, 0.00000, 0.00001 *   0
0.871, 0.072, 0.5, 0.5, 0.5, 0.5, 0.5, 0.5, 0.5, 0.5, 0.5, 0.5 * 1.00000, 0.00000, 0.00000 *   0
0.001, 0.006, 0.5, 0.5, 0.5, 0.5, 0.5, 0.5, 0.5, 0.5, 0.5, 0.5 * 1.00000, 0.00000, 0.00000 *   0
0.929, 0.090, 0.5, 0.5, 0.5, 0.5, 0.5, 0.5, 0.5, 0.5, 0.5, 0.5 * 1.00000, 0.00000, 0.00099 *   0
0.913, 0.820, 0.5, 0.5, 0.5, 0.5, 0.5, 0.5, 0.5, 0.5, 0.5, 0.5 * 1.00000, 0.00000, 0.00018 *   0
0.883, 0.626, 0.5, 0.5, 0.5, 0.5, 0.5, 0.5, 0.5, 0.5, 0.5, 0.5 * 1.00000, 0.00000, 0.00001 *   0
0.960, 0.775, 0.5, 0.5, 0.5, 0.5, 0.5, 0.5, 0.5, 0.5, 0.5, 0.5 * 0.99965, 0.00000, 0.02650 *   0
0.667, 0.879, 0.5, 0.5, 0.5, 0.5, 0.5, 0.5, 0.5, 0.5, 0.5, 0.5 * 1.00000, 0.00000, 0.00000 *   0
0.113, 0.861, 0.5, 0.5, 0.5, 0.5, 0.5, 0.5, 0.5, 0.5, 0.5, 0.5 * 1.00000, 0.00000, 0.00000 *   0
0.304, 0.992, 0.5, 0.5, 0.5, 0.5, 0.5, 0.5, 0.5, 0.5, 0.5, 0.5 * 0.76256, 0.64692, 0.00000 *   0
0.885, 0.186, 0.5, 0.5, 0.5, 0.5, 0.5, 0.5, 0.5, 0.5, 0.5, 0.5 * 1.00000, 0.00000, 0.00001 *   0
0.985, 0.338, 0.5, 0.5, 0.5, 0.5, 0.5, 0.5, 0.5, 0.5, 0.5, 0.5 * 0.94056, 0.00000, 0.33964 *   0
0.833, 0.925, 0.5, 0.5, 0.5, 0.5, 0.5, 0.5, 0.5, 0.5, 0.5, 0.5 * 1.00000, 0.00065, 0.00000 *   0
0.903, 0.984, 0.5, 0.5, 0.5, 0.5, 0.5, 0.5, 0.5, 0.5, 0.5, 0.5 * 0.95139, 0.30797, 0.00006 *   0
0.898, 0.136, 0.5, 0.5, 0.5, 0.5, 0.5, 0.5, 0.5, 0.5, 0.5, 0.5 * 1.00000, 0.00000, 0.00003 *   0
0.889, 0.077, 0.5, 0.5, 0.5, 0.5, 0.5, 0.5, 0.5, 0.5, 0.5, 0.5 * 1.00000, 0.00000, 0.00001 *   0
0.411, 0.005, 0.5, 0.5, 0.5, 0.5, 0.5, 0.5, 0.5, 0.5, 0.5, 0.5 * 1.00000, 0.00000, 0.00000 *   0
0.946, 0.101, 0.5, 0.5, 0.5, 0.5, 0.5, 0.5, 0.5, 0.5, 0.5, 0.5 * 0.99998, 0.00000, 0.00610 *   0
0.904, 0.191, 0.5, 0.5, 0.5, 0.5, 0.5, 0.5, 0.5, 0.5, 0.5, 0.5 * 1.00000, 0.00000, 0.00007 *   0
0.922, 0.222, 0.5, 0.5, 0.5, 0.5, 0.5, 0.5, 0.5, 0.5, 0.5, 0.5 * 1.00000, 0.00000, 0.00047 *   0
0.207, 0.994, 0.5, 0.5, 0.5, 0.5, 0.5, 0.5, 0.5, 0.5, 0.5, 0.5 * 0.65205, 0.75818, 0.00000 *   0
0.869, 0.547, 0.5, 0.5, 0.5, 0.5, 0.5, 0.5, 0.5, 0.5, 0.5, 0.5 * 1.00000, 0.00000, 0.00000 *   0
0.865, 0.094, 0.5, 0.5, 0.5, 0.5, 0.5, 0.5, 0.5, 0.5, 0.5, 0.5 * 1.00000, 0.00000, 0.00000 *   0
0.233, 0.927, 0.5, 0.5, 0.5, 0.5, 0.5, 0.5, 0.5, 0.5, 0.5, 0.5 * 1.00000, 0.00080, 0.00000 *   0
0.816, 0.926, 0.5, 0.5, 0.5, 0.5, 0.5, 0.5, 0.5, 0.5, 0.5, 0.5 * 1.00000, 0.00072, 0.00000 *   0
0.944, 0.451, 0.5, 0.5, 0.5, 0.5, 0.5, 0.5, 0.5, 0.5, 0.5, 0.5 * 0.99999, 0.00000, 0.00494 *   0
0.336, 0.848, 0.5, 0.5, 0.5, 0.5, 0.5, 0.5, 0.5, 0.5, 0.5, 0.5 * 1.00000, 0.00000, 0.00000 *   0
0.435, 0.003, 0.5, 0.5, 0.5, 0.5, 0.5, 0.5, 0.5, 0.5, 0.5, 0.5 * 1.00000, 0.00000, 0.00000 *   0
