0.0065320744209607, 0.9994448176582552, 0.9096437883142586, 0.2400581390783461, 0.8760033901203440, 0.9801836199966183, 0.0069869901086143, 0.6430537526696239, 0.0966079608055800, 0.5, 0.5, 0.5, 0.5, 0.5, 0.5, 0.5, 0.5, 0.5, 0.5 * 0.0000003631172071, 0.0000000555304724, 0.0000005850172194, 0.0000000075817572, 0.0000221862596049, 0.0001125184648926, 0.0000454199190612, 0.0008632637882347, 0.9999469806910702, 0.0102603784707497 *   0
0.0083384257780101, 0.9981529400675339, 0.9003368266394067, 0.9579633120251648, 0.5792431284576856, 0.3864178975980812, 0.2292070431770790, 0.9535588933870005, 0.8781533236047967, 0.5, 0.5, 0.5, 0.5, 0.5, 0.5, 0.5, 0.5, 0.5, 0.5 * 0.0000001952594735, 0.0000010076962536, 0.0000140455764212, 0.0000053014977225, 0.0000104498072743, 0.0000235605928186, 0.0004513305291417, 0.0028656243524639, 0.9999100142694981, 0.0130975940790080 *   0
0.0164757627139221, 0.9997997167519292, 0.9114596508031058, 0.4326358374360184, 0.0798085756040218, 0.2017046507455896, 0.9255286841306504, 0.7795323728488444, 0.4904523838732636, 0.5, 0.5, 0.5, 0.5, 0.5, 0.5, 0.5, 0.5, 0.5, 0.5 * 0.0000009089503178, 0.0000008820874647, 0.0000035100178157, 0.0000317536368706, 0.0000104831103834, 0.0000042403130338, 0.0000274007661988, 0.0003114620691992, 0.9996650802717723, 0.0258771786660527 *   0
0.0283088260462083, 0.9999164477921634, 0.3283650057056756, 0.3233516455271056, 0.1441904144101732, 0.7038527357875615, 0.9739648508718074, 0.8624478936486170, 0.0705935512998111, 0.5, 0.5, 0.5, 0.5, 0.5, 0.5, 0.5, 0.5, 0.5, 0.5 * 0.0000003794975083, 0.0000000422550883, 0.0000017396604054, 0.0000435270908213, 0.0000867927453728, 0.0000223792832639, 0.0000554723393062, 0.0000646687414755, 0.9990114794683213, 0.0444527468183530 *   0
0.0010899081831285, 0.9527945527587061, 0.5642276353036182, 0.9990138127463934, 0.2936035600926744, 0.7976830563497185, 0.8745129396554608, 0.7611001808015165, 0.8594188065544790, 0.5, 0.5, 0.5, 0.5, 0.5, 0.5, 0.5, 0.5, 0.5, 0.5 * 0.0000003192372411, 0.0000014220857293, 0.0000036998355300, 0.0000199118841341, 0.0000617272873105, 0.0000322913261300, 0.0468415531579615, 0.0573935690009956, 0.9972506760324941, 0.0017120229342713 *   0
0.0427761972149723, 0.9971343870261379, 0.9912927676883027, 0.9058249815859948, 0.8208998478115070, 0.4609921818883122, 0.4710046516130700, 0.3720874667037686, 0.9733575344892952, 0.5, 0.5, 0.5, 0.5, 0.5, 0.5, 0.5, 0.5, 0.5, 0.5 * 0.0000000485218073, 0.0000011587480945, 0.0000007672777644, 0.0000012693653665, 0.0000016651617968, 0.0000086974853686, 0.0000607535937213, 0.0044907015705715, 0.9977333122287307, 0.0671421439598630 *   0
0.0513453614205799, 0.9999757222831136, 0.8901612748811772, 0.0644209282772713, 0.4530646276907365, 0.8702951589926589, 0.0932149580182577, 0.2227690332675208, 0.9917213786354854, 0.5, 0.5, 0.5, 0.5, 0.5, 0.5, 0.5, 0.5, 0.5, 0.5 * 0.0000000120217209, 0.0000009244092051, 0.0000003373854292, 0.0000001451362454, 0.0000048148105739, 0.0000042401888703, 0.0000006592309822, 0.0000374470212458, 0.9967493002949247, 0.0805656931746561 *   0
0.0045050564243016, 0.9998894920572123, 0.0728297545913745, 0.1704091267522467, 0.3773338852344704, 0.3581951783775330, 0.8839103443938822, 0.9670594483460576, 0.0447452087163670, 0.5, 0.5, 0.5, 0.5, 0.5, 0.5, 0.5, 0.5, 0.5, 0.5 * 0.0000010915949538, 0.0000000768500064, 0.0000211298568807, 0.0001147395827667, 0.0000735804652441, 0.0000929005654232, 0.0000456108670963, 0.0000198145173598, 0.9999749464282042, 0.0070764670213174 *   0
0.0440212409217009, 0.9996242495251932, 0.8819014378273401, 0.3047116819325423, 0.5942374372827994, 0.9404533197826023, 0.5020795606552062, 0.3080464165229567, 0.5675269107183101, 0.5, 0.5, 0.5, 0.5, 0.5, 0.5, 0.5, 0.5, 0.5, 0.5 * 0.0000021001454530, 0.0000026006411431, 0.0000017567802127, 0.0000038010227308, 0.0000571156175343, 0.0000774735172492, 0.0000500206000417, 0.0005787143005373, 0.9976100278390463, 0.0690933111786337 *   0
0.0080223828591511, 0.9704081611570009, 0.8765427707119579, 0.4359256426971059, 0.9050038856943156, 0.9939046208718347, 0.3159954749587902, 0.3032482966330127, 0.8886091815720355, 0.5, 0.5, 0.5, 0.5, 0.5, 0.5, 0.5, 0.5, 0.5, 0.5 * 0.0000013429060381, 0.0000075964800251, 0.0000039803249165, 0.0000047013403531, 0.0010310252215276, 0.0068584065079513, 0.0056631543914334, 0.0455913974152226, 0.9988405589346224, 0.0126011960125163 *   0
0.0920746690091093, 0.9999850406311382, 0.0856697960224328, 0.8940177852725693, 0.9823606568306501, 0.2990823403462220, 0.8464307705156648, 0.6127495265625182, 0.6374533663678231, 0.5, 0.5, 0.5, 0.5, 0.5, 0.5, 0.5, 0.5, 0.5, 0.5 * 0.0000000069433040, 0.0000000108447623, 0.0000000184914352, 0.0000000915928113, 0.0000000478892815, 0.0000038168837275, 0.0000227239890519, 0.0000031196866916, 0.9895592205261051, 0.1441268487516306 *   0
0.0289175864443731, 0.9135331078029858, 0.9838596573024334, 0.9756490429749941, 0.6972788007451588, 0.9186106603213635, 0.3218401280799136, 0.3015916530515960, 0.2663177234429483, 0.5, 0.5, 0.5, 0.5, 0.5, 0.5, 0.5, 0.5, 0.5, 0.5 * 0.0000054450493392, 0.0000024207168775, 0.0000030549987763, 0.0000037066094952, 0.0000595406522187, 0.0001165820118068, 0.0034265237470612, 0.1352215266740627, 0.9897684033204189, 0.0454080196932215 *   0
0.0863957819931189, 0.0936459559452003, 0.9742799959957040, 0.9999132370575858, 0.1606989899467207, 0.8785410588041604, 0.7841471185833900, 0.3690684015718607, 0.0876076925022563, 0.5, 0.5, 0.5, 0.5, 0.5, 0.5, 0.5, 0.5, 0.5, 0.5 * 0.0000002730532513, 0.0000000378149163, 0.0000001804974223, 0.0000009342606053, 0.0000051293377885, 0.0000013474439682, 0.0395863516987477, 0.9793055011573124, 0.1452211822279902, 0.1352939923477979 *   0
0.0056040016960371, 0.9888650886662608, 0.4141897966219996, 0.8387014413432691, 0.8555111446676362, 0.9213297599560254, 0.9655639929536562, 0.6862999958388042, 0.6477051436191914, 0.5, 0.5, 0.5, 0.5, 0.5, 0.5, 0.5, 0.5, 0.5, 0.5 * 0.0000013005533485, 0.0000021052380342, 0.0000046086662995, 0.0000966112008383, 0.0007789583148196, 0.0033988843810607, 0.0134720646708396, 0.0105926311332584, 0.9998083040083253, 0.0088026315949309 *   0
0.0463042785629184, 0.3733804879586122, 0.9970720610567704, 0.2390718107293694, 0.8866724618182855, 0.9956878828796036, 0.5910748208831412, 0.3374593268788696, 0.7020709624989289, 0.5, 0.5, 0.5, 0.5, 0.5, 0.5, 0.5, 0.5, 0.5, 0.5 * 0.0000009938969104, 0.0000019664203718, 0.0000012912018885, 0.0000034133156447, 0.0006293482983455, 0.0034980337275536, 0.0014012164331505, 0.8306693323406162, 0.5519899151873187, 0.0726704760916486 *   0
0.0379902911549389, 0.5919647568799391, 0.0862702625274054, 0.9929985138555051, 0.8902091695415830, 0.9925951133447677, 0.7583462510995317, 0.6762551859376278, 0.8420114549072513, 0.5, 0.5, 0.5, 0.5, 0.5, 0.5, 0.5, 0.5, 0.5, 0.5 * 0.0000005753118526, 0.0000022704492107, 0.0000042017182791, 0.0000120581809767, 0.0011160758990689, 0.0064076888840449, 0.5913770759213951, 0.0806383488709599, 0.8001071333606091, 0.0596395979254300 *   0
0.0417855908357471, 0.9361596414522080, 0.3165398297442775, 0.9983317218713145, 0.8362251631152934, 0.8563537955546536, 0.6005380827004733, 0.5025481933274065, 0.7936472398199361, 0.5, 0.5, 0.5, 0.5, 0.5, 0.5, 0.5, 0.5, 0.5, 0.5 * 0.0000017247413373, 0.0000051333368201, 0.0000054588637584, 0.0000106022232607, 0.0000570557709961, 0.0002225111493467, 0.0878000710488426, 0.0476490653099245, 0.9928336588878102, 0.0655895337706206 *   0
0.1336866142850772, 0.9999358942731916, 0.5413965762319959, 0.5584760189794358, 0.3051202293974907, 0.9482849160899803, 0.9375986787199968, 0.1772877043938673, 0.4424417542491302, 0.5, 0.5, 0.5, 0.5, 0.5, 0.5, 0.5, 0.5, 0.5, 0.5 * 0.0000002161075466, 0.0000001801803099, 0.0000000804463472, 0.0000029759676081, 0.0000367302592636, 0.0000191518073776, 0.0000499586860648, 0.0000740173383736, 0.9780320682328800, 0.2084544645931882 *   0
0.0956751658095397, 0.0649274131585506, 0.9953989749752912, 0.9950974881626188, 0.9298670421959213, 0.5540794076184180, 0.0745867346760755, 0.5420199504783469, 0.7889070845157407, 0.5, 0.5, 0.5, 0.5, 0.5, 0.5, 0.5, 0.5, 0.5, 0.5 * 0.0000008264259028, 0.0000024003379621, 0.0000028979862717, 0.0000004534555884, 0.0000046013949714, 0.0000544099837853, 0.0071084052948897, 0.9835649076227019, 0.1006634431821884, 0.1497211116621436 *   0
0.1347497804717858, 0.9994318224487043, 0.9895053999449617, 0.6247635272446850, 0.6191474951892847, 0.5014001436072403, 0.5119425535723300, 0.1188106416346555, 0.8150214742939088, 0.5, 0.5, 0.5, 0.5, 0.5, 0.5, 0.5, 0.5, 0.5, 0.5 * 0.0000006204684151, 0.0000020749601460, 0.0000004089456075, 0.0000022882964480, 0.0000031911079927, 0.0000066069373604, 0.0000119565646958, 0.0008724544409514, 0.9776821975138777, 0.2100875038663540 *   0
0.1371072014500886, 0.9973102845239036, 0.4475018267740969, 0.1132722436977887, 0.9999172231182071, 0.4751992679551240, 0.0786303147108435, 0.4605237173198367, 0.8622842057898101, 0.5, 0.5, 0.5, 0.5, 0.5, 0.5, 0.5, 0.5, 0.5, 0.5 * 0.0000000472333528, 0.0000002149293856, 0.0000001943294109, 0.0000000364463062, 0.0000002736381108, 0.0030992622026911, 0.0005573382656228, 0.0026681803891861, 0.9768892064447051, 0.2137064413931863 *   0
0.0523213213553286, 0.4898553939954636, 0.9979373384257487, 0.2121330207270258, 0.7402150960360724, 0.8739057848574155, 0.9944683052573671, 0.5724545538297177, 0.9397320253493879, 0.5, 0.5, 0.5, 0.5, 0.5, 0.5, 0.5, 0.5, 0.5, 0.5 * 0.0000000874721170, 0.0000009212193190, 0.0000011642123893, 0.0001711483862546, 0.0008527904292905, 0.0020118451968506, 0.0007586411470009, 0.7158561132277573, 0.6934012391005434, 0.0820936487512597 *   0
0.0397906787878790, 0.9992423751387942, 0.3340559463640935, 0.7873775082581572, 0.2252878664179183, 0.5612978835409963, 0.8637357143982014, 0.9472050973899686, 0.4712317467067538, 0.5, 0.5, 0.5, 0.5, 0.5, 0.5, 0.5, 0.5, 0.5, 0.5 * 0.0000026110434856, 0.0000023851178150, 0.0000425457275718, 0.0001964015845535, 0.0002439638891780, 0.0001167751713980, 0.0009711458348679, 0.0005950423003297, 0.9980466133089467, 0.0624623639636104 *   0
0.1429301626714553, 0.9997138055040100, 0.8081711236425541, 0.8530343900681634, 0.4782879573657587, 0.5209769948948999, 0.0924102394340608, 0.1456523938782757, 0.1678810176290018, 0.5, 0.5, 0.5, 0.5, 0.5, 0.5, 0.5, 0.5, 0.5, 0.5 * 0.0000138296972886, 0.0000037339448408, 0.0000033358066436, 0.0000021501275108, 0.0000158778510069, 0.0000203147541275, 0.0001266214690264, 0.0004185239711059, 0.9749022842702748, 0.2226327559986189 *   0
0.0730684772474079, 0.9949472653656021, 0.7221519568572529, 0.4497319857821483, 0.9261737228027422, 0.9386823107202921, 0.0716132088897811, 0.1284857430162308, 0.3915985247081139, 0.5, 0.5, 0.5, 0.5, 0.5, 0.5, 0.5, 0.5, 0.5, 0.5 * 0.0000224296982005, 0.0000158481437937, 0.0000056193666272, 0.0000031667605411, 0.0002919893130662, 0.0025182612212678, 0.0021634965903940, 0.0071454285403450, 0.9933892083672946, 0.1145238627521782 *   0
0.0893228119655153, 0.7347067323209283, 0.8701304564579067, 0.1735897721599740, 0.9998781564644902, 0.8766962261296325, 0.7970926281051210, 0.3347710088522970, 0.1482925774288795, 0.5, 0.5, 0.5, 0.5, 0.5, 0.5, 0.5, 0.5, 0.5, 0.5 * 0.0000007596039803, 0.0000001802114708, 0.0000004530844321, 0.0000027354710242, 0.0000146858895168, 0.0781943500384745, 0.0218662121671662, 0.3924766595936072, 0.9054347627187280, 0.1398480400229925 *   0
0.0457732486751737, 0.8783370046309833, 0.9533557253672535, 0.8150130933220560, 0.4029801797135641, 0.9819506006231301, 0.9177068676416329, 0.4024604323331548, 0.9508240930507071, 0.5, 0.5, 0.5, 0.5, 0.5, 0.5, 0.5, 0.5, 0.5, 0.5 * 0.0000007288096130, 0.0000094162253496, 0.0000069176754069, 0.0000900593295716, 0.0032023462724780, 0.0023505679692523, 0.0132873645560848, 0.1889475598688462, 0.9792577314785813, 0.0718385165703243 *   0
0.0876934291271928, 0.9904744136102844, 0.6248394961584544, 0.9824048993095779, 0.6213371644827245, 0.8223346368513696, 0.4841859273073198, 0.1053196555493957, 0.3629416038109649, 0.5, 0.5, 0.5, 0.5, 0.5, 0.5, 0.5, 0.5, 0.5, 0.5 * 0.0000211357355545, 0.0000135505427597, 0.0000041918246613, 0.0000242198481704, 0.0001226140395182, 0.0001885330467094, 0.0082337731899126, 0.0123206948612290, 0.9904167855834163, 0.1373133077250178 *   0
0.1286147693771006, 0.6578552381404933, 0.9777972721391345, 0.9909394481177159, 0.8388667902158884, 0.9639149308036616, 0.3167129709928823, 0.9385414682042512, 0.1700049634883203, 0.5, 0.5, 0.5, 0.5, 0.5, 0.5, 0.5, 0.5, 0.5, 0.5 * 0.0000002884698229, 0.0000000789188308, 0.0000030882969848, 0.0000016849448415, 0.0000622231126760, 0.0002409514460171, 0.0174859000450499, 0.5012214318405553, 0.8415511764931797, 0.2006561112064170 *   0
0.0909473281777219, 0.9949750537029352, 0.9518502177446383, 0.3505100954093552, 0.8177220508538755, 0.5878451855796599, 0.2028318290611877, 0.0834804643334264, 0.8879774696603312, 0.5, 0.5, 0.5, 0.5, 0.5, 0.5, 0.5, 0.5, 0.5, 0.5 * 0.0000141245080482, 0.0000794388549018, 0.0000106413236039, 0.0000268439090568, 0.0001133358443543, 0.0004826162020734, 0.0003088534170767, 0.0077903422427905, 0.9897820586999363, 0.1423742896233165 *   0
0.0141448313436214, 0.6993136637375288, 0.6295998467270284, 0.9986110301681845, 0.5421280183559880, 0.8795924255995045, 0.7579268458103421, 0.6953055810627088, 0.6252989431960969, 0.5, 0.5, 0.5, 0.5, 0.5, 0.5, 0.5, 0.5, 0.5, 0.5 * 0.0000064101690430, 0.0000096032549322, 0.0000222533230196, 0.0000627229722541, 0.0003528700223639, 0.0004102762728162, 0.2499550398458732, 0.3800003565360170, 0.8902967609419745, 0.0222168210554401 *   0
0.0441087284330785, 0.1921491651759246, 0.9986811699339566, 0.8515053432674637, 0.7545300786171715, 0.1820396376690080, 0.8994036078915948, 0.5849384235148032, 0.7744396411694771, 0.5, 0.5, 0.5, 0.5, 0.5, 0.5, 0.5, 0.5, 0.5, 0.5 * 0.0000054516574867, 0.0000147374034684, 0.0000205853873324, 0.0001625235215360, 0.0000483854449525, 0.0004226133156478, 0.0019197824831134, 0.9525020331288515, 0.2965520763982163, 0.0692304071690873 *   0
0.1516944659648903, 0.9750274731661321, 0.8445702180473926, 0.7472257547766090, 0.9196208547426484, 0.8376766535628944, 0.9946742802833552, 0.9261459763749251, 0.3618159710251800, 0.5, 0.5, 0.5, 0.5, 0.5, 0.5, 0.5, 0.5, 0.5, 0.5 * 0.0000000923344216, 0.0000000589673391, 0.0000009401403454, 0.0001131392701192, 0.0004340808643046, 0.0035339802821801, 0.0084953414758636, 0.0369784628969272, 0.9709975895837477, 0.2360326528964141 *   0
0.2052719836147837, 0.9921092214026066, 0.1845489070678823, 0.8132511795560137, 0.9946687938620656, 0.0616025622289640, 0.9625689149659914, 0.3415854504991255, 0.8649276759777813, 0.5, 0.5, 0.5, 0.5, 0.5, 0.5, 0.5, 0.5, 0.5, 0.5 * 0.0000002887565965, 0.0000013404774643, 0.0000008155567937, 0.0000271034312106, 0.0000026354362769, 0.0032572892419799, 0.0107840110738547, 0.0033603259910475, 0.9483920433541180, 0.3168822095664269 *   0
0.0661968794028260, 0.8477405918984398, 0.9101700242190482, 0.9681239630878549, 0.0198727138433013, 0.3597943262941178, 0.9961492996644924, 0.9122723098435775, 0.6652410978755173, 0.5, 0.5, 0.5, 0.5, 0.5, 0.5, 0.5, 0.5, 0.5, 0.5 * 0.0000005838242534, 0.0000010060040852, 0.0000083871462397, 0.0013998643387499, 0.0008877628945783, 0.0000517620994989, 0.0330946668781748, 0.2332736476859203, 0.9662877893550129, 0.1037945372781925 *   0
0.0039581968467488, 0.2801852031984298, 0.9996259333564089, 0.5799632759671487, 0.3716174794228829, 0.3841810656637796, 0.7906017628454611, 0.8154298247841326, 0.2736778465442722, 0.5, 0.5, 0.5, 0.5, 0.5, 0.5, 0.5, 0.5, 0.5, 0.5 * 0.0000187910525789, 0.0000086155191461, 0.0000692927952913, 0.0002118552181204, 0.0001542911812927, 0.0001795804344479, 0.0004200097840376, 0.9046855050277166, 0.4260342678096177, 0.0062174810086408 *   0
0.2520260723549994, 0.9870212781182589, 0.9984384062692702, 0.5184491148770084, 0.3226767942880638, 0.1277638055047783, 0.8177268867463464, 0.0806140285360692, 0.6610726577514190, 0.5, 0.5, 0.5, 0.5, 0.5, 0.5, 0.5, 0.5, 0.5, 0.5 * 0.0000038577434716, 0.0000065482443225, 0.0000009675656171, 0.0000260237055056, 0.0000055186442000, 0.0000153711697200, 0.0000335553952405, 0.0188087818111682, 0.9224652138867844, 0.3856217794250800 *   0
0.0343748834144207, 0.9510743962372999, 0.3029778177398154, 0.9569418006376093, 0.1114511108544893, 0.9666163101636881, 0.3289573231381165, 0.9736141357448018, 0.8339130821795729, 0.5, 0.5, 0.5, 0.5, 0.5, 0.5, 0.5, 0.5, 0.5, 0.5 * 0.0000022088692591, 0.0000082737434706, 0.0002064964118900, 0.0001174365055040, 0.0045288982173433, 0.0008021637967016, 0.0679893314913199, 0.0351241503096184, 0.9955952012611634, 0.0539697063442048 *   0
0.2031270224615592, 0.9748061066376074, 0.1547333123882922, 0.9613796570158469, 0.3089889782988415, 0.9942615451264482, 0.3846544541347094, 0.7340902382201004, 0.6230365348155781, 0.5, 0.5, 0.5, 0.5, 0.5, 0.5, 0.5, 0.5, 0.5, 0.5 * 0.0000032839344532, 0.0000048820918581, 0.0000132576192819, 0.0000100131190576, 0.0019552681258913, 0.0010313307276652, 0.0363959576235737, 0.0090412487924060, 0.9487837352798860, 0.3136847569298260 *   0
0.0497935568214364, 0.9875267217808993, 0.3113333621580775, 0.0265724971082865, 0.9952678605892080, 0.0523513439355191, 0.6692989671925543, 0.2821680974597894, 0.0110857230662767, 0.5, 0.5, 0.5, 0.5, 0.5, 0.5, 0.5, 0.5, 0.5, 0.5 * 0.0000572225945118, 0.0000009965414034, 0.0000271694430526, 0.0001107859123846, 0.0000105184147744, 0.0172268850936733, 0.0007194876043903, 0.0091756582308698, 0.9967513745635803, 0.0781358110692369 *   0
0.3401217969786943, 0.9979116404419354, 0.9048290825005756, 0.7765082417877895, 0.9685041578339898, 0.5109172917487645, 0.8083978238554661, 0.2176629617892499, 0.8048000264935196, 0.5, 0.5, 0.5, 0.5, 0.5, 0.5, 0.5, 0.5, 0.5, 0.5 * 0.0000004188935490, 0.0000013230833888, 0.0000004938955223, 0.0000047457789922, 0.0000051425630584, 0.0001444260797816, 0.0003948418130556, 0.0027917539141196, 0.8606399916712173, 0.5092060820887373 *   0
0.2132003936978059, 0.2824370312888348, 0.9893587804349878, 0.7428087115952786, 0.9655467714022598, 0.9772163741184475, 0.9600039156898874, 0.6235003925969360, 0.2338700849720603, 0.5, 0.5, 0.5, 0.5, 0.5, 0.5, 0.5, 0.5, 0.5, 0.5 * 0.0000003543734198, 0.0000001363741299, 0.0000005653860571, 0.0000108261673926, 0.0003029731956031, 0.0055963942570655, 0.0131098533498693, 0.8528946202581649, 0.4053935004205091, 0.3286694338655862 *   0
0.0446297177321416, 0.9262180812313305, 0.9930102713373538, 0.3009503545709655, 0.7386856268805850, 0.1955220900455127, 0.9507931219184739, 0.4759137036632345, 0.5600654308498211, 0.5, 0.5, 0.5, 0.5, 0.5, 0.5, 0.5, 0.5, 0.5, 0.5 * 0.0000154793737435, 0.0000187152646631, 0.0000225156642579, 0.0004276193486629, 0.0001360302518218, 0.0010339224272434, 0.0005766567401159, 0.1153460971709641, 0.9908517150946364, 0.0700467884595610 *   0
0.2420190126830800, 0.9567066221296352, 0.0247433199662451, 0.9950794144510662, 0.5431533160354725, 0.0630257800514930, 0.9876437638828734, 0.1093716235409359, 0.0314718322043642, 0.5, 0.5, 0.5, 0.5, 0.5, 0.5, 0.5, 0.5, 0.5, 0.5 * 0.0000060907492435, 0.0000003013468229, 0.0000010581046609, 0.0003188467390194, 0.0000316755384894, 0.0003671589443483, 0.0630516082303559, 0.0024519169245351, 0.9264578939808045, 0.3710714432195404 *   0
0.0388923064055351, 0.9844721876943821, 0.9515632986796849, 0.5841648599990480, 0.4844463833069645, 0.7059681232580767, 0.0266165770714248, 0.8399378656595656, 0.7167219574175412, 0.5, 0.5, 0.5, 0.5, 0.5, 0.5, 0.5, 0.5, 0.5, 0.5 * 0.0000388248666646, 0.0000814162223948, 0.0003511620373126, 0.0000151672472153, 0.0007290043706447, 0.0007754776773348, 0.0014694432800928, 0.0242726896915405, 0.9978375791420596, 0.0610538977437546 *   0
0.2047664449572407, 0.9653667216027932, 0.8215089011106216, 0.7761470790841370, 0.4343283862966711, 0.9919033898002949, 0.7648213271819154, 0.4317245429529457, 0.9336370564688170, 0.5, 0.5, 0.5, 0.5, 0.5, 0.5, 0.5, 0.5, 0.5, 0.5 * 0.0000014199358569, 0.0000135720707725, 0.0000109934498585, 0.0000452577457562, 0.0038157506340585, 0.0031000722627567, 0.0134012842045481, 0.0495721070516061, 0.9473126913694715, 0.3161289354016633 *   0
0.1193306334872407, 0.8836813973652577, 0.9628306431522735, 0.8088784254197396, 0.8563550924213394, 0.7921399775855895, 0.9383470145698390, 0.5390585933528182, 0.9156809942404185, 0.5, 0.5, 0.5, 0.5, 0.5, 0.5, 0.5, 0.5, 0.5, 0.5 * 0.0000018697720107, 0.0000140343829087, 0.0000160117451048, 0.0002200115283446, 0.0006527784085162, 0.0030024042554670, 0.0099508732921956, 0.1782110647797676, 0.9661296922155939, 0.1863483966051591 *   0
0.2735921425156259, 0.9321875706930587, 0.9934615446224164, 0.2348887255577784, 0.9758596713542285, 0.6882149794549751, 0.7997304796239969, 0.3302458451736001, 0.2266847604078635, 0.5, 0.5, 0.5, 0.5, 0.5, 0.5, 0.5, 0.5, 0.5, 0.5 * 0.0000041583296702, 0.0000015466034757, 0.0000025328804358, 0.0000157004488846, 0.0000309729718241, 0.0009251697533654, 0.0003579926300319, 0.0966452424658684, 0.9039143541761416, 0.4166503955276155 *   0
0.4032122648336051, 0.9777282723121943, 0.9268606518985986, 0.9652816578584172, 0.9901547082653990, 0.9636669307777970, 0.1733257324310605, 0.4308681876542364, 0.0658958638393767, 0.5, 0.5, 0.5, 0.5, 0.5, 0.5, 0.5, 0.5, 0.5, 0.5 * 0.0000001160560167, 0.0000000120559270, 0.0000000937402660, 0.0000000417871297, 0.0000027198468526, 0.0001761444788446, 0.0032270914226627, 0.0280072060517523, 0.8055476449107886, 0.5918599015261192 *   0
0.1113904165622734, 0.7567716100051867, 0.2110308107040035, 0.2263173210557165, 0.9694829978838018, 0.9976960769843758, 0.7545144999187973, 0.9151802733145562, 0.7355823664626024, 0.5, 0.5, 0.5, 0.5, 0.5, 0.5, 0.5, 0.5, 0.5, 0.5 * 0.0000011378246627, 0.0000025800881362, 0.0000210391067963, 0.0000522928837861, 0.0155946132702700, 0.3250744830951798, 0.1208298996955818, 0.1194860176393006, 0.9137300950399339, 0.1740802275928573 *   0
0.9928595870700011, 0.9770968463165205, 0.9938310114638093, 0.8082874039226619, 0.1422289391710558, 0.5280474515296740, 0.8881909357794519, 0.3934304702065096, 0.9188857976900813, 0.5, 0.5, 0.5, 0.5, 0.5, 0.5, 0.5, 0.5, 0.5, 0.5 * 0.0000000138166663, 0.0000001078517984, 0.0000000772976419, 0.0000007517768161, 0.0000008339472639, 0.0000002568964369, 0.0000037332350124, 0.0004033993416169, 0.0112086417265368, 0.9999370998239518 *   0
0.9983638515688310, 0.9737245142337515, 0.8308530062580728, 0.0869323052870726, 0.9562199050356727, 0.0427693687578521, 0.5709241687184778, 0.8465834310495217, 0.6053584071832515, 0.5, 0.5, 0.5, 0.5, 0.5, 0.5, 0.5, 0.5, 0.5, 0.5 * 0.0000001636616127, 0.0000002292948865, 0.0000011462760519, 0.0000014777532387, 0.0000001272536323, 0.0000275208756512, 0.0000037905503670, 0.0001023237102404, 0.0025678643888979, 0.9999966974080357 *   0
0.0511240130528454, 0.7477543576377231, 0.9982379050917168, 0.6891364365299868, 0.7683094175384889, 0.2382574259481660, 0.6478608020804174, 0.6674937562399981, 0.0686658593214424, 0.5, 0.5, 0.5, 0.5, 0.5, 0.5, 0.5, 0.5, 0.5, 0.5 * 0.0000431242424068, 0.0000046695063077, 0.0000753559034964, 0.0001408224624081, 0.0000650034958490, 0.0004668080179375, 0.0009403535853555, 0.3846947200740332, 0.9195508308317961, 0.0802191253547838 *   0
0.1854664898409818, 0.9432479962442294, 0.0486203748959212, 0.9929775637541793, 0.0832100250214385, 0.9177926368628594, 0.6111501495405800, 0.2652508706158264, 0.1817511511881608, 0.5, 0.5, 0.5, 0.5, 0.5, 0.5, 0.5, 0.5, 0.5, 0.5 * 0.0000602601214390, 0.0000176870764255, 0.0000277941475982, 0.0000980947544693, 0.0009221650522841, 0.0001222413861004, 0.0850226680181596, 0.0065064615255354, 0.9540591501642082, 0.2872265137463619 *   0
0.0882450933979103, 0.3997221851720112, 0.9973594066674633, 0.6091080268887374, 0.0586443571646904, 0.8974693803570556, 0.1802450684738555, 0.0126160206331946, 0.5672493793849132, 0.5, 0.5, 0.5, 0.5, 0.5, 0.5, 0.5, 0.5, 0.5, 0.5 * 0.0001845719555946, 0.0002283544420380, 0.0000058194828229, 0.0000854437842791, 0.0018826246001531, 0.0001761966870857, 0.0027172787684206, 0.8015042219332994, 0.5817976784973878, 0.1381715999998513 *   0
0.2880270370692141, 0.9932464850103699, 0.9264165665611702, 0.8286334862134576, 0.3148111776983418, 0.6698257115994700, 0.8004761407154035, 0.7926988298039412, 0.4233313377123938, 0.5, 0.5, 0.5, 0.5, 0.5, 0.5, 0.5, 0.5, 0.5, 0.5 * 0.0000099094329101, 0.0000077699377504, 0.0000372945887822, 0.0001214562395888, 0.0002236969320075, 0.0001388776527376, 0.0010606998739764, 0.0094772105277570, 0.8993360794175607, 0.4371539637540164 *   0
0.2288696129009452, 0.9180861464320151, 0.3129761951570288, 0.8187180961569390, 0.9970863861949585, 0.7296718655757941, 0.7924846232833734, 0.0714771068056473, 0.8035461715439084, 0.5, 0.5, 0.5, 0.5, 0.5, 0.5, 0.5, 0.5, 0.5, 0.5 * 0.0000054204700785, 0.0000170042028633, 0.0000020122803196, 0.0000531336333649, 0.0001240485189436, 0.0297459089114634, 0.1016229266441547, 0.0566996544508710, 0.9283321013091297, 0.3518133056233710 *   0
0.9994433838871509, 0.0007712389346078, 0.3026244641759547, 0.9911647620569750, 0.6227951672034315, 0.3153258363322010, 0.3612558889953680, 0.0169333932068820, 0.2902154211375003, 0.5, 0.5, 0.5, 0.5, 0.5, 0.5, 0.5, 0.5, 0.5, 0.5 * 0.0000040120766451, 0.0000019671797883, 0.0000001188824869, 0.0000028491183129, 0.0000028636442380, 0.0000089495467671, 0.0007773156952778, 0.0004001456021534, 0.0000010592154640, 0.9999996177730730 *   0
0.0606682473144812, 0.1036101789696190, 0.5766236570554896, 0.3722612473053212, 0.9997515678404605, 0.3575679410051405, 0.5085262476971961, 0.8432165546543974, 0.8967458861399190, 0.5, 0.5, 0.5, 0.5, 0.5, 0.5, 0.5, 0.5, 0.5, 0.5 * 0.0000045846291662, 0.0000280185232966, 0.0001129421528346, 0.0001196178669452, 0.0001050536440165, 0.5054572389519091, 0.3345994344999157, 0.7729715687579544, 0.1612977548106885, 0.0951532831890661 *   0
0.1614730521857147, 0.9894077996674030, 0.2030144902891547, 0.5928036186810600, 0.1353662564118236, 0.9514839644317906, 0.9500128426356301, 0.6927165145486205, 0.5641283404846342, 0.5, 0.5, 0.5, 0.5, 0.5, 0.5, 0.5, 0.5, 0.5, 0.5 * 0.0000156415821333, 0.0000191590436579, 0.0000471986882477, 0.0006772430291041, 0.0088968776893250, 0.0019263954022755, 0.0122700025447853, 0.0050492241922323, 0.9678711509207060, 0.2509303900658629 *   0
0.0608732784450395, 0.6219125048359448, 0.9299468355858451, 0.9339250442264253, 0.9855077667094337, 0.1004351554906159, 0.4426304821123511, 0.8346665174861748, 0.3622898125845426, 0.5, 0.5, 0.5, 0.5, 0.5, 0.5, 0.5, 0.5, 0.5, 0.5 * 0.0000236655862523, 0.0000151383142880, 0.0001057304636056, 0.0000912668012802, 0.0000226649179112, 0.0063360899472928, 0.0608434335479213, 0.5536707997985567, 0.8249795716321840, 0.0954738790811240 *   0
0.0004081223161929, 0.8218289086696826, 0.7700524967024347, 0.6796577953173116, 0.9681567740478352, 0.9438255876041136, 0.1641172995623747, 0.6278112184385821, 0.8830321938186102, 0.5, 0.5, 0.5, 0.5, 0.5, 0.5, 0.5, 0.5, 0.5, 0.5 * 0.0000202226168915, 0.0001088241659730, 0.0001672491848155, 0.0000528797512157, 0.0023444914676385, 0.0470156273504354, 0.0855192815280480, 0.2584068112754441, 0.9610910219735000, 0.0006410769912472 *   0
0.0603733309825758, 0.0603596372810936, 0.9976791054930906, 0.4502568847733815, 0.2959751143567148, 0.3190117000225055, 0.5506086566255468, 0.0922618657780168, 0.9985589375712718, 0.5, 0.5, 0.5, 0.5, 0.5, 0.5, 0.5, 0.5, 0.5, 0.5 * 0.0000031285105274, 0.0013820832591157, 0.0002017125568080, 0.0016385291176192, 0.0011793010113573, 0.0012313309103012, 0.0023475400636942, 0.9910288437707412, 0.0942453152577089, 0.0946921214558987 *   0
0.2894554162814540, 0.9340883819079439, 0.4840058970656274, 0.3748341795871193, 0.4952166702110398, 0.9995282981542537, 0.8633959930685330, 0.5728520404421036, 0.6343813322644594, 0.5, 0.5, 0.5, 0.5, 0.5, 0.5, 0.5, 0.5, 0.5, 0.5 * 0.0000021242068863, 0.0000032828102691, 0.0000049256988024, 0.0000288576357296, 0.0398610812611771, 0.0392665446853714, 0.0373657011180683, 0.0639841415798739, 0.8935927854362168, 0.4391708091613469 *   0
0.2727096943523314, 0.9403591160384748, 0.7627632905555718, 0.9011817285330881, 0.9573239874827322, 0.3084593980146849, 0.9776954995364395, 0.5863991228800263, 0.3464730434801770, 0.5, 0.5, 0.5, 0.5, 0.5, 0.5, 0.5, 0.5, 0.5, 0.5 * 0.0000051469197905, 0.0000031149462668, 0.0000079190296905, 0.0002837385508547, 0.0001494455334699, 0.0047790115057662, 0.0306090414702079, 0.0792537612309469, 0.9056545811100227, 0.4153898960423119 *   0
0.2857479263496343, 0.9913665372838111, 0.1029551062281034, 0.6127930323652890, 0.9877849505226057, 0.3937618059077122, 0.6155623731275846, 0.2157158419563043, 0.2534981338556381, 0.5, 0.5, 0.5, 0.5, 0.5, 0.5, 0.5, 0.5, 0.5, 0.5 * 0.0000531688747471, 0.0000223663345265, 0.0000203292696862, 0.0000886575001199, 0.0000766519272586, 0.0068889692453223, 0.0098958208034823, 0.0019672672017300, 0.9008630930434133, 0.4339313480370395 *   0
0.2590955236270537, 0.0914527113043949, 0.3460189836779698, 0.6625163753808087, 0.0457241405014527, 0.9999504173174270, 0.3332120097862613, 0.5645039545206837, 0.6734239019795433, 0.5, 0.5, 0.5, 0.5, 0.5, 0.5, 0.5, 0.5, 0.5, 0.5 * 0.0000082079252757, 0.0000145715674044, 0.0000205098733520, 0.0000152724070464, 0.3923114414456580, 0.0282256586731867, 0.6711173774526392, 0.4700222804301414, 0.1314664078202676, 0.3958435920472494 *   0
0.0689239641972463, 0.9925045701640214, 0.8507208856058870, 0.6706557779901920, 0.4066283066787889, 0.1207359070520550, 0.3552524034656828, 0.1114615067427333, 0.9157927939276177, 0.5, 0.5, 0.5, 0.5, 0.5, 0.5, 0.5, 0.5, 0.5, 0.5 * 0.0001168287126878, 0.0008780864241295, 0.0001566974922922, 0.0005615226567984, 0.0002035616868485, 0.0008018347506309, 0.0023636234553825, 0.0113842758728283, 0.9940761076161994, 0.1080541294481463 *   0
0.3660596205694879, 0.9947874969778524, 0.9686910146701574, 0.2272099453151272, 0.3929669048604401, 0.7210161507693195, 0.5192338929135510, 0.2793012178872252, 0.5120639728904068, 0.5, 0.5, 0.5, 0.5, 0.5, 0.5, 0.5, 0.5, 0.5, 0.5 * 0.0000471329854576, 0.0000489540571622, 0.0000318866052419, 0.0000797437195708, 0.0002337016536214, 0.0001831913222803, 0.0001180111398187, 0.0068627152238345, 0.8391613954682867, 0.5438390767492598 *   0
0.1771579553266791, 0.8283117389438263, 0.9969589412198211, 0.8599571803863892, 0.2264401150059142, 0.1119969883523867, 0.5675416977924954, 0.0828648121482063, 0.2907094630835156, 0.5, 0.5, 0.5, 0.5, 0.5, 0.5, 0.5, 0.5, 0.5, 0.5 * 0.0001377938625216, 0.0000676950353807, 0.0000200969476453, 0.0001917426856391, 0.0000438099491252, 0.0000929903912275, 0.0011942497021895, 0.2561774508411129, 0.9267744047299488, 0.2747013266808359 *   0
0.0833748430401901, 0.7577102714021272, 0.8594665233322729, 0.9339456613799304, 0.8486575995798491, 0.8544415765695468, 0.8857958786589074, 0.1991676945235430, 0.6721636274234223, 0.5, 0.5, 0.5, 0.5, 0.5, 0.5, 0.5, 0.5, 0.5, 0.5 * 0.0000372744320142, 0.0000658681892823, 0.0000244817330367, 0.0004386473325154, 0.0019156780550020, 0.0081171445732994, 0.0802063948828315, 0.3593482325779859, 0.9204955505319496, 0.1305908374143706 *   0
0.9568688417584025, 0.9908271813722453, 0.8355690873393645, 0.0201503508818105, 0.5041320978217442, 0.1578340149288224, 0.9973767688485685, 0.6301804234414270, 0.4270728674843315, 0.5, 0.5, 0.5, 0.5, 0.5, 0.5, 0.5, 0.5, 0.5, 0.5 * 0.0000003003851960, 0.0000002383945968, 0.0000005841658104, 0.0001695860880463, 0.0000429281820751, 0.0001772222237334, 0.0000078846076358, 0.0009430526668459, 0.0676914194977603, 0.9977058285413610 *   0
0.9715555943416225, 0.9228191771185115, 0.5747271085040304, 0.9730864176401339, 0.9279607394374724, 0.5190457396763590, 0.1316526691111050, 0.5311747111990930, 0.8662881017039941, 0.5, 0.5, 0.5, 0.5, 0.5, 0.5, 0.5, 0.5, 0.5, 0.5 * 0.0000015004743370, 0.0000070385933114, 0.0000079385036967, 0.0000022480126039, 0.0000116238556137, 0.0001405093463631, 0.0033430394889060, 0.0042406775441818, 0.0443376580699924, 0.9990019984063863 *   0
0.2412602953804938, 0.9416237296264729, 0.3328748477310291, 0.9895876352626772, 0.7567091629638845, 0.7162446350400544, 0.6032104522936095, 0.1403247784545295, 0.6450790523761321, 0.5, 0.5, 0.5, 0.5, 0.5, 0.5, 0.5, 0.5, 0.5, 0.5 * 0.0000584013593310, 0.0000936693573357, 0.0000247329216974, 0.0001573605729160, 0.0004056195160122, 0.0011184808228946, 0.0736949236465536, 0.0424827299856767, 0.9251427498526846, 0.3699644782832917 *   0
0.7534246387674588, 0.9944016979981222, 0.9917936287782125, 0.6768365826815537, 0.2454908328342675, 0.7424904707551424, 0.5580473079150763, 0.0154306017865569, 0.0895603974766845, 0.5, 0.5, 0.5, 0.5, 0.5, 0.5, 0.5, 0.5, 0.5, 0.5 * 0.0000048060608008, 0.0000006806181437, 0.0000001176762754, 0.0000058327011093, 0.0000177275185628, 0.0000078280100803, 0.0000374152384260, 0.0033211668459553, 0.3776933883660874, 0.9259247660594714 *   0
0.7132777039489140, 0.9935658806904991, 0.8755477009692917, 0.8820165539542291, 0.9712455589190337, 0.2376683648851087, 0.3333540634873109, 0.8925189184455755, 0.6951973283175367, 0.5, 0.5, 0.5, 0.5, 0.5, 0.5, 0.5, 0.5, 0.5, 0.5 * 0.0000004438272778, 0.0000008550516628, 0.0000056518486261, 0.0000033104094957, 0.0000025932117723, 0.0001573120456838, 0.0008399468012727, 0.0043156687260762, 0.4352875375419898, 0.9002807364127113 *   0
0.5372567123441290, 0.9976416598063156, 0.9712990731798574, 0.5001880426426363, 0.1509964280533588, 0.3231600599005632, 0.7472444510773031, 0.5385919765283316, 0.5304510125566512, 0.5, 0.5, 0.5, 0.5, 0.5, 0.5, 0.5, 0.5, 0.5, 0.5 * 0.0000114849947844, 0.0000126398220503, 0.0000192854370878, 0.0000614376004218, 0.0000370562723815, 0.0000184279679808, 0.0000784742379928, 0.0024592557149679, 0.6645334939502261, 0.7472544246576883 *   0
0.3330725251385349, 0.9598654354735582, 0.8279915614183952, 0.9862064747075581, 0.3051987356996158, 0.5924409849534003, 0.8142585781469283, 0.4851812755154359, 0.5008820050865793, 0.5, 0.5, 0.5, 0.5, 0.5, 0.5, 0.5, 0.5, 0.5, 0.5 * 0.0000245751577781, 0.0000246433476172, 0.0000332191270750, 0.0001601949741217, 0.0002245625846008, 0.0001455644973831, 0.0145631280332097, 0.0525938489161785, 0.8645093458776615, 0.4996451677477707 *   0
0.2264229926403719, 0.0701407762570962, 0.9871254526018749, 0.9890369935841472, 0.5569072251938783, 0.2721606680528078, 0.1939572613658185, 0.4887898110266727, 0.3280869071968304, 0.5, 0.5, 0.5, 0.5, 0.5, 0.5, 0.5, 0.5, 0.5, 0.5 * 0.0001130447111632, 0.0000640301033134, 0.0001254223037222, 0.0000567852660879, 0.0000862466257435, 0.0002489815238500, 0.0188385995251811, 0.9315409543022946, 0.1030726637281881, 0.3482132656188083 *   0
0.0455653919119227, 0.6578223913245939, 0.6208538215704513, 0.2794354768839830, 0.9872103026077199, 0.8747267391880633, 0.9426135616109770, 0.2478538324347948, 0.9470437378375994, 0.5, 0.5, 0.5, 0.5, 0.5, 0.5, 0.5, 0.5, 0.5, 0.5 * 0.0000070477367216, 0.0000845296657223, 0.0000348002708561, 0.0010143476808152, 0.0051087972466405, 0.2592646283809302, 0.1217445475441237, 0.4227513414780533, 0.8567964724753480, 0.0715128556943626 *   0
0.9719558684024754, 0.9897615862962611, 0.1670817500758366, 0.4260031387330979, 0.0087654786225248, 0.6982898370820516, 0.9764697402606112, 0.1629600516347960, 0.6791736468110111, 0.5, 0.5, 0.5, 0.5, 0.5, 0.5, 0.5, 0.5, 0.5, 0.5 * 0.0000042259599057, 0.0000076634129054, 0.0000022903976129, 0.0002446350204198, 0.0004772774799642, 0.0000073860021788, 0.0004242738453500, 0.0001837413375216, 0.0440316780110686, 0.9990298843307356 *   0
0.7039330935589657, 0.9897740711410409, 0.7714744786599066, 0.8868179404581049, 0.8138382201147444, 0.9103220565758282, 0.5412422076525363, 0.4354270889588758, 0.0796924592366873, 0.5, 0.5, 0.5, 0.5, 0.5, 0.5, 0.5, 0.5, 0.5, 0.5 * 0.0000091914439130, 0.0000011566385706, 0.0000075523669816, 0.0000136107276193, 0.0001277375700530, 0.0004285479527389, 0.0024907575591064, 0.0067443617505715, 0.4484192974054012, 0.8937942957568371 *   0
0.4045620748794461, 0.9639104879293174, 0.4548885009507129, 0.6731096988884312, 0.9944137344110822, 0.7266977605068580, 0.6222255316666446, 0.2903656378809203, 0.0828284882394730, 0.5, 0.5, 0.5, 0.5, 0.5, 0.5, 0.5, 0.5, 0.5, 0.5 * 0.0000307613258909, 0.0000040249911592, 0.0000152203736380, 0.0000512320019834, 0.0001349932140879, 0.0169189321375689, 0.0300027751928410, 0.0298790328222400, 0.8034913250422762, 0.5935675994808525 *   0
0.2175447308540087, 0.6561393568553680, 0.2865495920584302, 0.9991308068852549, 0.4979442118191832, 0.3789670101268995, 0.4357686552385653, 0.0363738751208288, 0.1924553630838428, 0.5, 0.5, 0.5, 0.5, 0.5, 0.5, 0.5, 0.5, 0.5, 0.5 * 0.0002583314398173, 0.0000805650784055, 0.0000154779931551, 0.0002212100893039, 0.0002369330483861, 0.0004198157704814, 0.4362588953917789, 0.2107970183917832, 0.8080507072111408, 0.3351066890146588 *   0
0.9942282894599384, 0.1963229864818617, 0.9423510948858927, 0.0064914515272209, 0.6724334478715590, 0.9342592120795786, 0.0801119213365540, 0.5032987284955097, 0.0480943555236302, 0.5, 0.5, 0.5, 0.5, 0.5, 0.5, 0.5, 0.5, 0.5, 0.5 * 0.0000275757824129, 0.0000020872244006, 0.0000279427489347, 0.0000049735141942, 0.0003823761457189, 0.0006799934871801, 0.0000079653200583, 0.0086029767825296, 0.0027517181804106, 0.9999589024560538 *   0
0.3047092549059117, 0.4692584581064332, 0.2915475225502381, 0.7492986771973309, 0.9984265589147930, 0.9731006957465320, 0.2468682510065233, 0.4649611164186900, 0.3325372684432833, 0.5, 0.5, 0.5, 0.5, 0.5, 0.5, 0.5, 0.5, 0.5, 0.5 * 0.0000141131984644, 0.0000081247453213, 0.0000145840675332, 0.0000089292500767, 0.0005585342838674, 0.2261863469240986, 0.5443668491678844, 0.2905660618599308, 0.5966168596907203, 0.4605690435776039 *   0
0.9718462447504729, 0.4808907175813293, 0.5951234854735078, 0.9845514097179060, 0.3336376595933166, 0.8957066870740180, 0.8252467144398237, 0.2920413582083030, 0.5842118638494107, 0.5, 0.5, 0.5, 0.5, 0.5, 0.5, 0.5, 0.5, 0.5, 0.5 * 0.0000096731680164, 0.0000126424035371, 0.0000078618159311, 0.0000630448637673, 0.0003962193327807, 0.0002321177970303, 0.0191110723088470, 0.0258924520556966, 0.0303084786445813, 0.9990222864409510 *   0
0.1403796123994419, 0.9940759986611437, 0.8377671734605763, 0.3615048440925334, 0.2045684648698980, 0.3404993234856517, 0.6213095312106002, 0.7545724738177715, 0.2398203030414043, 0.5, 0.5, 0.5, 0.5, 0.5, 0.5, 0.5, 0.5, 0.5, 0.5 * 0.0003086626449744, 0.0001221074146098, 0.0008179366203125, 0.0013046548757734, 0.0009332526843172, 0.0006094640192441, 0.0012310317345094, 0.0087867149945195, 0.9757442643938234, 0.2187251356578793 *   0
0.1765194177518223, 0.0925476346595900, 0.6140304531967409, 0.7200795257091892, 0.0014374949976045, 0.9979268275191666, 0.3025456803397022, 0.3664408998407614, 0.7379906865479381, 0.5, 0.5, 0.5, 0.5, 0.5, 0.5, 0.5, 0.5, 0.5, 0.5 * 0.0002242986015706, 0.0005138675907475, 0.0003638316796506, 0.0003439344638433, 0.2308237585504868, 0.0005212064343445, 0.4906884027728465, 0.7820486437219628, 0.1393289306151961, 0.2737367624722820 *   0
0.4885978673066003, 0.9897864060428861, 0.5395101632641210, 0.7881383163799245, 0.7332391407029886, 0.4436277106607462, 0.7103086308158508, 0.0211683861078547, 0.7536545920901254, 0.5, 0.5, 0.5, 0.5, 0.5, 0.5, 0.5, 0.5, 0.5, 0.5 * 0.0001291186812585, 0.0003168526358351, 0.0000113811301578, 0.0006996614698961, 0.0006518939557188, 0.0022804380613672, 0.0072224414487516, 0.0086543867682214, 0.7195646628310258, 0.6943294620334407 *   0
0.4132056168342035, 0.8752988636844321, 0.6208200778909121, 0.0506589827363654, 0.1294865930124589, 0.9988799900742620, 0.4397018293103677, 0.8002989165486297, 0.2927996359266339, 0.5, 0.5, 0.5, 0.5, 0.5, 0.5, 0.5, 0.5, 0.5, 0.5 * 0.0000318437677309, 0.0000157741235776, 0.0001095453354480, 0.0000951821405287, 0.0849240822660483, 0.0175155461152712, 0.0069146786718174, 0.1283527540827308, 0.7814166412338379, 0.6044393055667006 *   0
0.9925526725093614, 0.7491522579217107, 0.3408296743132312, 0.3073062022716301, 0.6818451600530395, 0.0520606758315399, 0.9960483754966634, 0.0614465824614496, 0.9904418485194639, 0.5, 0.5, 0.5, 0.5, 0.5, 0.5, 0.5, 0.5, 0.5, 0.5 * 0.0000001515669089, 0.0000100943410352, 0.0000009774535324, 0.0016339994973524, 0.0001339243608015, 0.0030028408701131, 0.0017929720832759, 0.0022911440118790, 0.0108015422916588, 0.9999315764331527 *   0
0.6778834008974411, 0.9041054998077943, 0.9886005232057536, 0.6683440397811793, 0.8189265834255733, 0.0388500169100473, 0.2809141777832593, 0.0984394792925750, 0.8875424456258968, 0.5, 0.5, 0.5, 0.5, 0.5, 0.5, 0.5, 0.5, 0.5, 0.5 * 0.0000285019677222, 0.0001596672473650, 0.0000252811768025, 0.0000775311008199, 0.0000110922398778, 0.0006221075342590, 0.0011294891956669, 0.0727179435482337, 0.4791764660479606, 0.8747001310329369 *   0
0.7242861677539936, 0.0450684055895863, 0.7561299986001709, 0.9741090503400699, 0.9073322023764868, 0.9975048564362828, 0.4675281585508623, 0.1107725608678407, 0.8256317064285426, 0.5, 0.5, 0.5, 0.5, 0.5, 0.5, 0.5, 0.5, 0.5, 0.5 * 0.0000007151328659, 0.0000025453349143, 0.0000004647392435, 0.0000024236511647, 0.0009227621198758, 0.0062945079962523, 0.1563405854357535, 0.3882851274559211, 0.0296855574757442, 0.9076731661151906 *   0
0.8045932863860360, 0.5813326540316142, 0.9690047297482400, 0.9267485458062722, 0.3347572923334117, 0.9634064277463622, 0.9185421741188234, 0.0115938750149654, 0.2088972601149684, 0.5, 0.5, 0.5, 0.5, 0.5, 0.5, 0.5, 0.5, 0.5, 0.5 * 0.0000061929196378, 0.0000021083326848, 0.0000001191529494, 0.0000508567279848, 0.0008910661716855, 0.0005179736659013, 0.0089289583036480, 0.1844690174427408, 0.2391301231449755, 0.9532613359342396 *   0
0.1204304490799226, 0.9588844738709202, 0.5609918728289156, 0.8281144089196411, 0.7391719663232434, 0.5207938926856936, 0.4985570835408555, 0.9817121983420626, 0.6078036136961559, 0.5, 0.5, 0.5, 0.5, 0.5, 0.5, 0.5, 0.5, 0.5, 0.5 * 0.0000344549108740, 0.0000486666034141, 0.0020751730223461, 0.0020666400480422, 0.0031272118955149, 0.0098665868531261, 0.0388677572037949, 0.0489040862941142, 0.9801126921091446, 0.1880454430985767 *   0
0.8969150948789507, 0.9653587662453571, 0.8502879351611659, 0.3945801306490694, 0.1719832900781107, 0.1315163029970211, 0.9720550472717988, 0.6488513153273852, 0.4986342519981015, 0.5, 0.5, 0.5, 0.5, 0.5, 0.5, 0.5, 0.5, 0.5, 0.5 * 0.0000255612471385, 0.0000254518080539, 0.0000586260561371, 0.0015671253918375, 0.0003287473278217, 0.0004438244574398, 0.0011867640056263, 0.0085269349803799, 0.1609800891380006, 0.9869187039452754 *   0
0.9495936711084069, 0.4717345016411201, 0.8881902940981976, 0.3712310764804627, 0.9498861189698270, 0.4960261194482568, 0.7848923093568964, 0.9124759314174186, 0.3451222406444709, 0.5, 0.5, 0.5, 0.5, 0.5, 0.5, 0.5, 0.5, 0.5, 0.5 * 0.0000185335569182, 0.0000111629580100, 0.0001563779713456, 0.0004492979320004, 0.0004703170387169, 0.0084851078977012, 0.0056145789832848, 0.0574584305415423, 0.0533913673160605, 0.9968670533795899 *   0
0.9564362754842435, 0.1595273237486963, 0.9359716283790636, 0.2771679336564466, 0.1159601584616863, 0.6730981984516131, 0.9379227994652105, 0.8933956985796782, 0.3483781615963104, 0.5, 0.5, 0.5, 0.5, 0.5, 0.5, 0.5, 0.5, 0.5, 0.5 * 0.0000403700575034, 0.0000245975562232, 0.0002796641700509, 0.0028994987932132, 0.0051658803396636, 0.0010923940146647, 0.0028050482738909, 0.0659060394145357, 0.0169553280599482, 0.9976595989308188 *   0
0.4929140408024723, 0.7100841536699255, 0.7513608693850045, 0.7998653355985252, 0.8906452753071884, 0.8473411071334691, 0.8217040285569168, 0.5171255089888003, 0.1992227505888896, 0.5, 0.5, 0.5, 0.5, 0.5, 0.5, 0.5, 0.5, 0.5, 0.5 * 0.0002718431199413, 0.0000879603969488, 0.0003015206188931, 0.0014442058205801, 0.0061462352213786, 0.0364719162688227, 0.1138437051030416, 0.2907633759563669, 0.6420714245576149, 0.6991926205366140 *   0
0.8523306501341661, 0.8168405298222046, 0.9489876739443223, 0.1155528328919564, 0.4310483380365411, 0.3666837026209960, 0.1116678594200257, 0.8564375987539243, 0.6400699325092463, 0.5, 0.5, 0.5, 0.5, 0.5, 0.5, 0.5, 0.5, 0.5, 0.5 * 0.0003959473374130, 0.0006240646870703, 0.0032216411619939, 0.0005857997336869, 0.0021800840695521, 0.0032175557966192, 0.0009425257096102, 0.0650210757098892, 0.2204351232810481, 0.9732180403110589 *   0
