0.9999895994551431, 0.9971338128657703, 0.0103878043640348, 0.5976340666402290, 0.9084929506799639, 0.0703025246366405, 0.8776331962447768, 0.7219360502073243, 0.7438940143882735, 0.5, 0.5, 0.5, 0.5, 0.5, 0.5, 0.5, 0.5, 0.5, 0.5 * 0.0000000001957182, 0.0000000004599771, 0.0000000010707488, 0.0000000060718975, 0.0000000006858960, 0.0000000430002168, 0.0000000593364430, 0.0000000012001162, 0.0000163369720824, 0.9999999998665490 *   0
0.9999680006876439, 0.6201565077622219, 0.9996989350764541, 0.0645352946894873, 0.9755546604169322, 0.8247941759530428, 0.4463853023230961, 0.3320512992013485, 0.4547907055610748, 0.5, 0.5, 0.5, 0.5, 0.5, 0.5, 0.5, 0.5, 0.5, 0.5 * 0.0000000000693804, 0.0000000000601653, 0.0000000000527742, 0.0000000000894274, 0.0000000004909067, 0.0000000132778756, 0.0000000013516282, 0.0000282425607010, 0.0000415796551694, 0.9999999987367449 *   0
0.9999855300411514, 0.5672537617232901, 0.9640174391511909, 0.2377638952982444, 0.4354680257083234, 0.9940231800982836, 0.5651181156584612, 0.6689759915084467, 0.8295566154781527, 0.5, 0.5, 0.5, 0.5, 0.5, 0.5, 0.5, 0.5, 0.5, 0.5 * 0.0000000004536586, 0.0000000016537703, 0.0000000029952735, 0.0000000042410363, 0.0000005824037760, 0.0000004748845329, 0.0000002944873688, 0.0000142649364864, 0.0000176772127137, 0.9999999997416882 *   0
0.9999165209009855, 0.9269498055460629, 0.7351676992770134, 0.8342809508714271, 0.6910089625469451, 0.7476768962795273, 0.6804841964880397, 0.9345384519242395, 0.7657733609740498, 0.5, 0.5, 0.5, 0.5, 0.5, 0.5, 0.5, 0.5, 0.5, 0.5 * 0.0000000049952295, 0.0000000129586386, 0.0000001345864923, 0.0000002465558988, 0.0000006720278902, 0.0000013811930627, 0.0000058626449877, 0.0000137331628333, 0.0001302663315864, 0.9999999914026370 *   0
0.9999664342030726, 0.3650626034313173, 0.1226970865962548, 0.0933072586047031, 0.8820272222543262, 0.3081963007842173, 0.9460591808641605, 0.7655991263527419, 0.9751347717713261, 0.5, 0.5, 0.5, 0.5, 0.5, 0.5, 0.5, 0.5, 0.5, 0.5 * 0.0000000083417970, 0.0000002134648460, 0.0000005537421554, 0.0000069880765317, 0.0000036879147658, 0.0000422687030587, 0.0000063486251184, 0.0000084835770837, 0.0000286046021697, 0.9999999986100356 *   0
0.9999457160010681, 0.6771231222325578, 0.2997152518014029, 0.5859793236413874, 0.9804585934525628, 0.4174018886021347, 0.2002167814412232, 0.8107085995425976, 0.9281131620184114, 0.5, 0.5, 0.5, 0.5, 0.5, 0.5, 0.5, 0.5, 0.5, 0.5 * 0.0000000170670118, 0.0000001505001200, 0.0000004943008577, 0.0000001681737053, 0.0000004181571290, 0.0000223371307193, 0.0000293760388923, 0.0000187859412996, 0.0000745354906668, 0.9999999963645898 *   0
0.9987088725896128, 0.9967861250027950, 0.0277298875282192, 0.4169523545619810, 0.2139552641724959, 0.5867923114387282, 0.8380494424319125, 0.6494759063466805, 0.9963895697129842, 0.5, 0.5, 0.5, 0.5, 0.5, 0.5, 0.5, 0.5, 0.5, 0.5 * 0.0000000034565653, 0.0000006094825421, 0.0000009927656536, 0.0000044800760802, 0.0000061010541498, 0.0000026753270127, 0.0000062305239432, 0.0000004458269719, 0.0020280709595910, 0.9999979434095634 *   0
0.9996947953476081, 0.7216902942032042, 0.5824805449612813, 0.0818973929071321, 0.9135482078015563, 0.9651874443354027, 0.9837044808006401, 0.5242096132245890, 0.7452155974438487, 0.5, 0.5, 0.5, 0.5, 0.5, 0.5, 0.5, 0.5, 0.5, 0.5 * 0.0000000061565432, 0.0000000145528940, 0.0000000170515267, 0.0000009080139717, 0.0000165937999058, 0.0001216243269441, 0.0000158793334143, 0.0001608630292686, 0.0004343274972395, 0.9999998850809442 *   0
0.9987772577436534, 0.9272001618180424, 0.8541350014759856, 0.8476185658237052, 0.9910893342416218, 0.6698281279158910, 0.2773513245756511, 0.9673295086097575, 0.9192805648405480, 0.5, 0.5, 0.5, 0.5, 0.5, 0.5, 0.5, 0.5, 0.5, 0.5 * 0.0000000004814795, 0.0000000037769718, 0.0000000741288233, 0.0000000345518907, 0.0000001434510539, 0.0000117998549135, 0.0000483571307901, 0.0002134307268781, 0.0019081334088777, 0.9999981554965703 *   0
0.9991479925807323, 0.8515604975873421, 0.6164995784016790, 0.9953443380051034, 0.5382904678295788, 0.3852262135526288, 0.5500053621595751, 0.0187620967713939, 0.9858977384799615, 0.5, 0.5, 0.5, 0.5, 0.5, 0.5, 0.5, 0.5, 0.5, 0.5 * 0.0000000100515943, 0.0000004536858815, 0.0000000133779275, 0.0000005315681704, 0.0000004835126536, 0.0000009589059027, 0.0001752154128732, 0.0002548035311575, 0.0013021134860836, 0.9999991044363725 *   0
0.9998840894549545, 0.7394534012952136, 0.4437603137659655, 0.7006563719830738, 0.1756062210423901, 0.9514581761096875, 0.7318686217683686, 0.6217546898972963, 0.8867171415531622, 0.5, 0.5, 0.5, 0.5, 0.5, 0.5, 0.5, 0.5, 0.5, 0.5 * 0.0000000747344755, 0.0000004155457881, 0.0000006249655055, 0.0000016835670127, 0.0000241472529907, 0.0000068549771644, 0.0000495233080478, 0.0000465121529333, 0.0001670351431889, 0.9999999834249192 *   0
0.9986913884052501, 0.9627423984756425, 0.0839020689408770, 0.1694660709097358, 0.0341155589717047, 0.5663121992565283, 0.8049184255324856, 0.9994223169048421, 0.9809242696412487, 0.5, 0.5, 0.5, 0.5, 0.5, 0.5, 0.5, 0.5, 0.5, 0.5 * 0.0000000005930234, 0.0000000197852160, 0.0000218135392108, 0.0000689430702148, 0.0000891958846482, 0.0000061592314579, 0.0000313542108356, 0.0000157998055177, 0.0020520416226919, 0.9999978873325877 *   0
0.9992407341484170, 0.8664501578856493, 0.3770354666640216, 0.9769148761299042, 0.2841525363196398, 0.7135071347996160, 0.9504690770760500, 0.9276162050327361, 0.4252406304819699, 0.5, 0.5, 0.5, 0.5, 0.5, 0.5, 0.5, 0.5, 0.5, 0.5 * 0.0000000202933413, 0.0000000160104215, 0.0000002263599998, 0.0000029223964619, 0.0000060678376385, 0.0000032248771052, 0.0002059285681113, 0.0001386426297880, 0.0011665050276422, 0.9999992887906750 *   0
0.9997708601876026, 0.7653271117086183, 0.9556874329949205, 0.5225060272600995, 0.2777014334116603, 0.3156127973066702, 0.9274588548240525, 0.5836456285713453, 0.8014168915345412, 0.5, 0.5, 0.5, 0.5, 0.5, 0.5, 0.5, 0.5, 0.5, 0.5 * 0.0000001040667686, 0.0000003227268278, 0.0000004423607371, 0.0000048703133091, 0.0000026511270563, 0.0000025979508877, 0.0000065997379465, 0.0001293807904205, 0.0003357532837954, 0.9999999352244872 *   0
0.9991203919048982, 0.0118363183046860, 0.9334665909099703, 0.9952750187345198, 0.7813727626490280, 0.2709727041753813, 0.6913307042286408, 0.0575353498838541, 0.4224294146627325, 0.5, 0.5, 0.5, 0.5, 0.5, 0.5, 0.5, 0.5, 0.5, 0.5 * 0.0000001199472478, 0.0000000937759432, 0.0000000137977390, 0.0000002902012992, 0.0000001487044929, 0.0000010071386195, 0.0001441088660282, 0.0013739084129184, 0.0000256874177034, 0.9999990454732045 *   0
0.9985343217842906, 0.9667634209463203, 0.7078301225359692, 0.6364872961474989, 0.9211433971864839, 0.7250292057753677, 0.2575761304505058, 0.9892635163801087, 0.0887738163996366, 0.5, 0.5, 0.5, 0.5, 0.5, 0.5, 0.5, 0.5, 0.5, 0.5 * 0.0000000228404222, 0.0000000032058020, 0.0000013674681071, 0.0000005856682269, 0.0000032276475469, 0.0000285453593704, 0.0000447795133241, 0.0001077105835862, 0.0022991430149816, 0.9999973497500647 *   0
0.9922215202787060, 0.9863726939011238, 0.5931297711064712, 0.9922108245045929, 0.3704586296204750, 0.9130196584914902, 0.6027640763683078, 0.2449785919138131, 0.9922577822544881, 0.5, 0.5, 0.5, 0.5, 0.5, 0.5, 0.5, 0.5, 0.5, 0.5 * 0.0000000014301843, 0.0000001175940452, 0.0000000476294110, 0.0000001762417993, 0.0000015795462314, 0.0000010489731786, 0.0001559786018551, 0.0002099008354891, 0.0122153042724107, 0.9999253561892533 *   0
0.9993621869941066, 0.7863769330020887, 0.5774401186860353, 0.5269379641520502, 0.9742451454392844, 0.3330292419218595, 0.8333393497547784, 0.7717154090161041, 0.4740026097157982, 0.5, 0.5, 0.5, 0.5, 0.5, 0.5, 0.5, 0.5, 0.5, 0.5 * 0.0000003218103714, 0.0000002965447994, 0.0000011676011606, 0.0000046537203460, 0.0000027785330360, 0.0001374007390351, 0.0001496725067560, 0.0002598676687904, 0.0009459962320960, 0.9999994981239586 *   0
0.9978977222917125, 0.9574978826369615, 0.8264354196500198, 0.8672949228749122, 0.5174776802386519, 0.7463642483327372, 0.3010955994488185, 0.7962692933139713, 0.3352852227796266, 0.5, 0.5, 0.5, 0.5, 0.5, 0.5, 0.5, 0.5, 0.5, 0.5 * 0.0000007926227242, 0.0000004608669630, 0.0000027665624946, 0.0000014913535564, 0.0000077780394342, 0.0000089155592480, 0.0000580362906421, 0.0002121643763618, 0.0032948874731543, 0.9999945475770865 *   0
0.9997727456501558, 0.0244757700825463, 0.0565169458540701, 0.8424117373500074, 0.3192888821099367, 0.4381994644357821, 0.9614360681555402, 0.5818579059941033, 0.6209541739062193, 0.5, 0.5, 0.5, 0.5, 0.5, 0.5, 0.5, 0.5, 0.5, 0.5 * 0.0000012222081593, 0.0000018042356853, 0.0000028264450938, 0.0000588457680093, 0.0000484907123229, 0.0000418541173658, 0.0003444715782057, 0.0000316256140779, 0.0000137208595448, 0.9999999362861038 *   0
0.9978632149276618, 0.1463313825178572, 0.9471778529450194, 0.2162399260402843, 0.5149140723584751, 0.8331151282568998, 0.9808870023027467, 0.0899325330229162, 0.6684274471683556, 0.5, 0.5, 0.5, 0.5, 0.5, 0.5, 0.5, 0.5, 0.5, 0.5 * 0.0000006756629182, 0.0000011777935729, 0.0000001931018410, 0.0000456684150835, 0.0001702802070471, 0.0001847634920120, 0.0000902431875229, 0.0032569266214306, 0.0007647266664386, 0.9999943671130820 *   0
0.9995975010095153, 0.6496010514207189, 0.7926172524656250, 0.7680583008416269, 0.8435158747450988, 0.6440715448204761, 0.3862445132742843, 0.2287491691432657, 0.1468922300948260, 0.5, 0.5, 0.5, 0.5, 0.5, 0.5, 0.5, 0.5, 0.5, 0.5 * 0.0000036439006971, 0.0000008560314177, 0.0000014060015287, 0.0000027750682054, 0.0000077788427270, 0.0000365755847831, 0.0000988809585899, 0.0003132932795020, 0.0005388694143192, 0.9999998001338095 *   0
0.9946086532411206, 0.8971302457606095, 0.4195121519358420, 0.2891873523076937, 0.9027572525212342, 0.5580625303825655, 0.3922962664590666, 0.9624319188121855, 0.9983035381875484, 0.5, 0.5, 0.5, 0.5, 0.5, 0.5, 0.5, 0.5, 0.5, 0.5 * 0.0000000120849530, 0.0000045350280069, 0.0000767605515450, 0.0000544576987880, 0.0001131955225226, 0.0009566931785616, 0.0004726692598878, 0.0008342441566522, 0.0083582870458522, 0.9999641407093871 *   0
0.9792693946414019, 0.9918423616289358, 0.4215657959792604, 0.9953918913357853, 0.3100039462139849, 0.2561302228160809, 0.5180615170477244, 0.6710168051864098, 0.5917018128520352, 0.5, 0.5, 0.5, 0.5, 0.5, 0.5, 0.5, 0.5, 0.5, 0.5 * 0.0000003931372734, 0.0000005265352894, 0.0000011563276328, 0.0000014076877931, 0.0000008241079125, 0.0000011143812115, 0.0003290014454128, 0.0002565049494178, 0.0325551311363788, 0.9994698541698401 *   0
0.9988342691207465, 0.7476319720724747, 0.2719710260964795, 0.0744917234752754, 0.5726342301688316, 0.9872247632533427, 0.1596846744230411, 0.7886560395307168, 0.4942305705017553, 0.5, 0.5, 0.5, 0.5, 0.5, 0.5, 0.5, 0.5, 0.5, 0.5 * 0.0000017967778261, 0.0000017645024883, 0.0000073050192414, 0.0000019798550563, 0.0003974356327466, 0.0005004100945039, 0.0000751232892282, 0.0002929462619283, 0.0016891204502193, 0.9999983234896516 *   0
0.9966356661155055, 0.3464478842664733, 0.9196089142559137, 0.7934706796861583, 0.9688891242113380, 0.1481567188855990, 0.6543484892017899, 0.3577788571630506, 0.9134060819230071, 0.5, 0.5, 0.5, 0.5, 0.5, 0.5, 0.5, 0.5, 0.5, 0.5 * 0.0000005114721092, 0.0000037370133750, 0.0000023752713342, 0.0000073866680673, 0.0000020448488296, 0.0001812881084350, 0.0005397157439016, 0.0044852483766371, 0.0027360423244288, 0.9999860360936663 *   0
0.9931644387511371, 0.2752730740584773, 0.7536915851541290, 0.9214987214289134, 0.9877941845859374, 0.1038825386687566, 0.9560080207679458, 0.9468451956970828, 0.5355314214413667, 0.5, 0.5, 0.5, 0.5, 0.5, 0.5, 0.5, 0.5, 0.5, 0.5 * 0.0000000328515857, 0.0000000367396959, 0.0000005889024246, 0.0000085383414491, 0.0000014091346437, 0.0004523548153543, 0.0036505088998931, 0.0090282597993520, 0.0044993602780389, 0.9999423560219551 *   0
0.9889083867840973, 0.8891446846021082, 0.5102352218284436, 0.9967006850040987, 0.4818152489521612, 0.7647629514172500, 0.9369487357032247, 0.5548582880547541, 0.7152193997591825, 0.5, 0.5, 0.5, 0.5, 0.5, 0.5, 0.5, 0.5, 0.5, 0.5 * 0.0000000786553605, 0.0000001639441877, 0.0000002162224185, 0.0000028432129500, 0.0000073772847753, 0.0000074717306925, 0.0020996909935164, 0.0021683446830827, 0.0171583220019089, 0.9998482292061787 *   0
0.9997346685266749, 0.1314176950284362, 0.3767360515784174, 0.6251529793372159, 0.1331194537380335, 0.3200650211982732, 0.1954354416557753, 0.9821621370418753, 0.6716869145965608, 0.5, 0.5, 0.5, 0.5, 0.5, 0.5, 0.5, 0.5, 0.5, 0.5 * 0.0000021226901122, 0.0000037444920709, 0.0001535771399369, 0.0000487047663164, 0.0000886268451967, 0.0000390315777259, 0.0002815513099715, 0.0002275594887089, 0.0000854266730100, 0.9999999131465070 *   0
0.9504868848950075, 0.9936186652600852, 0.9935401286899764, 0.6513071957283221, 0.3899609043216151, 0.4660736101055861, 0.3500479889800995, 0.9446539347733622, 0.6472260996919247, 0.5, 0.5, 0.5, 0.5, 0.5, 0.5, 0.5, 0.5, 0.5, 0.5 * 0.0000000975531463, 0.0000001576462736, 0.0000021270637691, 0.0000013086291841, 0.0000022506182120, 0.0000023660450798, 0.0000067464237861, 0.0007787606046501, 0.0776927301705067, 0.9969770474530116 *   0
0.9739636108157986, 0.9835024699491925, 0.3450763771986013, 0.5112754066992902, 0.9947000294899102, 0.8211101818928077, 0.1733214027124091, 0.0917374850677967, 0.5449135930020891, 0.5, 0.5, 0.5, 0.5, 0.5, 0.5, 0.5, 0.5, 0.5, 0.5 * 0.0000009091721045, 0.0000010474408352, 0.0000002012607290, 0.0000003912804918, 0.0000050413042496, 0.0006302547914137, 0.0006530077308496, 0.0005465447760073, 0.0408727363841288, 0.9991637989046394 *   0
0.9785880078461897, 0.9984988924108906, 0.4215948481213277, 0.0591580961175068, 0.1802572017443633, 0.5487421581282942, 0.7990412375885254, 0.8851359160082116, 0.2262415044131882, 0.5, 0.5, 0.5, 0.5, 0.5, 0.5, 0.5, 0.5, 0.5, 0.5 * 0.0000020324896648, 0.0000007543313936, 0.0000118849495680, 0.0000369920307364, 0.0000453815144192, 0.0000173943655452, 0.0000058023163465, 0.0000487550926686, 0.0336274441820805, 0.9994344344231126 *   0
0.9914164375473822, 0.7609376440574125, 0.0332836201569455, 0.3493177468652454, 0.8873644149337729, 0.6470894118058912, 0.1958125756102673, 0.8409317419123518, 0.9971170951598869, 0.5, 0.5, 0.5, 0.5, 0.5, 0.5, 0.5, 0.5, 0.5, 0.5 * 0.0000004165725926, 0.0000919893478924, 0.0003604679245929, 0.0001181772200015, 0.0006304881745345, 0.0041473783491271, 0.0025756146324859, 0.0002584059954765, 0.0125431194731377, 0.9999091053499745 *   0
0.9983028098932946, 0.5984563434489334, 0.3703411050934070, 0.4719802385531274, 0.9585218541130991, 0.6491045563710409, 0.6341027434142785, 0.7881370013524485, 0.6295368320446167, 0.5, 0.5, 0.5, 0.5, 0.5, 0.5, 0.5, 0.5, 0.5, 0.5 * 0.0000032244903115, 0.0000049010431173, 0.0000169728369455, 0.0000277264135416, 0.0000537368711955, 0.0009667789105910, 0.0008870960497140, 0.0008638905181631, 0.0021529822520827, 0.9999964463841016 *   0
0.9997289665042092, 0.4982307536984937, 0.8093851831785335, 0.7361301112622628, 0.4931472151042648, 0.0586780007270528, 0.1516800123041868, 0.4334049091829941, 0.5520241291038804, 0.5, 0.5, 0.5, 0.5, 0.5, 0.5, 0.5, 0.5, 0.5, 0.5 * 0.0000124682257940, 0.0000146927566045, 0.0000156081437935, 0.0000060227646015, 0.0000023588041335, 0.0000250819498987, 0.0000815030687269, 0.0002884470112670, 0.0003002047180004, 0.9999999093734004 *   0
0.9399314946215280, 0.9939233851590769, 0.0182223729874112, 0.6969882755991949, 0.9728489671707381, 0.3477128987888400, 0.8187813618307846, 0.8046245723052996, 0.6169164463025129, 0.5, 0.5, 0.5, 0.5, 0.5, 0.5, 0.5, 0.5, 0.5, 0.5 * 0.0000007206759922, 0.0000010494719542, 0.0000040172403955, 0.0000144022083046, 0.0000091217482366, 0.0004115093398202, 0.0007990005026854, 0.0000257372766686, 0.0942111512786757, 0.9955518320319692 *   0
0.9692126274896844, 0.9885444026387038, 0.7077650733793923, 0.8506055035864029, 0.6786602324241121, 0.2239457192942247, 0.7813220265234457, 0.3872986838162405, 0.9615546893149404, 0.5, 0.5, 0.5, 0.5, 0.5, 0.5, 0.5, 0.5, 0.5, 0.5 * 0.0000006785798226, 0.0000112230085594, 0.0000078310047055, 0.0000383078025767, 0.0000149328061847, 0.0000784407849632, 0.0003748512041659, 0.0007797884933504, 0.0483340169038956, 0.9988308496413395 *   0
0.9917594855612887, 0.8675003605277745, 0.7250080586993173, 0.5761677490436322, 0.9375993502035734, 0.0073750512708794, 0.4446129782333099, 0.6488146556768635, 0.9764608130680680, 0.5, 0.5, 0.5, 0.5, 0.5, 0.5, 0.5, 0.5, 0.5, 0.5 * 0.0000010041671177, 0.0000271454271395, 0.0000441429076780, 0.0000435149735779, 0.0000007840406787, 0.0006882725056889, 0.0008805980056679, 0.0024289216053398, 0.0126644684756707, 0.9999162254036723 *   0
0.9915528502275948, 0.7446008081289943, 0.9030492235454960, 0.0256190467745154, 0.3984717537641859, 0.9050577249867179, 0.6188720486214720, 0.4343904454421207, 0.9898270307992710, 0.5, 0.5, 0.5, 0.5, 0.5, 0.5, 0.5, 0.5, 0.5, 0.5 * 0.0000006609408355, 0.0000413578554148, 0.0000336090838271, 0.0000781247942042, 0.0006294321510383, 0.0004601119044890, 0.0000316228300702, 0.0051213946290032, 0.0122148650597115, 0.9999119714039147 *   0
0.9875564854534140, 0.3081175937820774, 0.1611416140390288, 0.7834653345790996, 0.9970480524921083, 0.2331673126822185, 0.1070389790027584, 0.2958602413050180, 0.9359986986666912, 0.5, 0.5, 0.5, 0.5, 0.5, 0.5, 0.5, 0.5, 0.5, 0.5 * 0.0000021397666973, 0.0000212124660653, 0.0000106890840616, 0.0000040482076992, 0.0000092787170055, 0.0055875613903836, 0.0157893599622288, 0.0043324143205909, 0.0090945653759058, 0.9998089785880019 *   0
0.9984673769206123, 0.6886160837899037, 0.0484019764924431, 0.7193255958703000, 0.5961457265523009, 0.9155471422316260, 0.5286525630059897, 0.4728919018399398, 0.0563063686975773, 0.5, 0.5, 0.5, 0.5, 0.5, 0.5, 0.5, 0.5, 0.5, 0.5 * 0.0000186738964536, 0.0000016559486355, 0.0000172149354742, 0.0000278528600422, 0.0002827486155561, 0.0003876622581193, 0.0010200143792830, 0.0000859168658500, 0.0021251556352070, 0.9999971021208441 *   0
0.9858227255688155, 0.6735494470566276, 0.2418882172749789, 0.6600601243134868, 0.9527999586205930, 0.9841724191718606, 0.5671031538243886, 0.4641285638623538, 0.8765025385080383, 0.5, 0.5, 0.5, 0.5, 0.5, 0.5, 0.5, 0.5, 0.5, 0.5 * 0.0000008595993436, 0.0000043754431795, 0.0000039829001242, 0.0000073936511354, 0.0003823767623446, 0.0051495191627449, 0.0087332307531375, 0.0040517767171985, 0.0194036984549260, 0.9997520424696855 *   0
0.9891017223657582, 0.8276819804812232, 0.8638187115377833, 0.4595972115451457, 0.6445935585743717, 0.1305759135310426, 0.5846098827126482, 0.9958934001605462, 0.7699007865832657, 0.5, 0.5, 0.5, 0.5, 0.5, 0.5, 0.5, 0.5, 0.5, 0.5 * 0.0000005238081666, 0.0000013855650096, 0.0002296288197518, 0.0003005100941388, 0.0000786790637758, 0.0006185328288834, 0.0006421041797103, 0.0044727829460948, 0.0164948708421876, 0.9998534739348951 *   0
0.9680487932488550, 0.9963556514104621, 0.4638341890945258, 0.0295922272045129, 0.8555703255606677, 0.0339748691925662, 0.5197169890253418, 0.8620395296542158, 0.3195450745148328, 0.5, 0.5, 0.5, 0.5, 0.5, 0.5, 0.5, 0.5, 0.5, 0.5 * 0.0000062062522397, 0.0000034061429716, 0.0000321554289775, 0.0000350309149493, 0.0000025681138581, 0.0002085569408112, 0.0000099565497994, 0.0001912130212156, 0.0501669485786049, 0.9987408046109413 *   0
0.9813525825652073, 0.2917361973280722, 0.0304120862998125, 0.9885234422928297, 0.6742607856515147, 0.4928994809709953, 0.8661411864991025, 0.5518662010095391, 0.8525822893029927, 0.5, 0.5, 0.5, 0.5, 0.5, 0.5, 0.5, 0.5, 0.5, 0.5 * 0.0000051325795939, 0.0000217673235667, 0.0000263411432423, 0.0001619090198492, 0.0001619028213988, 0.0004123602627978, 0.0262311653378629, 0.0012542519688022, 0.0129562246888780, 0.9995710406953433 *   0
0.9916080655491017, 0.4829453502236611, 0.6585219701093258, 0.7640589120630449, 0.8958408003187929, 0.7623810925345780, 0.9644533111548299, 0.5755717282069716, 0.0621174890837248, 0.5, 0.5, 0.5, 0.5, 0.5, 0.5, 0.5, 0.5, 0.5, 0.5 * 0.0000036124621076, 0.0000003536050005, 0.0000046128015280, 0.0001050127241545, 0.0002685764191978, 0.0017471595586342, 0.0045572286397791, 0.0082235195494079, 0.0090678119234830, 0.9999131184349590 *   0
0.9948107134526646, 0.1270028213630444, 0.4658187727750366, 0.8064790488250921, 0.9171994854310525, 0.2486339231248172, 0.9616407472461652, 0.2111758655920512, 0.0666698888254677, 0.5, 0.5, 0.5, 0.5, 0.5, 0.5, 0.5, 0.5, 0.5, 0.5 * 0.0000120831174643, 0.0000012700486533, 0.0000041848530882, 0.0002130070515438, 0.0000878548210054, 0.0017642947164851, 0.0056719691821665, 0.0053381439422354, 0.0016153678122148, 0.9999667782382732 *   0
0.9074424164870020, 0.9988679359661732, 0.4628929721484394, 0.3654397252786158, 0.9377421922691829, 0.0091966274237245, 0.2157185209056914, 0.5689015409764375, 0.3341440057075322, 0.5, 0.5, 0.5, 0.5, 0.5, 0.5, 0.5, 0.5, 0.5, 0.5 * 0.0000080695078144, 0.0000046726435577, 0.0000115980947590, 0.0000052449722812, 0.0000002279593990, 0.0001608506603864, 0.0001045168366507, 0.0001712482248416, 0.1448772185196516, 0.9894496071970126 *   0
0.9790248521505971, 0.9426670884446553, 0.4379932621670856, 0.3058571099796598, 0.9153852406495182, 0.5017581584405890, 0.7087205195374416, 0.9375424878380925, 0.6402455077694009, 0.5, 0.5, 0.5, 0.5, 0.5, 0.5, 0.5, 0.5, 0.5, 0.5 * 0.0000043946111868, 0.0000069307055441, 0.0000833794387942, 0.0001701545553069, 0.0001907134844221, 0.0020117144553485, 0.0010577731283151, 0.0018812705830373, 0.0328082277583473, 0.9994572741191217 *   0
0.9806637479833624, 0.1828934192577812, 0.7387117360433153, 0.9980739639131697, 0.4668009306615223, 0.0608611516937898, 0.2569843014967555, 0.5040767218470931, 0.8553240563978087, 0.5, 0.5, 0.5, 0.5, 0.5, 0.5, 0.5, 0.5, 0.5, 0.5 * 0.0000037851599581, 0.0000163681712776, 0.0000170166886730, 0.0000102136903409, 0.0000024934552015, 0.0000235301606479, 0.0116205496861266, 0.0267052324202247, 0.0086050377451669, 0.9995387663696496 *   0
0.9256877903480492, 0.9377220626630457, 0.9864529385168352, 0.2087730691809082, 0.5014738535981038, 0.9802311868314777, 0.8456380427096216, 0.5838357203564772, 0.3005521941466966, 0.5, 0.5, 0.5, 0.5, 0.5, 0.5, 0.5, 0.5, 0.5, 0.5 * 0.0000006526731207, 0.0000003332669728, 0.0000009566130243, 0.0000048721083658, 0.0001615736423325, 0.0001624017993874, 0.0000779594272727, 0.0113725062767379, 0.1159076059538780, 0.9931948622499907 *   0
0.9589252890827717, 0.0707116071464082, 0.5397861639688658, 0.8850904921465975, 0.6200941356923869, 0.9968467974089305, 0.8677465784678918, 0.0570870526400800, 0.4680373377483512, 0.5, 0.5, 0.5, 0.5, 0.5, 0.5, 0.5, 0.5, 0.5, 0.5 * 0.0000032273881373, 0.0000029185600142, 0.0000003912417994, 0.0000207267786079, 0.0042765757905708, 0.0062948693919991, 0.0417029516728053, 0.0480513301993341, 0.0071467772602921, 0.9979193064235208 *   0
0.9961211904865322, 0.4976117552712614, 0.0628513717385248, 0.5398905731457707, 0.4304284148059918, 0.9550566333136785, 0.1534945104054616, 0.4332439547559451, 0.7263125128700921, 0.5, 0.5, 0.5, 0.5, 0.5, 0.5, 0.5, 0.5, 0.5, 0.5 * 0.0000492648582206, 0.0001074458222539, 0.0000956903379670, 0.0000373952151202, 0.0022146826974404, 0.0017811804841421, 0.0032274799818257, 0.0004262385046633, 0.0042920550605421, 0.9999814388312516 *   0
0.9223512527171296, 0.9761850144603220, 0.2107058284854078, 0.9061852087761206, 0.0132866543779553, 0.7796974372024170, 0.8294212184052082, 0.8271023392803513, 0.7761072026454412, 0.5, 0.5, 0.5, 0.5, 0.5, 0.5, 0.5, 0.5, 0.5, 0.5 * 0.0000052424479396, 0.0000142867463607, 0.0000546499241339, 0.0002066289756190, 0.0005942851397184, 0.0000131866118561, 0.0042567513714316, 0.0014787134237321, 0.1215830500228929, 0.9925708318095222 *   0
0.9185001924254467, 0.9881286830586049, 0.5813925105991739, 0.7796275600696111, 0.8675478412152956, 0.5819342893464184, 0.3537288351700310, 0.6824204459238893, 0.7502752783476726, 0.5, 0.5, 0.5, 0.5, 0.5, 0.5, 0.5, 0.5, 0.5, 0.5 * 0.0000096725084813, 0.0000233800905789, 0.0000464413647039, 0.0000328365501574, 0.0000807593864420, 0.0004830042340476, 0.0013686529977137, 0.0018842157935002, 0.1276480024029647, 0.9918166767664043 *   0
0.9919231906495630, 0.6603014299926820, 0.6516219482997535, 0.1168789994515846, 0.4045711161590047, 0.8047223486028250, 0.8557840147315450, 0.0426754253183843, 0.9209124459516781, 0.5, 0.5, 0.5, 0.5, 0.5, 0.5, 0.5, 0.5, 0.5, 0.5 * 0.0000222755492268, 0.0001783849184355, 0.0000120688809158, 0.0007817034860764, 0.0025326874049909, 0.0019595006264565, 0.0006129731745840, 0.0055105529686749, 0.0109230170409851, 0.9999195208100576 *   0
0.8436497425863750, 0.9958392512033877, 0.1509868480036905, 0.6866965483346472, 0.8693045805531110, 0.6368138765156334, 0.7814047200518682, 0.5179440693547689, 0.6783984776951365, 0.5, 0.5, 0.5, 0.5, 0.5, 0.5, 0.5, 0.5, 0.5, 0.5 * 0.0000089920566909, 0.0000162594662253, 0.0000196583934648, 0.0000756564730713, 0.0001252164258679, 0.0007144879048936, 0.0013612497882846, 0.0003733463860340, 0.2431277485479157, 0.9699929756806542 *   0
0.9611236662422883, 0.5100625332026102, 0.9965118649399429, 0.4737366458744447, 0.0396199301069695, 0.8085692114236621, 0.9394859871545276, 0.4174194957210773, 0.1349395444313714, 0.5, 0.5, 0.5, 0.5, 0.5, 0.5, 0.5, 0.5, 0.5, 0.5 * 0.0000037215867303, 0.0000008008668712, 0.0000029282059271, 0.0000503731826857, 0.0001631772963276, 0.0000106461393974, 0.0001576032346850, 0.0424658184017169, 0.0438305970818347, 0.9981360021998249 *   0
0.9949394101253428, 0.9127987287532532, 0.5797266799862155, 0.6250334878568693, 0.2707281141871252, 0.2474244079773428, 0.6323901655303269, 0.4877806457168333, 0.3304887904461887, 0.5, 0.5, 0.5, 0.5, 0.5, 0.5, 0.5, 0.5, 0.5, 0.5 * 0.0001064561869018, 0.0000608299128435, 0.0001179912480350, 0.0002611786821054, 0.0001276436551898, 0.0001525538977018, 0.0005534734153789, 0.0008573691160795, 0.0078746174702178, 0.9999684056259197 *   0
0.9918408985211704, 0.2434855784492034, 0.9704164401490318, 0.0369787379340170, 0.5046557982008233, 0.6660869953530314, 0.0301580857625967, 0.8111011324502068, 0.0894493419162228, 0.5, 0.5, 0.5, 0.5, 0.5, 0.5, 0.5, 0.5, 0.5, 0.5 * 0.0000560492175785, 0.0000079275280309, 0.0001851430071958, 0.0000091782898556, 0.0003350027969795, 0.0003927343059095, 0.0000320642882522, 0.0118771108488336, 0.0047830310368501, 0.9999178725226502 *   0
0.9928725957837293, 0.8094593471891524, 0.0044335890581988, 0.2743610969159571, 0.8933013863364707, 0.0479797870144154, 0.6679201348069683, 0.1563973427547130, 0.6975039964064509, 0.5, 0.5, 0.5, 0.5, 0.5, 0.5, 0.5, 0.5, 0.5, 0.5 * 0.0001103108167845, 0.0002144147742436, 0.0000604584516530, 0.0004325364786122, 0.0000376704754029, 0.0029570734374652, 0.0013789551781099, 0.0000229888885109, 0.0106977491196307, 0.9999373288013207 *   0
0.9756979541739905, 0.9114003246237525, 0.0354543463492088, 0.2098397301555796, 0.2612218676420031, 0.8608631598115262, 0.0020733871506869, 0.9664189722232609, 0.5768038032468426, 0.5, 0.5, 0.5, 0.5, 0.5, 0.5, 0.5, 0.5, 0.5, 0.5 * 0.0000323418930961, 0.0000412654488557, 0.0009930187232940, 0.0000032386478992, 0.0044772275724201, 0.0019951413732006, 0.0017109895517778, 0.0002946939405657, 0.0377952905538679, 0.9992714779682449 *   0
0.9926855638589177, 0.4912647313863340, 0.5098789541562455, 0.7055112904429023, 0.0191394067458526, 0.3033722850044129, 0.9839528924710830, 0.4583910687167156, 0.1217690120086861, 0.5, 0.5, 0.5, 0.5, 0.5, 0.5, 0.5, 0.5, 0.5, 0.5 * 0.0000422624780830, 0.0000081837743848, 0.0000377585917105, 0.0022711665979850, 0.0011727850414595, 0.0000768891722190, 0.0051294451395308, 0.0059125528900350, 0.0080118821904341, 0.9999339965424884 *   0
0.9619499025689204, 0.0145828551680701, 0.2395536942591675, 0.0960726826899092, 0.9837954831234158, 0.2280980964322100, 0.8038377560693015, 0.8344009862441574, 0.9067583288563221, 0.5, 0.5, 0.5, 0.5, 0.5, 0.5, 0.5, 0.5, 0.5, 0.5 * 0.0000148983737254, 0.0001009922067815, 0.0003835590011292, 0.0012470994307702, 0.0004900678836048, 0.0548904978836668, 0.0083497251473492, 0.0219446218431375, 0.0013681745395374, 0.9982143677788967 *   0
0.9611952858796321, 0.4619096398641866, 0.8058125915964193, 0.9749440345796496, 0.0508936099013750, 0.8886312604363222, 0.5859813692914235, 0.9831439466137178, 0.1725498368835774, 0.5, 0.5, 0.5, 0.5, 0.5, 0.5, 0.5, 0.5, 0.5, 0.5 * 0.0000014429321622, 0.0000004009602832, 0.0000565483790141, 0.0000743595105627, 0.0005286208954618, 0.0000430064500898, 0.0136759595838072, 0.0434694085671931, 0.0404217320731724, 0.9981428616213115 *   0
0.9577761878994182, 0.8667037803058996, 0.5127804435383437, 0.9643517825586497, 0.2361741420981354, 0.8325518080184943, 0.4396612394785794, 0.8255964544720932, 0.7985904728055887, 0.5, 0.5, 0.5, 0.5, 0.5, 0.5, 0.5, 0.5, 0.5, 0.5 * 0.0000083975632929, 0.0000256516526389, 0.0000960480356528, 0.0000824462895243, 0.0004806641037104, 0.0001936344339415, 0.0095285390232743, 0.0099345814249334, 0.0648288973128646, 0.9978013027781506 *   0
0.9678037278204242, 0.9824266028508668, 0.2309084293576462, 0.2690810166621027, 0.5681788774990378, 0.8482935488448914, 0.1317244214619158, 0.7143216532256089, 0.4329143680785384, 0.5, 0.5, 0.5, 0.5, 0.5, 0.5, 0.5, 0.5, 0.5, 0.5 * 0.0000581741577624, 0.0000470451475568, 0.0001553800829793, 0.0000362009838159, 0.0007254076852367, 0.0009263454031716, 0.0005351034309874, 0.0004950576603783, 0.0505329709953997, 0.9987214186356140 *   0
0.9672357002120632, 0.0698615722683545, 0.0829352680979926, 0.9874832071305640, 0.8541116932658999, 0.0907184342344843, 0.4140707158549087, 0.7667581354113101, 0.0283348858488420, 0.5, 0.5, 0.5, 0.5, 0.5, 0.5, 0.5, 0.5, 0.5, 0.5 * 0.0000638354782688, 0.0000028430884532, 0.0001665334727589, 0.0001357173829670, 0.0000321569694477, 0.0009707185172168, 0.0506907890152194, 0.0066426102252728, 0.0056339792790116, 0.9986759155760822 *   0
0.5685601353498921, 0.9965840489587672, 0.7762878373154848, 0.1718042167703641, 0.3110764531004598, 0.8288549197972077, 0.9465915197257845, 0.6419406140418447, 0.8265762589064316, 0.5, 0.5, 0.5, 0.5, 0.5, 0.5, 0.5, 0.5, 0.5, 0.5 * 0.0000031470838673, 0.0000112654109679, 0.0000185558923351, 0.0002608451182082, 0.0009501365548170, 0.0005239498522419, 0.0003087483653575, 0.0031587537853266, 0.6269971555267966, 0.7790142797831409 *   0
0.9806665326378619, 0.4461712918459304, 0.9361318717413265, 0.3963162346725894, 0.5157390951717921, 0.7331973387548688, 0.9399510975647490, 0.0177329932422065, 0.2812311357265483, 0.5, 0.5, 0.5, 0.5, 0.5, 0.5, 0.5, 0.5, 0.5, 0.5 * 0.0000450873375757, 0.0000213230876471, 0.0000013896309757, 0.0005273975409631, 0.0011891597217276, 0.0013678363805741, 0.0013553129011169, 0.0230906620304840, 0.0195808000977825, 0.9995388991963332 *   0
0.4094608707397528, 0.0313122822117583, 0.9990131850349778, 0.6415488178103924, 0.9184297755912085, 0.5206324600245024, 0.9294648794128861, 0.8230849033329100, 0.4095789587169787, 0.5, 0.5, 0.5, 0.5, 0.5, 0.5, 0.5, 0.5, 0.5, 0.5 * 0.0000014022861587, 0.0000010514166966, 0.0000061437269095, 0.0000574267765299, 0.0000616532174051, 0.0006558504336506, 0.0010476215998002, 0.7992241723106291, 0.0393417924289954, 0.5997427873449458 *   0
0.9571603592285702, 0.0150056108902235, 0.1975343181740187, 0.9235720694640521, 0.0722872009837475, 0.3135736763074872, 0.9818316074003612, 0.7708086617155041, 0.7446625990535424, 0.5, 0.5, 0.5, 0.5, 0.5, 0.5, 0.5, 0.5, 0.5, 0.5 * 0.0000263406769953, 0.0000621139168126, 0.0001792378716607, 0.0067088735206342, 0.0036019948247311, 0.0008686451145706, 0.0635520075580080, 0.0205252455340002, 0.0015847881827959, 0.9977367240431609 *   0
0.9857960394517500, 0.9701567846211403, 0.0000827223994223, 0.6653918999551758, 0.1985796420828345, 0.1486934899113576, 0.2447181703731037, 0.3921945692935002, 0.4966697574111958, 0.5, 0.5, 0.5, 0.5, 0.5, 0.5, 0.5, 0.5, 0.5, 0.5 * 0.0002611855206705, 0.0002584671238675, 0.0002601486352985, 0.0001821269817283, 0.0001155442545112, 0.0001609760833640, 0.0009043303444978, 0.0000001358447059, 0.0222851695835072, 0.9997511081608209 *   0
0.6243160309383254, 0.9862470873567495, 0.7295860348872776, 0.3831923228610271, 0.9427514993319062, 0.2176611014724062, 0.9930824050647591, 0.3719002787824256, 0.5986317063675409, 0.5, 0.5, 0.5, 0.5, 0.5, 0.5, 0.5, 0.5, 0.5, 0.5 * 0.0000018459081119, 0.0000025292249684, 0.0000020702135563, 0.0003454343755888, 0.0001229395739773, 0.0040665732612362, 0.0028048857677192, 0.0109521709345909, 0.5563333802269582, 0.8308722411668779 *   0
0.6895677916191368, 0.9971540956744710, 0.8761239610035549, 0.2927205205395448, 0.2914729338565250, 0.3268304431470253, 0.7749395457911024, 0.8554721473974511, 0.0667833593053666, 0.5, 0.5, 0.5, 0.5, 0.5, 0.5, 0.5, 0.5, 0.5, 0.5 * 0.0000219759388531, 0.0000023138370227, 0.0000956572376215, 0.0002660409369953, 0.0001598840221958, 0.0001604176860058, 0.0001797213215626, 0.0020549516558761, 0.4685250233621772, 0.8834477435843573 *   0
0.9961106451210150, 0.6029172547175163, 0.3937770446733465, 0.0052666589642254, 0.3211674356466008, 0.2883533813470757, 0.7999279493465684, 0.1635435843670478, 0.7488858978026015, 0.5, 0.5, 0.5, 0.5, 0.5, 0.5, 0.5, 0.5, 0.5, 0.5 * 0.0002629206915771, 0.0006316180291950, 0.0001797263339944, 0.0021762182710010, 0.0011136945050297, 0.0014051644318973, 0.0000240503592637, 0.0020690741262105, 0.0049589684433014, 0.9999813377694329 *   0
0.9166054562277186, 0.6021759494217932, 0.9486517663805987, 0.5064808086056638, 0.3902873929544759, 0.9993658731688586, 0.3930988066797605, 0.6441618463230142, 0.7840472454130869, 0.5, 0.5, 0.5, 0.5, 0.5, 0.5, 0.5, 0.5, 0.5, 0.5 * 0.0000005050584815, 0.0000014313402528, 0.0000024266439508, 0.0000020325017970, 0.0035242815171634, 0.0024792853657456, 0.0043976306678352, 0.0761673274047175, 0.1059368333665790, 0.9914323068108750 *   0
0.8625161991745774, 0.5587745940120773, 0.0105005297858736, 0.9852839149466175, 0.8997496910857734, 0.4336927963577643, 0.5941342043663068, 0.9051889404213005, 0.4357226371931483, 0.5, 0.5, 0.5, 0.5, 0.5, 0.5, 0.5, 0.5, 0.5, 0.5 * 0.0000263741286808, 0.0000215217431269, 0.0002268788739359, 0.0003097253969437, 0.0003124822343146, 0.0031248885455316, 0.1368523168129529, 0.0022580766084096, 0.1648456671022059, 0.9767713342304803 *   0
0.9842834728696772, 0.5645996274261733, 0.8583485222693293, 0.6932122459137869, 0.7787410611187765, 0.4770530613498078, 0.6512047120608412, 0.4035971823165180, 0.2341084611760957, 0.5, 0.5, 0.5, 0.5, 0.5, 0.5, 0.5, 0.5, 0.5, 0.5 * 0.0001557726891620, 0.0000600132459784, 0.0001227312369407, 0.0003395517914422, 0.0003700856708117, 0.0014997960520088, 0.0030498713722593, 0.0152124491848484, 0.0191332726730003, 0.9996952800601463 *   0
0.9036915059684271, 0.9587436993414274, 0.6125954783580245, 0.4912772949278715, 0.3471686529680941, 0.8823335766244370, 0.1377868531913435, 0.8535206275309998, 0.8363586109300882, 0.5, 0.5, 0.5, 0.5, 0.5, 0.5, 0.5, 0.5, 0.5, 0.5 * 0.0000355790564310, 0.0001353524240086, 0.0005974726882891, 0.0001349276981548, 0.0033605607268698, 0.0020741798715859, 0.0038906890359341, 0.0080076410945334, 0.1503883056786816, 0.9885788321536318 *   0
0.5965898421577130, 0.9931818051231940, 0.0914415354334943, 0.4319339312761714, 0.8964371024148712, 0.3586214740567941, 0.2753412831925514, 0.9647350311115082, 0.6100848855497710, 0.5, 0.5, 0.5, 0.5, 0.5, 0.5, 0.5, 0.5, 0.5, 0.5 * 0.0000193353966730, 0.0000275192857840, 0.0006065348635322, 0.0002804409158603, 0.0004225790841859, 0.0048215878617880, 0.0039389314474316, 0.0009077216850347, 0.5920764720192124, 0.8058568348014862 *   0
0.9482631450278047, 0.9679186781718948, 0.5944597658675442, 0.4478976872972668, 0.1819892554460043, 0.8745201415729337, 0.4549800527538080, 0.1411402342566942, 0.0520840268824641, 0.5, 0.5, 0.5, 0.5, 0.5, 0.5, 0.5, 0.5, 0.5, 0.5 * 0.0002558936430921, 0.0000209823640764, 0.0000578740038267, 0.0002283738854893, 0.0017449623401201, 0.0005230029588039, 0.0015734868122669, 0.0032871271671890, 0.0810755816737758, 0.9966995681442757 *   0
0.9777861232765885, 0.7378735326872550, 0.0501214289339825, 0.0180305908518054, 0.6956497201210119, 0.9168252092398821, 0.5308110343901492, 0.6600015022140003, 0.1529993508723561, 0.5, 0.5, 0.5, 0.5, 0.5, 0.5, 0.5, 0.5, 0.5, 0.5 * 0.0002770910153422, 0.0000679059638710, 0.0004824024331938, 0.0006175036385951, 0.0063464227615920, 0.0123532065972039, 0.0003941574391877, 0.0010980949688798, 0.0319706930977304, 0.9993912844334791 *   0
0.9365060357081266, 0.8719762730747351, 0.5754129186158129, 0.5341810437544161, 0.1026403685578333, 0.7322091980521610, 0.8197262523787684, 0.9825816731818866, 0.0306654740267738, 0.5, 0.5, 0.5, 0.5, 0.5, 0.5, 0.5, 0.5, 0.5, 0.5 * 0.0000252953790865, 0.0000012194017884, 0.0009253595804265, 0.0031811946685146, 0.0074062223883745, 0.0013195715586004, 0.0091538483911881, 0.0156270905352793, 0.0975642274289247, 0.9950304780743406 *   0
0.6272026489615453, 0.9885650142042735, 0.8921594162900743, 0.5821639777078126, 0.5977020396840302, 0.0993919373021424, 0.2325272728840482, 0.2825915130239872, 0.9586349506669840, 0.5, 0.5, 0.5, 0.5, 0.5, 0.5, 0.5, 0.5, 0.5, 0.5 * 0.0000326373441759, 0.0005015908480367, 0.0002390339199241, 0.0002128478571937, 0.0000937983499278, 0.0008240168113223, 0.0013258375940593, 0.0097848190448835, 0.5526009448691896, 0.8333868563271057 *   0
0.9272509631362049, 0.7272594881836602, 0.5462723670277150, 0.7867767083397027, 0.3563257429545399, 0.8587923421798238, 0.7558061670306168, 0.9895815416190687, 0.3950865698955425, 0.5, 0.5, 0.5, 0.5, 0.5, 0.5, 0.5, 0.5, 0.5, 0.5 * 0.0000094567954693, 0.0000067598687059, 0.0007102457489331, 0.0017601499672366, 0.0084164985896980, 0.0054058169684112, 0.0292535764437016, 0.0358396849656528, 0.1037201434012097, 0.9934778377407236 *   0
0.3300454715872395, 0.9867372759556106, 0.3931925047157298, 0.9852576134657756, 0.2599493964854392, 0.6150974084693461, 0.7652969550179769, 0.5858933574454362, 0.6877509931511018, 0.5, 0.5, 0.5, 0.5, 0.5, 0.5, 0.5, 0.5, 0.5, 0.5 * 0.0000183184303086, 0.0000343038976205, 0.0000511048000425, 0.0001662252026759, 0.0002579166814920, 0.0001356295670050, 0.0147474382079177, 0.0104783590880487, 0.8684076380283116, 0.4955207105661475 *   0
0.9503852193944088, 0.0525411698280560, 0.4373314801777394, 0.8280101967174607, 0.9710413622535027, 0.4254601627706830, 0.4094027073166346, 0.7506689223231138, 0.2930080039859786, 0.5, 0.5, 0.5, 0.5, 0.5, 0.5, 0.5, 0.5, 0.5, 0.5 * 0.0001563873000099, 0.0000775317439908, 0.0004226597085656, 0.0003426687139296, 0.0004511485108731, 0.0159943784972507, 0.0578155420049066, 0.0492072295285188, 0.0064182658187957, 0.9969646269145952 *   0
0.7871149903103314, 0.1831063652332436, 0.3274140997451796, 0.9340791408596929, 0.9878542390595443, 0.6068631217846940, 0.7413940977963591, 0.9920990918726190, 0.7131273055975919, 0.5, 0.5, 0.5, 0.5, 0.5, 0.5, 0.5, 0.5, 0.5, 0.5 * 0.0000006681746711, 0.0000013810449052, 0.0001236118995115, 0.0002873973143458, 0.0004405203285241, 0.0283170323470759, 0.2725385537980770, 0.1548186931006178, 0.0931020674573109, 0.9446077322025619 *   0
0.9631992550395425, 0.7025213375233679, 0.1011945088865210, 0.3259531782595222, 0.9153002029821743, 0.6380976101560972, 0.7091272569769654, 0.7256482689295188, 0.1535887178748793, 0.5, 0.5, 0.5, 0.5, 0.5, 0.5, 0.5, 0.5, 0.5, 0.5 * 0.0002862882655843, 0.0000704409299172, 0.0006412456087907, 0.0014356816036859, 0.0025042794383193, 0.0222035569943041, 0.0125895580451096, 0.0041194135529160, 0.0515807419525174, 0.9983296709307194 *   0
0.6446166618934910, 0.0659220102550099, 0.9278539796023881, 0.9924987968953787, 0.9287919415760748, 0.0970542924930594, 0.0041927928124521, 0.5216365393817595, 0.5333101332808426, 0.5, 0.5, 0.5, 0.5, 0.5, 0.5, 0.5, 0.5, 0.5, 0.5 * 0.0000353784686472, 0.0000392888905919, 0.0000565918250745, 0.0000005100687552, 0.0000118994301606, 0.0006976050807918, 0.0595746068240432, 0.5234729901756895, 0.0547514404671740, 0.8481914181082356 *   0
0.9521153145246745, 0.7366756618659365, 0.8820985974194941, 0.3489794285730363, 0.9266130299896994, 0.3273771197196921, 0.4029945840141711, 0.1461123629222216, 0.0839937921073259, 0.5, 0.5, 0.5, 0.5, 0.5, 0.5, 0.5, 0.5, 0.5, 0.5 * 0.0003699731569752, 0.0000490984235278, 0.0000871944477907, 0.0002812238073592, 0.0002685588970214, 0.0047153685070100, 0.0028984304481574, 0.0296873710898471, 0.0688089758432791, 0.9971725282705989 *   0
0.9650836195634136, 0.7147783477393810, 0.2537445510987866, 0.4235229494159682, 0.3923196128533779, 0.8835415020042758, 0.6535092646505262, 0.3099990567704659, 0.8666303604220181, 0.5, 0.5, 0.5, 0.5, 0.5, 0.5, 0.5, 0.5, 0.5, 0.5 * 0.0002432548442199, 0.0011441032244900, 0.0006193100596282, 0.0021867454275148, 0.0138165864189765, 0.0099519153670277, 0.0135092091670703, 0.0092164163610478, 0.0494086288770980, 0.9984963065050655 *   0
0.8245388007837062, 0.9912511762190849, 0.3349021772550895, 0.6907247736541204, 0.4706275670186745, 0.5689225562703435, 0.1329305051513624, 0.4419176096291829, 0.5716380414420916, 0.5, 0.5, 0.5, 0.5, 0.5, 0.5, 0.5, 0.5, 0.5, 0.5 * 0.0003276409075540, 0.0004111261375201, 0.0004375808606024, 0.0001449354991956, 0.0008697021894876, 0.0010174058209598, 0.0028599205822773, 0.0018778588239999, 0.2721119318049037, 0.9622583388658302 *   0
0.5377123479441331, 0.0864845258586502, 0.9530437136781605, 0.9658420560722435, 0.6480051012001955, 0.4582738487321296, 0.2745085085157810, 0.9958975343014568, 0.3768236713376006, 0.5, 0.5, 0.5, 0.5, 0.5, 0.5, 0.5, 0.5, 0.5, 0.5 * 0.0000049878717228, 0.0000033534965740, 0.0009326783592612, 0.0004291067428867, 0.0009001984437333, 0.0022125957447202, 0.0484110544943123, 0.6560966051728190, 0.0899273347996455, 0.7477298502430355 *   0
0.5489198563382588, 0.9884937489351694, 0.1150787538453372, 0.3153882270284873, 0.1020968542909701, 0.9722069012803057, 0.4194336116404429, 0.1190541429068214, 0.3537049663037550, 0.5, 0.5, 0.5, 0.5, 0.5, 0.5, 0.5, 0.5, 0.5, 0.5 * 0.0002894420540628, 0.0001796956817080, 0.0000644649658438, 0.0002684590419039, 0.0100380443729298, 0.0016253285265360, 0.0054998903735392, 0.0021143799853795, 0.6506309980011623, 0.7593029624084752 *   0
0.5760867710113929, 0.8776292954001712, 0.9719269722569394, 0.0041036112253105, 0.6283227366527183, 0.9939424064913497, 0.5511745952773721, 0.7327211442090203, 0.2121027406361432, 0.5, 0.5, 0.5, 0.5, 0.5, 0.5, 0.5, 0.5, 0.5, 0.5 * 0.0000068112261595, 0.0000023571669954, 0.0000161466577768, 0.0000207808258430, 0.0028674845238538, 0.0043405610675125, 0.0000335340143004, 0.1178994298653778, 0.6063750757666029, 0.7863726388421419 *   0
0.8863202304981277, 0.7641998588872142, 0.5620820781039456, 0.7083967033347099, 0.8347494736475635, 0.8888346263621164, 0.0069322939994430, 0.1081356467251366, 0.7839338317438652, 0.5, 0.5, 0.5, 0.5, 0.5, 0.5, 0.5, 0.5, 0.5, 0.5 * 0.0002641037410067, 0.0007480476407645, 0.0001360603975456, 0.0000087649085612, 0.0045627212765108, 0.0174464002759435, 0.0366132538517502, 0.0496742910912794, 0.1655749382215224, 0.9840990961567617 *   0
0.7815501283768332, 0.2591683511897774, 0.9491184963607782, 0.4959812832511875, 0.5966012373550801, 0.2653039485520236, 0.8133801635417064, 0.8071101814541547, 0.9947448023570444, 0.5, 0.5, 0.5, 0.5, 0.5, 0.5, 0.5, 0.5, 0.5, 0.5 * 0.0000067632609700, 0.0008192894259361, 0.0026208419545763, 0.0090973544800188, 0.0042065396105608, 0.0141441604374693, 0.0173312697081319, 0.3079628553929403, 0.1332153108161858, 0.9417027840835508 *   0
0.9168172166295430, 0.1759835845678968, 0.6475077302416357, 0.0407142443772006, 0.6378780983564808, 0.5078230982217113, 0.9799794652406031, 0.1986915125505493, 0.2480243315212542, 0.5, 0.5, 0.5, 0.5, 0.5, 0.5, 0.5, 0.5, 0.5, 0.5 * 0.0006849136080274, 0.0002812134668509, 0.0002388882300328, 0.0247303651336916, 0.0253582947179843, 0.0554185798238610, 0.0042123571315443, 0.1066171099600829, 0.0355601473954151, 0.9914757009189776 *   0
0.4643734365070115, 0.6121996695232577, 0.7486390637926008, 0.8855296396117330, 0.8632760061245766, 0.0364785501903289, 0.9434305214991003, 0.4795329386738748, 0.7664683711558898, 0.5, 0.5, 0.5, 0.5, 0.5, 0.5, 0.5, 0.5, 0.5, 0.5 * 0.0001449697489855, 0.0003773077904612, 0.0003790111178273, 0.0062192919239972, 0.0003581714029975, 0.0286719054073690, 0.1614437501403577, 0.3937634633723973, 0.6114493977353613, 0.6664493164505109 *   0
