0.99999, 0.20433, 0.5, 0.5, 0.5, 0.5, 0.5, 0.5, 0.5, 0.5, 0.5, 0.5 * 0.00001, 0.00000, 1.00000 *   0
0.99999, 0.25511, 0.5, 0.5, 0.5, 0.5, 0.5, 0.5, 0.5, 0.5, 0.5, 0.5 * 0.00001, 0.00001, 1.00000 *   0
0.99997, 0.46411, 0.5, 0.5, 0.5, 0.5, 0.5, 0.5, 0.5, 0.5, 0.5, 0.5 * 0.00004, 0.00003, 1.00000 *   0
0.99995, 0.46870, 0.5, 0.5, 0.5, 0.5, 0.5, 0.5, 0.5, 0.5, 0.5, 0.5 * 0.00006, 0.00005, 1.00000 *   0
0.99989, 0.29799, 0.5, 0.5, 0.5, 0.5, 0.5, 0.5, 0.5, 0.5, 0.5, 0.5 * 0.00015, 0.00008, 1.00000 *   0
0.99972, 0.57020, 0.5, 0.5, 0.5, 0.5, 0.5, 0.5, 0.5, 0.5, 0.5, 0.5 * 0.00027, 0.00034, 1.00000 *   0
0.99928, 0.07900, 0.5, 0.5, 0.5, 0.5, 0.5, 0.5, 0.5, 0.5, 0.5, 0.5 * 0.00112, 0.00014, 1.00000 *   0
0.99942, 0.72731, 0.5, 0.5, 0.5, 0.5, 0.5, 0.5, 0.5, 0.5, 0.5, 0.5 * 0.00038, 0.00083, 1.00000 *   0
0.99941, 0.36835, 0.5, 0.5, 0.5, 0.5, 0.5, 0.5, 0.5, 0.5, 0.5, 0.5 * 0.00078, 0.00051, 1.00000 *   0
0.99915, 0.05704, 0.5, 0.5, 0.5, 0.5, 0.5, 0.5, 0.5, 0.5, 0.5, 0.5 * 0.00133, 0.00012, 1.00000 *   0
0.99915, 0.95136, 0.5, 0.5, 0.5, 0.5, 0.5, 0.5, 0.5, 0.5, 0.5, 0.5 * 0.00010, 0.00133, 1.00000 *   0
0.99880, 0.02867, 0.5, 0.5, 0.5, 0.5, 0.5, 0.5, 0.5, 0.5, 0.5, 0.5 * 0.00188, 0.00008, 1.00000 *   0
0.99887, 0.82445, 0.5, 0.5, 0.5, 0.5, 0.5, 0.5, 0.5, 0.5, 0.5, 0.5 * 0.00048, 0.00171, 1.00000 *   0
0.99905, 0.66770, 0.5, 0.5, 0.5, 0.5, 0.5, 0.5, 0.5, 0.5, 0.5, 0.5 * 0.00074, 0.00129, 1.00000 *   0
0.99881, 0.13618, 0.5, 0.5, 0.5, 0.5, 0.5, 0.5, 0.5, 0.5, 0.5, 0.5 * 0.00183, 0.00040, 1.00000 *   0
0.99844, 0.00138, 0.5, 0.5, 0.5, 0.5, 0.5, 0.5, 0.5, 0.5, 0.5, 0.5 * 0.00245, 0.00001, 1.00000 *   0
0.99883, 0.63528, 0.5, 0.5, 0.5, 0.5, 0.5, 0.5, 0.5, 0.5, 0.5, 0.5 * 0.00100, 0.00154, 1.00000 *   0
0.99837, 0.05763, 0.5, 0.5, 0.5, 0.5, 0.5, 0.5, 0.5, 0.5, 0.5, 0.5 * 0.00255, 0.00023, 1.00000 *   0
0.99845, 0.11280, 0.5, 0.5, 0.5, 0.5, 0.5, 0.5, 0.5, 0.5, 0.5, 0.5 * 0.00240, 0.00043, 1.00000 *   0
0.99848, 0.18242, 0.5, 0.5, 0.5, 0.5, 0.5, 0.5, 0.5, 0.5, 0.5, 0.5 * 0.00229, 0.00067, 1.00000 *   0
0.99844, 0.76217, 0.5, 0.5, 0.5, 0.5, 0.5, 0.5, 0.5, 0.5, 0.5, 0.5 * 0.00089, 0.00228, 1.00000 *   0
0.99795, 0.84333, 0.5, 0.5, 0.5, 0.5, 0.5, 0.5, 0.5, 0.5, 0.5, 0.5 * 0.00078, 0.00312, 0.99999 *   0
0.99743, 0.02401, 0.5, 0.5, 0.5, 0.5, 0.5, 0.5, 0.5, 0.5, 0.5, 0.5 * 0.00403, 0.00015, 0.99999 *   0
0.99702, 0.00694, 0.5, 0.5, 0.5, 0.5, 0.5, 0.5, 0.5, 0.5, 0.5, 0.5 * 0.00468, 0.00005, 0.99999 *   0
0.99805, 0.38315, 0.5, 0.5, 0.5, 0.5, 0.5, 0.5, 0.5, 0.5, 0.5, 0.5 * 0.00252, 0.00173, 1.00000 *   0
0.99792, 0.56668, 0.5, 0.5, 0.5, 0.5, 0.5, 0.5, 0.5, 0.5, 0.5, 0.5 * 0.00206, 0.00254, 0.99999 *   0
0.99711, 0.18680, 0.5, 0.5, 0.5, 0.5, 0.5, 0.5, 0.5, 0.5, 0.5, 0.5 * 0.00435, 0.00131, 0.99999 *   0
0.99716, 0.81706, 0.5, 0.5, 0.5, 0.5, 0.5, 0.5, 0.5, 0.5, 0.5, 0.5 * 0.00126, 0.00428, 0.99999 *   0
0.99644, 0.06008, 0.5, 0.5, 0.5, 0.5, 0.5, 0.5, 0.5, 0.5, 0.5, 0.5 * 0.00557, 0.00053, 0.99998 *   0
0.99736, 0.31708, 0.5, 0.5, 0.5, 0.5, 0.5, 0.5, 0.5, 0.5, 0.5, 0.5 * 0.00364, 0.00198, 0.99999 *   0
0.99714, 0.78143, 0.5, 0.5, 0.5, 0.5, 0.5, 0.5, 0.5, 0.5, 0.5, 0.5 * 0.00151, 0.00423, 0.99999 *   0
0.99714, 0.75872, 0.5, 0.5, 0.5, 0.5, 0.5, 0.5, 0.5, 0.5, 0.5, 0.5 * 0.00166, 0.00417, 0.99999 *   0
0.99586, 0.95768, 0.5, 0.5, 0.5, 0.5, 0.5, 0.5, 0.5, 0.5, 0.5, 0.5 * 0.00043, 0.00649, 0.99998 *   0
0.99639, 0.87149, 0.5, 0.5, 0.5, 0.5, 0.5, 0.5, 0.5, 0.5, 0.5, 0.5 * 0.00114, 0.00556, 0.99998 *   0
0.99605, 0.07648, 0.5, 0.5, 0.5, 0.5, 0.5, 0.5, 0.5, 0.5, 0.5, 0.5 * 0.00616, 0.00074, 0.99998 *   0
0.99714, 0.39132, 0.5, 0.5, 0.5, 0.5, 0.5, 0.5, 0.5, 0.5, 0.5, 0.5 * 0.00367, 0.00259, 0.99999 *   0
0.99617, 0.11734, 0.5, 0.5, 0.5, 0.5, 0.5, 0.5, 0.5, 0.5, 0.5, 0.5 * 0.00591, 0.00110, 0.99998 *   0
0.99657, 0.79657, 0.5, 0.5, 0.5, 0.5, 0.5, 0.5, 0.5, 0.5, 0.5, 0.5 * 0.00169, 0.00512, 0.99999 *   0
0.99490, 0.02013, 0.5, 0.5, 0.5, 0.5, 0.5, 0.5, 0.5, 0.5, 0.5, 0.5 * 0.00801, 0.00025, 0.99997 *   0
0.99682, 0.50751, 0.5, 0.5, 0.5, 0.5, 0.5, 0.5, 0.5, 0.5, 0.5, 0.5 * 0.00349, 0.00357, 0.99999 *   0
0.99657, 0.45382, 0.5, 0.5, 0.5, 0.5, 0.5, 0.5, 0.5, 0.5, 0.5, 0.5 * 0.00408, 0.00352, 0.99999 *   0
0.99613, 0.46433, 0.5, 0.5, 0.5, 0.5, 0.5, 0.5, 0.5, 0.5, 0.5, 0.5 * 0.00453, 0.00405, 0.99998 *   0
0.99348, 0.94561, 0.5, 0.5, 0.5, 0.5, 0.5, 0.5, 0.5, 0.5, 0.5, 0.5 * 0.00087, 0.01020, 0.99995 *   0
0.99419, 0.09295, 0.5, 0.5, 0.5, 0.5, 0.5, 0.5, 0.5, 0.5, 0.5, 0.5 * 0.00903, 0.00133, 0.99996 *   0
0.99584, 0.58329, 0.5, 0.5, 0.5, 0.5, 0.5, 0.5, 0.5, 0.5, 0.5, 0.5 * 0.00398, 0.00518, 0.99998 *   0
0.99306, 0.93884, 0.5, 0.5, 0.5, 0.5, 0.5, 0.5, 0.5, 0.5, 0.5, 0.5 * 0.00105, 0.01085, 0.99994 *   0
0.99528, 0.34598, 0.5, 0.5, 0.5, 0.5, 0.5, 0.5, 0.5, 0.5, 0.5, 0.5 * 0.00635, 0.00383, 0.99997 *   0
0.99540, 0.52698, 0.5, 0.5, 0.5, 0.5, 0.5, 0.5, 0.5, 0.5, 0.5, 0.5 * 0.00489, 0.00532, 0.99997 *   0
0.99453, 0.72243, 0.5, 0.5, 0.5, 0.5, 0.5, 0.5, 0.5, 0.5, 0.5, 0.5 * 0.00363, 0.00779, 0.99996 *   0
0.99501, 0.57715, 0.5, 0.5, 0.5, 0.5, 0.5, 0.5, 0.5, 0.5, 0.5, 0.5 * 0.00483, 0.00617, 0.99997 *   0
0.99491, 0.47188, 0.5, 0.5, 0.5, 0.5, 0.5, 0.5, 0.5, 0.5, 0.5, 0.5 * 0.00590, 0.00540, 0.99997 *   0
0.99442, 0.57172, 0.5, 0.5, 0.5, 0.5, 0.5, 0.5, 0.5, 0.5, 0.5, 0.5 * 0.00546, 0.00686, 0.99996 *   0
0.99416, 0.51474, 0.5, 0.5, 0.5, 0.5, 0.5, 0.5, 0.5, 0.5, 0.5, 0.5 * 0.00633, 0.00663, 0.99996 *   0
0.99244, 0.12090, 0.5, 0.5, 0.5, 0.5, 0.5, 0.5, 0.5, 0.5, 0.5, 0.5 * 0.01166, 0.00224, 0.99993 *   0
0.99407, 0.47165, 0.5, 0.5, 0.5, 0.5, 0.5, 0.5, 0.5, 0.5, 0.5, 0.5 * 0.00687, 0.00629, 0.99996 *   0
0.99390, 0.58474, 0.5, 0.5, 0.5, 0.5, 0.5, 0.5, 0.5, 0.5, 0.5, 0.5 * 0.00582, 0.00761, 0.99995 *   0
0.99290, 0.77160, 0.5, 0.5, 0.5, 0.5, 0.5, 0.5, 0.5, 0.5, 0.5, 0.5 * 0.00392, 0.01044, 0.99994 *   0
0.99362, 0.53131, 0.5, 0.5, 0.5, 0.5, 0.5, 0.5, 0.5, 0.5, 0.5, 0.5 * 0.00673, 0.00743, 0.99995 *   0
0.99311, 0.71138, 0.5, 0.5, 0.5, 0.5, 0.5, 0.5, 0.5, 0.5, 0.5, 0.5 * 0.00474, 0.00973, 0.99994 *   0
0.99361, 0.44530, 0.5, 0.5, 0.5, 0.5, 0.5, 0.5, 0.5, 0.5, 0.5, 0.5 * 0.00768, 0.00646, 0.99995 *   0
0.99340, 0.44254, 0.5, 0.5, 0.5, 0.5, 0.5, 0.5, 0.5, 0.5, 0.5, 0.5 * 0.00796, 0.00664, 0.99995 *   0
0.99314, 0.33620, 0.5, 0.5, 0.5, 0.5, 0.5, 0.5, 0.5, 0.5, 0.5, 0.5 * 0.00931, 0.00543, 0.99994 *   0
0.01843, 0.00647, 0.5, 0.5, 0.5, 0.5, 0.5, 0.5, 0.5, 0.5, 0.5, 0.5 * 0.99953, 0.01016, 0.02895 *   0
0.99099, 0.81423, 0.5, 0.5, 0.5, 0.5, 0.5, 0.5, 0.5, 0.5, 0.5, 0.5 * 0.00407, 0.01355, 0.99990 *   0
0.98967, 0.84997, 0.5, 0.5, 0.5, 0.5, 0.5, 0.5, 0.5, 0.5, 0.5, 0.5 * 0.00379, 0.01578, 0.99987 *   0
0.98942, 0.85377, 0.5, 0.5, 0.5, 0.5, 0.5, 0.5, 0.5, 0.5, 0.5, 0.5 * 0.00378, 0.01618, 0.99986 *   0
0.98898, 0.87128, 0.5, 0.5, 0.5, 0.5, 0.5, 0.5, 0.5, 0.5, 0.5, 0.5 * 0.00348, 0.01696, 0.99985 *   0
0.98744, 0.09091, 0.5, 0.5, 0.5, 0.5, 0.5, 0.5, 0.5, 0.5, 0.5, 0.5 * 0.01953, 0.00281, 0.99981 *   0
0.99044, 0.31269, 0.5, 0.5, 0.5, 0.5, 0.5, 0.5, 0.5, 0.5, 0.5, 0.5 * 0.01324, 0.00708, 0.99989 *   0
0.99075, 0.53364, 0.5, 0.5, 0.5, 0.5, 0.5, 0.5, 0.5, 0.5, 0.5, 0.5 * 0.00972, 0.01080, 0.99989 *   0
0.98478, 0.05445, 0.5, 0.5, 0.5, 0.5, 0.5, 0.5, 0.5, 0.5, 0.5, 0.5 * 0.02382, 0.00204, 0.99971 *   0
0.98772, 0.83216, 0.5, 0.5, 0.5, 0.5, 0.5, 0.5, 0.5, 0.5, 0.5, 0.5 * 0.00503, 0.01862, 0.99981 *   0
0.98577, 0.08064, 0.5, 0.5, 0.5, 0.5, 0.5, 0.5, 0.5, 0.5, 0.5, 0.5 * 0.02217, 0.00282, 0.99975 *   0
0.98814, 0.21114, 0.5, 0.5, 0.5, 0.5, 0.5, 0.5, 0.5, 0.5, 0.5, 0.5 * 0.01761, 0.00607, 0.99983 *   0
0.98839, 0.25047, 0.5, 0.5, 0.5, 0.5, 0.5, 0.5, 0.5, 0.5, 0.5, 0.5 * 0.01684, 0.00699, 0.99983 *   0
0.98955, 0.57645, 0.5, 0.5, 0.5, 0.5, 0.5, 0.5, 0.5, 0.5, 0.5, 0.5 * 0.01013, 0.01291, 0.99987 *   0
0.98883, 0.31603, 0.5, 0.5, 0.5, 0.5, 0.5, 0.5, 0.5, 0.5, 0.5, 0.5 * 0.01543, 0.00836, 0.99985 *   0
0.98921, 0.37875, 0.5, 0.5, 0.5, 0.5, 0.5, 0.5, 0.5, 0.5, 0.5, 0.5 * 0.01404, 0.00950, 0.99986 *   0
0.98439, 0.10553, 0.5, 0.5, 0.5, 0.5, 0.5, 0.5, 0.5, 0.5, 0.5, 0.5 * 0.02418, 0.00405, 0.99970 *   0
0.02882, 0.01006, 0.5, 0.5, 0.5, 0.5, 0.5, 0.5, 0.5, 0.5, 0.5, 0.5 * 0.99885, 0.01579, 0.04525 *   0
0.98891, 0.50812, 0.5, 0.5, 0.5, 0.5, 0.5, 0.5, 0.5, 0.5, 0.5, 0.5 * 0.01216, 0.01247, 0.99985 *   0
0.98555, 0.80771, 0.5, 0.5, 0.5, 0.5, 0.5, 0.5, 0.5, 0.5, 0.5, 0.5 * 0.00675, 0.02167, 0.99974 *   0
0.98622, 0.22589, 0.5, 0.5, 0.5, 0.5, 0.5, 0.5, 0.5, 0.5, 0.5, 0.5 * 0.02030, 0.00752, 0.99977 *   0
0.97822, 0.97652, 0.5, 0.5, 0.5, 0.5, 0.5, 0.5, 0.5, 0.5, 0.5, 0.5 * 0.00126, 0.03418, 0.99941 *   0
0.02280, 0.01250, 0.5, 0.5, 0.5, 0.5, 0.5, 0.5, 0.5, 0.5, 0.5, 0.5 * 0.99917, 0.01962, 0.03581 *   0
0.98565, 0.73994, 0.5, 0.5, 0.5, 0.5, 0.5, 0.5, 0.5, 0.5, 0.5, 0.5 * 0.00895, 0.02068, 0.99975 *   0
0.98619, 0.33674, 0.5, 0.5, 0.5, 0.5, 0.5, 0.5, 0.5, 0.5, 0.5, 0.5 * 0.01873, 0.01095, 0.99976 *   0
0.97983, 0.09526, 0.5, 0.5, 0.5, 0.5, 0.5, 0.5, 0.5, 0.5, 0.5, 0.5 * 0.03132, 0.00472, 0.99950 *   0
0.98565, 0.60535, 0.5, 0.5, 0.5, 0.5, 0.5, 0.5, 0.5, 0.5, 0.5, 0.5 * 0.01309, 0.01835, 0.99975 *   0
0.97651, 0.04447, 0.5, 0.5, 0.5, 0.5, 0.5, 0.5, 0.5, 0.5, 0.5, 0.5 * 0.03680, 0.00257, 0.99932 *   0
0.98507, 0.65013, 0.5, 0.5, 0.5, 0.5, 0.5, 0.5, 0.5, 0.5, 0.5, 0.5 * 0.01225, 0.02000, 0.99973 *   0
0.98259, 0.20452, 0.5, 0.5, 0.5, 0.5, 0.5, 0.5, 0.5, 0.5, 0.5, 0.5 * 0.02595, 0.00863, 0.99963 *   0
0.98177, 0.81182, 0.5, 0.5, 0.5, 0.5, 0.5, 0.5, 0.5, 0.5, 0.5, 0.5 * 0.00834, 0.02739, 0.99959 *   0
0.98387, 0.30871, 0.5, 0.5, 0.5, 0.5, 0.5, 0.5, 0.5, 0.5, 0.5, 0.5 * 0.02241, 0.01181, 0.99968 *   0
0.00342, 0.97914, 0.5, 0.5, 0.5, 0.5, 0.5, 0.5, 0.5, 0.5, 0.5, 0.5 * 0.03276, 0.99945, 0.00537 *   0
0.98049, 0.17591, 0.5, 0.5, 0.5, 0.5, 0.5, 0.5, 0.5, 0.5, 0.5, 0.5 * 0.02948, 0.00836, 0.99953 *   0
0.98426, 0.50525, 0.5, 0.5, 0.5, 0.5, 0.5, 0.5, 0.5, 0.5, 0.5, 0.5 * 0.01734, 0.01762, 0.99969 *   0
0.98413, 0.53146, 0.5, 0.5, 0.5, 0.5, 0.5, 0.5, 0.5, 0.5, 0.5, 0.5 * 0.01673, 0.01847, 0.99969 *   0
0.01610, 0.01848, 0.5, 0.5, 0.5, 0.5, 0.5, 0.5, 0.5, 0.5, 0.5, 0.5 * 0.99926, 0.02901, 0.02529 *   0
0.98133, 0.75759, 0.5, 0.5, 0.5, 0.5, 0.5, 0.5, 0.5, 0.5, 0.5, 0.5 * 0.01090, 0.02722, 0.99957 *   0
0.98019, 0.20667, 0.5, 0.5, 0.5, 0.5, 0.5, 0.5, 0.5, 0.5, 0.5, 0.5 * 0.02949, 0.00992, 0.99952 *   0
0.98252, 0.38663, 0.5, 0.5, 0.5, 0.5, 0.5, 0.5, 0.5, 0.5, 0.5, 0.5 * 0.02254, 0.01567, 0.99962 *   0
0.00227, 0.02298, 0.5, 0.5, 0.5, 0.5, 0.5, 0.5, 0.5, 0.5, 0.5, 0.5 * 0.99934, 0.03609, 0.00357 *   0
0.98208, 0.51720, 0.5, 0.5, 0.5, 0.5, 0.5, 0.5, 0.5, 0.5, 0.5, 0.5 * 0.01936, 0.02043, 0.99960 *   0
0.12785, 0.00134, 0.5, 0.5, 0.5, 0.5, 0.5, 0.5, 0.5, 0.5, 0.5, 0.5 * 0.97990, 0.00206, 0.19948 *   0
0.97958, 0.28450, 0.5, 0.5, 0.5, 0.5, 0.5, 0.5, 0.5, 0.5, 0.5, 0.5 * 0.02892, 0.01386, 0.99949 *   0
0.97934, 0.27446, 0.5, 0.5, 0.5, 0.5, 0.5, 0.5, 0.5, 0.5, 0.5, 0.5 * 0.02948, 0.01356, 0.99947 *   0
0.97109, 0.07187, 0.5, 0.5, 0.5, 0.5, 0.5, 0.5, 0.5, 0.5, 0.5, 0.5 * 0.04511, 0.00511, 0.99897 *   0
0.97704, 0.80349, 0.5, 0.5, 0.5, 0.5, 0.5, 0.5, 0.5, 0.5, 0.5, 0.5 * 0.01095, 0.03435, 0.99935 *   0
0.98056, 0.43948, 0.5, 0.5, 0.5, 0.5, 0.5, 0.5, 0.5, 0.5, 0.5, 0.5 * 0.02354, 0.01944, 0.99953 *   0
0.97394, 0.15421, 0.5, 0.5, 0.5, 0.5, 0.5, 0.5, 0.5, 0.5, 0.5, 0.5 * 0.03973, 0.00982, 0.99916 *   0
0.97900, 0.43015, 0.5, 0.5, 0.5, 0.5, 0.5, 0.5, 0.5, 0.5, 0.5, 0.5 * 0.02573, 0.02063, 0.99946 *   0
0.97495, 0.19487, 0.5, 0.5, 0.5, 0.5, 0.5, 0.5, 0.5, 0.5, 0.5, 0.5 * 0.03751, 0.01185, 0.99923 *   0
0.08492, 0.98892, 0.5, 0.5, 0.5, 0.5, 0.5, 0.5, 0.5, 0.5, 0.5, 0.5 * 0.01725, 0.99097, 0.13300 *   0
0.97792, 0.49599, 0.5, 0.5, 0.5, 0.5, 0.5, 0.5, 0.5, 0.5, 0.5, 0.5 * 0.02467, 0.02436, 0.99940 *   0
0.07542, 0.01284, 0.5, 0.5, 0.5, 0.5, 0.5, 0.5, 0.5, 0.5, 0.5, 0.5 * 0.99279, 0.02003, 0.11819 *   0
0.97382, 0.78786, 0.5, 0.5, 0.5, 0.5, 0.5, 0.5, 0.5, 0.5, 0.5, 0.5 * 0.01345, 0.03885, 0.99915 *   0
0.96447, 0.93795, 0.5, 0.5, 0.5, 0.5, 0.5, 0.5, 0.5, 0.5, 0.5, 0.5 * 0.00543, 0.05552, 0.99844 *   0
0.97685, 0.44838, 0.5, 0.5, 0.5, 0.5, 0.5, 0.5, 0.5, 0.5, 0.5, 0.5 * 0.02771, 0.02354, 0.99934 *   0
0.97331, 0.23030, 0.5, 0.5, 0.5, 0.5, 0.5, 0.5, 0.5, 0.5, 0.5, 0.5 * 0.03920, 0.01483, 0.99912 *   0
0.95645, 0.01780, 0.5, 0.5, 0.5, 0.5, 0.5, 0.5, 0.5, 0.5, 0.5, 0.5 * 0.06833, 0.00191, 0.99766 *   0
0.97539, 0.65915, 0.5, 0.5, 0.5, 0.5, 0.5, 0.5, 0.5, 0.5, 0.5, 0.5 * 0.01972, 0.03324, 0.99925 *   0
0.96286, 0.93982, 0.5, 0.5, 0.5, 0.5, 0.5, 0.5, 0.5, 0.5, 0.5, 0.5 * 0.00550, 0.05805, 0.99830 *   0
0.95855, 0.04277, 0.5, 0.5, 0.5, 0.5, 0.5, 0.5, 0.5, 0.5, 0.5, 0.5 * 0.06492, 0.00437, 0.99788 *   0
0.03317, 0.97416, 0.5, 0.5, 0.5, 0.5, 0.5, 0.5, 0.5, 0.5, 0.5, 0.5 * 0.04052, 0.99782, 0.05208 *   0
0.97326, 0.69752, 0.5, 0.5, 0.5, 0.5, 0.5, 0.5, 0.5, 0.5, 0.5, 0.5 * 0.01921, 0.03734, 0.99912 *   0
0.07009, 0.01732, 0.5, 0.5, 0.5, 0.5, 0.5, 0.5, 0.5, 0.5, 0.5, 0.5 * 0.99358, 0.02704, 0.10987 *   0
0.96063, 0.91805, 0.5, 0.5, 0.5, 0.5, 0.5, 0.5, 0.5, 0.5, 0.5, 0.5 * 0.00793, 0.06129, 0.99809 *   0
0.97325, 0.55819, 0.5, 0.5, 0.5, 0.5, 0.5, 0.5, 0.5, 0.5, 0.5, 0.5 * 0.02687, 0.03229, 0.99912 *   0
0.95463, 0.95227, 0.5, 0.5, 0.5, 0.5, 0.5, 0.5, 0.5, 0.5, 0.5, 0.5 * 0.00533, 0.07101, 0.99746 *   0
0.07096, 0.97850, 0.5, 0.5, 0.5, 0.5, 0.5, 0.5, 0.5, 0.5, 0.5, 0.5 * 0.03356, 0.99323, 0.11123 *   0
0.95223, 0.06485, 0.5, 0.5, 0.5, 0.5, 0.5, 0.5, 0.5, 0.5, 0.5, 0.5 * 0.07458, 0.00762, 0.99719 *   0
0.93867, 0.99449, 0.5, 0.5, 0.5, 0.5, 0.5, 0.5, 0.5, 0.5, 0.5, 0.5 * 0.00083, 0.09618, 0.99536 *   0
0.94090, 0.98111, 0.5, 0.5, 0.5, 0.5, 0.5, 0.5, 0.5, 0.5, 0.5, 0.5 * 0.00275, 0.09266, 0.99569 *   0
0.95993, 0.16380, 0.5, 0.5, 0.5, 0.5, 0.5, 0.5, 0.5, 0.5, 0.5, 0.5 * 0.06083, 0.01601, 0.99802 *   0
0.95932, 0.16758, 0.5, 0.5, 0.5, 0.5, 0.5, 0.5, 0.5, 0.5, 0.5, 0.5 * 0.06166, 0.01662, 0.99796 *   0
0.96364, 0.24142, 0.5, 0.5, 0.5, 0.5, 0.5, 0.5, 0.5, 0.5, 0.5, 0.5 * 0.05303, 0.02113, 0.99837 *   0
0.94982, 0.92790, 0.5, 0.5, 0.5, 0.5, 0.5, 0.5, 0.5, 0.5, 0.5, 0.5 * 0.00890, 0.07824, 0.99690 *   0
0.95518, 0.12472, 0.5, 0.5, 0.5, 0.5, 0.5, 0.5, 0.5, 0.5, 0.5, 0.5 * 0.06900, 0.01369, 0.99752 *   0
0.94627, 0.05489, 0.5, 0.5, 0.5, 0.5, 0.5, 0.5, 0.5, 0.5, 0.5, 0.5 * 0.08399, 0.00726, 0.99644 *   0
0.13212, 0.98390, 0.5, 0.5, 0.5, 0.5, 0.5, 0.5, 0.5, 0.5, 0.5, 0.5 * 0.02474, 0.97823, 0.20605 *   0
0.96156, 0.27651, 0.5, 0.5, 0.5, 0.5, 0.5, 0.5, 0.5, 0.5, 0.5, 0.5 * 0.05474, 0.02539, 0.99818 *   0
0.94976, 0.11162, 0.5, 0.5, 0.5, 0.5, 0.5, 0.5, 0.5, 0.5, 0.5, 0.5 * 0.07763, 0.01375, 0.99689 *   0
0.22693, 0.99766, 0.5, 0.5, 0.5, 0.5, 0.5, 0.5, 0.5, 0.5, 0.5, 0.5 * 0.00344, 0.93713, 0.34896 *   0
0.09967, 0.02323, 0.5, 0.5, 0.5, 0.5, 0.5, 0.5, 0.5, 0.5, 0.5, 0.5 * 0.98711, 0.03604, 0.15592 *   0
0.95061, 0.14604, 0.5, 0.5, 0.5, 0.5, 0.5, 0.5, 0.5, 0.5, 0.5, 0.5 * 0.07547, 0.01762, 0.99699 *   0
0.01277, 0.95386, 0.5, 0.5, 0.5, 0.5, 0.5, 0.5, 0.5, 0.5, 0.5, 0.5 * 0.07240, 0.99717, 0.02006 *   0
0.96265, 0.60770, 0.5, 0.5, 0.5, 0.5, 0.5, 0.5, 0.5, 0.5, 0.5, 0.5 * 0.03389, 0.04785, 0.99828 *   0
0.93681, 0.94608, 0.5, 0.5, 0.5, 0.5, 0.5, 0.5, 0.5, 0.5, 0.5, 0.5 * 0.00838, 0.09874, 0.99508 *   0
0.94845, 0.13216, 0.5, 0.5, 0.5, 0.5, 0.5, 0.5, 0.5, 0.5, 0.5, 0.5 * 0.07915, 0.01667, 0.99672 *   0
0.94799, 0.13422, 0.5, 0.5, 0.5, 0.5, 0.5, 0.5, 0.5, 0.5, 0.5, 0.5 * 0.07980, 0.01708, 0.99666 *   0
0.21419, 0.99426, 0.5, 0.5, 0.5, 0.5, 0.5, 0.5, 0.5, 0.5, 0.5, 0.5 * 0.00851, 0.94389, 0.33014 *   0
0.20804, 0.99294, 0.5, 0.5, 0.5, 0.5, 0.5, 0.5, 0.5, 0.5, 0.5, 0.5 * 0.01050, 0.94702, 0.32100 *   0
0.95714, 0.29702, 0.5, 0.5, 0.5, 0.5, 0.5, 0.5, 0.5, 0.5, 0.5, 0.5 * 0.06008, 0.03026, 0.99773 *   0
0.95950, 0.62915, 0.5, 0.5, 0.5, 0.5, 0.5, 0.5, 0.5, 0.5, 0.5, 0.5 * 0.03497, 0.05309, 0.99798 *   0
0.05657, 0.03669, 0.5, 0.5, 0.5, 0.5, 0.5, 0.5, 0.5, 0.5, 0.5, 0.5 * 0.99440, 0.05737, 0.08874 *   0
0.94520, 0.14193, 0.5, 0.5, 0.5, 0.5, 0.5, 0.5, 0.5, 0.5, 0.5, 0.5 * 0.08385, 0.01901, 0.99630 *   0
0.14068, 0.02165, 0.5, 0.5, 0.5, 0.5, 0.5, 0.5, 0.5, 0.5, 0.5, 0.5 * 0.97512, 0.03317, 0.21919 *   0
0.94783, 0.19185, 0.5, 0.5, 0.5, 0.5, 0.5, 0.5, 0.5, 0.5, 0.5, 0.5 * 0.07817, 0.02430, 0.99664 *   0
0.94598, 0.17065, 0.5, 0.5, 0.5, 0.5, 0.5, 0.5, 0.5, 0.5, 0.5, 0.5 * 0.08173, 0.02245, 0.99640 *   0
0.92351, 0.04033, 0.5, 0.5, 0.5, 0.5, 0.5, 0.5, 0.5, 0.5, 0.5, 0.5 * 0.11962, 0.00759, 0.99279 *   0
0.95675, 0.40549, 0.5, 0.5, 0.5, 0.5, 0.5, 0.5, 0.5, 0.5, 0.5, 0.5 * 0.05457, 0.04037, 0.99769 *   0
0.20979, 0.98892, 0.5, 0.5, 0.5, 0.5, 0.5, 0.5, 0.5, 0.5, 0.5, 0.5 * 0.01647, 0.94605, 0.32361 *   0
0.95284, 0.31789, 0.5, 0.5, 0.5, 0.5, 0.5, 0.5, 0.5, 0.5, 0.5, 0.5 * 0.06497, 0.03544, 0.99726 *   0
0.95041, 0.72842, 0.5, 0.5, 0.5, 0.5, 0.5, 0.5, 0.5, 0.5, 0.5, 0.5 * 0.03220, 0.07084, 0.99697 *   0
0.94401, 0.81182, 0.5, 0.5, 0.5, 0.5, 0.5, 0.5, 0.5, 0.5, 0.5, 0.5 * 0.02559, 0.08403, 0.99613 *   0
0.00790, 0.05645, 0.5, 0.5, 0.5, 0.5, 0.5, 0.5, 0.5, 0.5, 0.5, 0.5 * 0.99599, 0.08855, 0.01241 *   0
0.10843, 0.96661, 0.5, 0.5, 0.5, 0.5, 0.5, 0.5, 0.5, 0.5, 0.5, 0.5 * 0.05167, 0.98418, 0.16950 *   0
0.95229, 0.64658, 0.5, 0.5, 0.5, 0.5, 0.5, 0.5, 0.5, 0.5, 0.5, 0.5 * 0.03946, 0.06363, 0.99719 *   0
0.95106, 0.67707, 0.5, 0.5, 0.5, 0.5, 0.5, 0.5, 0.5, 0.5, 0.5, 0.5 * 0.03731, 0.06713, 0.99705 *   0
0.02415, 0.94532, 0.5, 0.5, 0.5, 0.5, 0.5, 0.5, 0.5, 0.5, 0.5, 0.5 * 0.08572, 0.99560, 0.03793 *   0
0.90572, 0.02130, 0.5, 0.5, 0.5, 0.5, 0.5, 0.5, 0.5, 0.5, 0.5, 0.5 * 0.14747, 0.00494, 0.98905 *   0
0.17906, 0.02131, 0.5, 0.5, 0.5, 0.5, 0.5, 0.5, 0.5, 0.5, 0.5, 0.5 * 0.96017, 0.03215, 0.27757 *   0
0.95029, 0.42203, 0.5, 0.5, 0.5, 0.5, 0.5, 0.5, 0.5, 0.5, 0.5, 0.5 * 0.06148, 0.04801, 0.99695 *   0
0.29557, 0.99696, 0.5, 0.5, 0.5, 0.5, 0.5, 0.5, 0.5, 0.5, 0.5, 0.5 * 0.00427, 0.89413, 0.44778 *   0
0.27178, 0.99296, 0.5, 0.5, 0.5, 0.5, 0.5, 0.5, 0.5, 0.5, 0.5, 0.5 * 0.01007, 0.91019, 0.41406 *   0
0.94041, 0.23024, 0.5, 0.5, 0.5, 0.5, 0.5, 0.5, 0.5, 0.5, 0.5, 0.5 * 0.08742, 0.03307, 0.99562 *   0
0.90090, 0.02634, 0.5, 0.5, 0.5, 0.5, 0.5, 0.5, 0.5, 0.5, 0.5, 0.5 * 0.15491, 0.00641, 0.98791 *   0
0.94816, 0.40011, 0.5, 0.5, 0.5, 0.5, 0.5, 0.5, 0.5, 0.5, 0.5, 0.5 * 0.06580, 0.04782, 0.99669 *   0
0.90278, 0.03401, 0.5, 0.5, 0.5, 0.5, 0.5, 0.5, 0.5, 0.5, 0.5, 0.5 * 0.15190, 0.00812, 0.98836 *   0
0.90890, 0.95019, 0.5, 0.5, 0.5, 0.5, 0.5, 0.5, 0.5, 0.5, 0.5, 0.5 * 0.01115, 0.14218, 0.98978 *   0
0.19914, 0.97854, 0.5, 0.5, 0.5, 0.5, 0.5, 0.5, 0.5, 0.5, 0.5, 0.5 * 0.03207, 0.95093, 0.30773 *   0
0.94748, 0.47058, 0.5, 0.5, 0.5, 0.5, 0.5, 0.5, 0.5, 0.5, 0.5, 0.5 * 0.06090, 0.05551, 0.99660 *   0
0.92060, 0.89942, 0.5, 0.5, 0.5, 0.5, 0.5, 0.5, 0.5, 0.5, 0.5, 0.5 * 0.01957, 0.12285, 0.99223 *   0
0.91436, 0.07758, 0.5, 0.5, 0.5, 0.5, 0.5, 0.5, 0.5, 0.5, 0.5, 0.5 * 0.13312, 0.01630, 0.99097 *   0
0.09409, 0.95538, 0.5, 0.5, 0.5, 0.5, 0.5, 0.5, 0.5, 0.5, 0.5, 0.5 * 0.06927, 0.98667, 0.14726 *   0
0.06106, 0.94664, 0.5, 0.5, 0.5, 0.5, 0.5, 0.5, 0.5, 0.5, 0.5, 0.5 * 0.08333, 0.99191, 0.09577 *   0
0.93311, 0.79690, 0.5, 0.5, 0.5, 0.5, 0.5, 0.5, 0.5, 0.5, 0.5, 0.5 * 0.03289, 0.09959, 0.99449 *   0
0.91658, 0.90269, 0.5, 0.5, 0.5, 0.5, 0.5, 0.5, 0.5, 0.5, 0.5, 0.5 * 0.01989, 0.12914, 0.99143 *   0
0.94305, 0.38566, 0.5, 0.5, 0.5, 0.5, 0.5, 0.5, 0.5, 0.5, 0.5, 0.5 * 0.07344, 0.05087, 0.99600 *   0
0.33888, 0.99745, 0.5, 0.5, 0.5, 0.5, 0.5, 0.5, 0.5, 0.5, 0.5, 0.5 * 0.00345, 0.86163, 0.50753 *   0
0.11284, 0.04364, 0.5, 0.5, 0.5, 0.5, 0.5, 0.5, 0.5, 0.5, 0.5, 0.5 * 0.98202, 0.06742, 0.17632 *   0
0.12271, 0.04297, 0.5, 0.5, 0.5, 0.5, 0.5, 0.5, 0.5, 0.5, 0.5, 0.5 * 0.97925, 0.06620, 0.19156 *   0
0.21839, 0.97491, 0.5, 0.5, 0.5, 0.5, 0.5, 0.5, 0.5, 0.5, 0.5, 0.5 * 0.03711, 0.94100, 0.33636 *   0
0.93702, 0.65732, 0.5, 0.5, 0.5, 0.5, 0.5, 0.5, 0.5, 0.5, 0.5, 0.5 * 0.05063, 0.08480, 0.99511 *   0
0.93581, 0.33045, 0.5, 0.5, 0.5, 0.5, 0.5, 0.5, 0.5, 0.5, 0.5, 0.5 * 0.08740, 0.04993, 0.99492 *   0
0.93557, 0.66076, 0.5, 0.5, 0.5, 0.5, 0.5, 0.5, 0.5, 0.5, 0.5, 0.5 * 0.05133, 0.08703, 0.99488 *   0
0.87144, 0.02685, 0.5, 0.5, 0.5, 0.5, 0.5, 0.5, 0.5, 0.5, 0.5, 0.5 * 0.20039, 0.00846, 0.97968 *   0
0.20928, 0.02946, 0.5, 0.5, 0.5, 0.5, 0.5, 0.5, 0.5, 0.5, 0.5, 0.5 * 0.94544, 0.04378, 0.32285 *   0
0.18393, 0.96270, 0.5, 0.5, 0.5, 0.5, 0.5, 0.5, 0.5, 0.5, 0.5, 0.5 * 0.05613, 0.95691, 0.28491 *   0
0.89315, 0.07947, 0.5, 0.5, 0.5, 0.5, 0.5, 0.5, 0.5, 0.5, 0.5, 0.5 * 0.16575, 0.02080, 0.98595 *   0
0.88682, 0.06911, 0.5, 0.5, 0.5, 0.5, 0.5, 0.5, 0.5, 0.5, 0.5, 0.5 * 0.17581, 0.01916, 0.98424 *   0
0.93113, 0.37197, 0.5, 0.5, 0.5, 0.5, 0.5, 0.5, 0.5, 0.5, 0.5, 0.5 * 0.09006, 0.05956, 0.99415 *   0
0.91395, 0.18577, 0.5, 0.5, 0.5, 0.5, 0.5, 0.5, 0.5, 0.5, 0.5, 0.5 * 0.12906, 0.03877, 0.99088 *   0
0.17244, 0.95687, 0.5, 0.5, 0.5, 0.5, 0.5, 0.5, 0.5, 0.5, 0.5, 0.5 * 0.06523, 0.96133, 0.26757 *   0
0.91269, 0.18445, 0.5, 0.5, 0.5, 0.5, 0.5, 0.5, 0.5, 0.5, 0.5, 0.5 * 0.13102, 0.03906, 0.99061 *   0
0.91618, 0.21546, 0.5, 0.5, 0.5, 0.5, 0.5, 0.5, 0.5, 0.5, 0.5, 0.5 * 0.12384, 0.04359, 0.99134 *   0
0.87966, 0.06724, 0.5, 0.5, 0.5, 0.5, 0.5, 0.5, 0.5, 0.5, 0.5, 0.5 * 0.18686, 0.01981, 0.98219 *   0
0.89560, 0.11108, 0.5, 0.5, 0.5, 0.5, 0.5, 0.5, 0.5, 0.5, 0.5, 0.5 * 0.16078, 0.02834, 0.98658 *   0
0.38495, 0.99309, 0.5, 0.5, 0.5, 0.5, 0.5, 0.5, 0.5, 0.5, 0.5, 0.5 * 0.00893, 0.82264, 0.56850 *   0
0.17041, 0.95398, 0.5, 0.5, 0.5, 0.5, 0.5, 0.5, 0.5, 0.5, 0.5, 0.5 * 0.06965, 0.96187, 0.26449 *   0
0.88392, 0.08477, 0.5, 0.5, 0.5, 0.5, 0.5, 0.5, 0.5, 0.5, 0.5, 0.5 * 0.17972, 0.02407, 0.98342 *   0
0.90471, 0.15954, 0.5, 0.5, 0.5, 0.5, 0.5, 0.5, 0.5, 0.5, 0.5, 0.5 * 0.14446, 0.03698, 0.98882 *   0
0.16152, 0.04770, 0.5, 0.5, 0.5, 0.5, 0.5, 0.5, 0.5, 0.5, 0.5, 0.5 * 0.96527, 0.07246, 0.25100 *   0
0.92722, 0.42402, 0.5, 0.5, 0.5, 0.5, 0.5, 0.5, 0.5, 0.5, 0.5, 0.5 * 0.08969, 0.07048, 0.99347 *   0
0.91667, 0.26205, 0.5, 0.5, 0.5, 0.5, 0.5, 0.5, 0.5, 0.5, 0.5, 0.5 * 0.11962, 0.05222, 0.99145 *   0
0.25060, 0.96756, 0.5, 0.5, 0.5, 0.5, 0.5, 0.5, 0.5, 0.5, 0.5, 0.5 * 0.04704, 0.92232, 0.38355 *   0
0.91848, 0.29944, 0.5, 0.5, 0.5, 0.5, 0.5, 0.5, 0.5, 0.5, 0.5, 0.5 * 0.11383, 0.05788, 0.99181 *   0
0.47617, 0.99947, 0.5, 0.5, 0.5, 0.5, 0.5, 0.5, 0.5, 0.5, 0.5, 0.5 * 0.00061, 0.73307, 0.68015 *   0
0.86414, 0.06338, 0.5, 0.5, 0.5, 0.5, 0.5, 0.5, 0.5, 0.5, 0.5, 0.5 * 0.21074, 0.02105, 0.97731 *   0
0.00552, 0.09594, 0.5, 0.5, 0.5, 0.5, 0.5, 0.5, 0.5, 0.5, 0.5, 0.5 * 0.98863, 0.15013, 0.00867 *   0
0.89716, 0.83757, 0.5, 0.5, 0.5, 0.5, 0.5, 0.5, 0.5, 0.5, 0.5, 0.5 * 0.04059, 0.15563, 0.98698 *   0
0.88566, 0.88108, 0.5, 0.5, 0.5, 0.5, 0.5, 0.5, 0.5, 0.5, 0.5, 0.5 * 0.03318, 0.17553, 0.98391 *   0
0.90929, 0.75607, 0.5, 0.5, 0.5, 0.5, 0.5, 0.5, 0.5, 0.5, 0.5, 0.5 * 0.05309, 0.13171, 0.98987 *   0
0.91804, 0.52675, 0.5, 0.5, 0.5, 0.5, 0.5, 0.5, 0.5, 0.5, 0.5, 0.5 * 0.08689, 0.09452, 0.99172 *   0
0.75064, 0.99793, 0.5, 0.5, 0.5, 0.5, 0.5, 0.5, 0.5, 0.5, 0.5, 0.5 * 0.00124, 0.38175, 0.92426 *   0
0.91281, 0.34182, 0.5, 0.5, 0.5, 0.5, 0.5, 0.5, 0.5, 0.5, 0.5, 0.5 * 0.11732, 0.06984, 0.99064 *   0
0.08869, 0.07854, 0.5, 0.5, 0.5, 0.5, 0.5, 0.5, 0.5, 0.5, 0.5, 0.5 * 0.98278, 0.12187, 0.13886 *   0
0.86387, 0.89981, 0.5, 0.5, 0.5, 0.5, 0.5, 0.5, 0.5, 0.5, 0.5, 0.5 * 0.03326, 0.20958, 0.97722 *   0
0.82521, 0.95818, 0.5, 0.5, 0.5, 0.5, 0.5, 0.5, 0.5, 0.5, 0.5, 0.5 * 0.01780, 0.27054, 0.96254 *   0
0.74951, 0.99328, 0.5, 0.5, 0.5, 0.5, 0.5, 0.5, 0.5, 0.5, 0.5, 0.5 * 0.00405, 0.38337, 0.92358 *   0
0.80706, 0.97139, 0.5, 0.5, 0.5, 0.5, 0.5, 0.5, 0.5, 0.5, 0.5, 0.5 * 0.01341, 0.29815, 0.95442 *   0
0.47227, 0.01004, 0.5, 0.5, 0.5, 0.5, 0.5, 0.5, 0.5, 0.5, 0.5, 0.5 * 0.73713, 0.01163, 0.67565 *   0
0.55737, 0.99588, 0.5, 0.5, 0.5, 0.5, 0.5, 0.5, 0.5, 0.5, 0.5, 0.5 * 0.00415, 0.64059, 0.76787 *   0
0.85522, 0.90761, 0.5, 0.5, 0.5, 0.5, 0.5, 0.5, 0.5, 0.5, 0.5, 0.5 * 0.03261, 0.22309, 0.97425 *   0
0.86562, 0.12887, 0.5, 0.5, 0.5, 0.5, 0.5, 0.5, 0.5, 0.5, 0.5, 0.5 * 0.20524, 0.04212, 0.97780 *   0
0.12169, 0.91886, 0.5, 0.5, 0.5, 0.5, 0.5, 0.5, 0.5, 0.5, 0.5, 0.5 * 0.12479, 0.97382, 0.18999 *   0
0.90287, 0.35028, 0.5, 0.5, 0.5, 0.5, 0.5, 0.5, 0.5, 0.5, 0.5, 0.5 * 0.12955, 0.07947, 0.98838 *   0
0.81174, 0.04800, 0.5, 0.5, 0.5, 0.5, 0.5, 0.5, 0.5, 0.5, 0.5, 0.5 * 0.29060, 0.02195, 0.95659 *   0
0.73317, 0.01132, 0.5, 0.5, 0.5, 0.5, 0.5, 0.5, 0.5, 0.5, 0.5, 0.5 * 0.40691, 0.00724, 0.91344 *   0
0.88553, 0.22102, 0.5, 0.5, 0.5, 0.5, 0.5, 0.5, 0.5, 0.5, 0.5, 0.5 * 0.16817, 0.06085, 0.98388 *   0
0.09883, 0.90958, 0.5, 0.5, 0.5, 0.5, 0.5, 0.5, 0.5, 0.5, 0.5, 0.5 * 0.13985, 0.97803, 0.15462 *   0
0.90414, 0.50792, 0.5, 0.5, 0.5, 0.5, 0.5, 0.5, 0.5, 0.5, 0.5, 0.5 * 0.10474, 0.10738, 0.98868 *   0
0.00274, 0.12100, 0.5, 0.5, 0.5, 0.5, 0.5, 0.5, 0.5, 0.5, 0.5, 0.5 * 0.98198, 0.18892, 0.00430 *   0
0.84277, 0.10352, 0.5, 0.5, 0.5, 0.5, 0.5, 0.5, 0.5, 0.5, 0.5, 0.5 * 0.24125, 0.03958, 0.96966 *   0
0.87066, 0.82188, 0.5, 0.5, 0.5, 0.5, 0.5, 0.5, 0.5, 0.5, 0.5, 0.5 * 0.05572, 0.19393, 0.97943 *   0
0.87046, 0.18323, 0.5, 0.5, 0.5, 0.5, 0.5, 0.5, 0.5, 0.5, 0.5, 0.5 * 0.19377, 0.05736, 0.97937 *   0
0.64148, 0.01292, 0.5, 0.5, 0.5, 0.5, 0.5, 0.5, 0.5, 0.5, 0.5, 0.5 * 0.53375, 0.01083, 0.84557 *   0
0.89703, 0.50590, 0.5, 0.5, 0.5, 0.5, 0.5, 0.5, 0.5, 0.5, 0.5, 0.5 * 0.11281, 0.11492, 0.98695 *   0
0.70345, 0.97630, 0.5, 0.5, 0.5, 0.5, 0.5, 0.5, 0.5, 0.5, 0.5, 0.5 * 0.01672, 0.44884, 0.89345 *   0
0.66796, 0.97881, 0.5, 0.5, 0.5, 0.5, 0.5, 0.5, 0.5, 0.5, 0.5, 0.5 * 0.01658, 0.49796, 0.86704 *   0
0.71646, 0.97089, 0.5, 0.5, 0.5, 0.5, 0.5, 0.5, 0.5, 0.5, 0.5, 0.5 * 0.01969, 0.43035, 0.90245 *   0
0.49016, 0.02734, 0.5, 0.5, 0.5, 0.5, 0.5, 0.5, 0.5, 0.5, 0.5, 0.5 * 0.71729, 0.03082, 0.69609 *   0
0.84511, 0.15560, 0.5, 0.5, 0.5, 0.5, 0.5, 0.5, 0.5, 0.5, 0.5, 0.5 * 0.23375, 0.05830, 0.97055 *   0
0.85388, 0.81848, 0.5, 0.5, 0.5, 0.5, 0.5, 0.5, 0.5, 0.5, 0.5, 0.5 * 0.06400, 0.21833, 0.97377 *   0
0.83420, 0.86942, 0.5, 0.5, 0.5, 0.5, 0.5, 0.5, 0.5, 0.5, 0.5, 0.5 * 0.05245, 0.25211, 0.96628 *   0
0.79798, 0.91027, 0.5, 0.5, 0.5, 0.5, 0.5, 0.5, 0.5, 0.5, 0.5, 0.5 * 0.04383, 0.30894, 0.95007 *   0
0.88192, 0.59131, 0.5, 0.5, 0.5, 0.5, 0.5, 0.5, 0.5, 0.5, 0.5, 0.5 * 0.11042, 0.14770, 0.98285 *   0
0.85178, 0.21074, 0.5, 0.5, 0.5, 0.5, 0.5, 0.5, 0.5, 0.5, 0.5, 0.5 * 0.21820, 0.07499, 0.97302 *   0
0.81468, 0.12899, 0.5, 0.5, 0.5, 0.5, 0.5, 0.5, 0.5, 0.5, 0.5, 0.5 * 0.28113, 0.05776, 0.95793 *   0
0.57789, 0.96512, 0.5, 0.5, 0.5, 0.5, 0.5, 0.5, 0.5, 0.5, 0.5, 0.5 * 0.03371, 0.61460, 0.78812 *   0
0.63569, 0.03653, 0.5, 0.5, 0.5, 0.5, 0.5, 0.5, 0.5, 0.5, 0.5, 0.5 * 0.54064, 0.03106, 0.84068 *   0
0.17638, 0.10190, 0.5, 0.5, 0.5, 0.5, 0.5, 0.5, 0.5, 0.5, 0.5, 0.5 * 0.94957, 0.15330, 0.27353 *   0
0.82795, 0.82133, 0.5, 0.5, 0.5, 0.5, 0.5, 0.5, 0.5, 0.5, 0.5, 0.5 * 0.07395, 0.25653, 0.96370 *   0
0.38861, 0.05999, 0.5, 0.5, 0.5, 0.5, 0.5, 0.5, 0.5, 0.5, 0.5, 0.5 * 0.81577, 0.07710, 0.57322 *   0
0.47642, 0.94953, 0.5, 0.5, 0.5, 0.5, 0.5, 0.5, 0.5, 0.5, 0.5, 0.5 * 0.05803, 0.73050, 0.68044 *   0
0.57784, 0.95345, 0.5, 0.5, 0.5, 0.5, 0.5, 0.5, 0.5, 0.5, 0.5, 0.5 * 0.04497, 0.61394, 0.78807 *   0
0.81864, 0.81534, 0.5, 0.5, 0.5, 0.5, 0.5, 0.5, 0.5, 0.5, 0.5, 0.5 * 0.08038, 0.26930, 0.95970 *   0
0.81961, 0.81046, 0.5, 0.5, 0.5, 0.5, 0.5, 0.5, 0.5, 0.5, 0.5, 0.5 * 0.08201, 0.26728, 0.96012 *   0
0.68818, 0.93207, 0.5, 0.5, 0.5, 0.5, 0.5, 0.5, 0.5, 0.5, 0.5, 0.5 * 0.05010, 0.46778, 0.88242 *   0
0.59968, 0.94601, 0.5, 0.5, 0.5, 0.5, 0.5, 0.5, 0.5, 0.5, 0.5, 0.5 * 0.04982, 0.58608, 0.80872 *   0
0.76272, 0.11291, 0.5, 0.5, 0.5, 0.5, 0.5, 0.5, 0.5, 0.5, 0.5, 0.5 * 0.35844, 0.06425, 0.93134 *   0
0.74941, 0.10364, 0.5, 0.5, 0.5, 0.5, 0.5, 0.5, 0.5, 0.5, 0.5, 0.5 * 0.37847, 0.06216, 0.92352 *   0
0.28106, 0.90622, 0.5, 0.5, 0.5, 0.5, 0.5, 0.5, 0.5, 0.5, 0.5, 0.5 * 0.13270, 0.89432, 0.42729 *   0
0.02867, 0.16619, 0.5, 0.5, 0.5, 0.5, 0.5, 0.5, 0.5, 0.5, 0.5, 0.5 * 0.96514, 0.25783, 0.04502 *   0
0.04143, 0.83106, 0.5, 0.5, 0.5, 0.5, 0.5, 0.5, 0.5, 0.5, 0.5, 0.5 * 0.26171, 0.96295, 0.06503 *   0
0.03309, 0.17393, 0.5, 0.5, 0.5, 0.5, 0.5, 0.5, 0.5, 0.5, 0.5, 0.5 * 0.96161, 0.26946, 0.05195 *   0
0.37842, 0.08959, 0.5, 0.5, 0.5, 0.5, 0.5, 0.5, 0.5, 0.5, 0.5, 0.5 * 0.82028, 0.11620, 0.56003 *   0
0.60785, 0.07771, 0.5, 0.5, 0.5, 0.5, 0.5, 0.5, 0.5, 0.5, 0.5, 0.5 * 0.57347, 0.07035, 0.81620 *   0
0.27994, 0.88894, 0.5, 0.5, 0.5, 0.5, 0.5, 0.5, 0.5, 0.5, 0.5, 0.5 * 0.15706, 0.89113, 0.42569 *   0
0.70943, 0.11390, 0.5, 0.5, 0.5, 0.5, 0.5, 0.5, 0.5, 0.5, 0.5, 0.5 * 0.43371, 0.07843, 0.89763 *   0
0.29739, 0.88547, 0.5, 0.5, 0.5, 0.5, 0.5, 0.5, 0.5, 0.5, 0.5, 0.5 * 0.15976, 0.87845, 0.45033 *   0
0.46771, 0.09613, 0.5, 0.5, 0.5, 0.5, 0.5, 0.5, 0.5, 0.5, 0.5, 0.5 * 0.73360, 0.11162, 0.67035 *   0
0.77807, 0.22367, 0.5, 0.5, 0.5, 0.5, 0.5, 0.5, 0.5, 0.5, 0.5, 0.5 * 0.32072, 0.11756, 0.93985 *   0
0.19944, 0.85195, 0.5, 0.5, 0.5, 0.5, 0.5, 0.5, 0.5, 0.5, 0.5, 0.5 * 0.21925, 0.92572, 0.30818 *   0
0.80054, 0.31389, 0.5, 0.5, 0.5, 0.5, 0.5, 0.5, 0.5, 0.5, 0.5, 0.5 * 0.27150, 0.14588, 0.95132 *   0
0.79959, 0.33303, 0.5, 0.5, 0.5, 0.5, 0.5, 0.5, 0.5, 0.5, 0.5, 0.5 * 0.26822, 0.15469, 0.95086 *   0
0.81514, 0.48976, 0.5, 0.5, 0.5, 0.5, 0.5, 0.5, 0.5, 0.5, 0.5, 0.5 * 0.20568, 0.19917, 0.95814 *   0
0.66918, 0.84000, 0.5, 0.5, 0.5, 0.5, 0.5, 0.5, 0.5, 0.5, 0.5, 0.5 * 0.12349, 0.48098, 0.86799 *   0
0.78611, 0.37278, 0.5, 0.5, 0.5, 0.5, 0.5, 0.5, 0.5, 0.5, 0.5, 0.5 * 0.27477, 0.18221, 0.94409 *   0
0.79417, 0.47052, 0.5, 0.5, 0.5, 0.5, 0.5, 0.5, 0.5, 0.5, 0.5, 0.5 * 0.23482, 0.21402, 0.94819 *   0
0.70487, 0.78959, 0.5, 0.5, 0.5, 0.5, 0.5, 0.5, 0.5, 0.5, 0.5, 0.5 * 0.14512, 0.42296, 0.89445 *   0
0.71617, 0.22598, 0.5, 0.5, 0.5, 0.5, 0.5, 0.5, 0.5, 0.5, 0.5, 0.5 * 0.40433, 0.14987, 0.90225 *   0
0.78561, 0.50563, 0.5, 0.5, 0.5, 0.5, 0.5, 0.5, 0.5, 0.5, 0.5, 0.5 * 0.23158, 0.23571, 0.94383 *   0
0.50914, 0.14747, 0.5, 0.5, 0.5, 0.5, 0.5, 0.5, 0.5, 0.5, 0.5, 0.5 * 0.67827, 0.15999, 0.71719 *   0
0.57458, 0.83790, 0.5, 0.5, 0.5, 0.5, 0.5, 0.5, 0.5, 0.5, 0.5, 0.5 * 0.15607, 0.59963, 0.78491 *   0
0.77174, 0.46803, 0.5, 0.5, 0.5, 0.5, 0.5, 0.5, 0.5, 0.5, 0.5, 0.5 * 0.26028, 0.23537, 0.93641 *   0
0.65701, 0.78778, 0.5, 0.5, 0.5, 0.5, 0.5, 0.5, 0.5, 0.5, 0.5, 0.5 * 0.16789, 0.48483, 0.85834 *   0
0.34833, 0.82324, 0.5, 0.5, 0.5, 0.5, 0.5, 0.5, 0.5, 0.5, 0.5, 0.5 * 0.23408, 0.82130, 0.52026 *   0
0.69141, 0.74360, 0.5, 0.5, 0.5, 0.5, 0.5, 0.5, 0.5, 0.5, 0.5, 0.5 * 0.18264, 0.42869, 0.88480 *   0
0.56374, 0.27189, 0.5, 0.5, 0.5, 0.5, 0.5, 0.5, 0.5, 0.5, 0.5, 0.5 * 0.57604, 0.26215, 0.77424 *   0
