0.8401877171547095, 0.3943829268190930, 0.7830992237586059, 0.7984400334760733, 0.9116473579367843, 0.1975513692933840, 0.3352227557148890, 0.7682295948119040, 0.2777747108031878, 0.0, 0.0, 0.0, 0.0, 0.0, 0.0, 0.0, 0.0, 0.0, 0.0, 0.0, 0.0, 0.0, 0.0, 0.0, 0.0, 0.0, 0.0, 0.0, 0.0 * 0.8401877171547095, 0.3943829268190930, 0.7830992237586059, 0.7984400334760733, 0.9116473579367843, 0.1975513692933840, 0.3352227557148890, 0.7682295948119040, 0.2777747108031878, 10.9923657913158586 *   0
0.5997065452857440, 0.1390008079535332, 0.1439416302107003, 0.1958978749792547, 0.7774102393432568, 0.8442812388969032, 0.7353112929199409, 0.1840252937674640, 0.6667070964661925, 0.0, 0.0, 0.0, 0.0, 0.0, 0.0, 0.0, 0.0, 0.0, 0.0, 0.0, 0.0, 0.0, 0.0, 0.0, 0.0, 0.0, 0.0, 0.0, 0.0 * 0.5997065452857440, 0.1390008079535332, 0.1439416302107003, 0.1958978749792547, 0.7774102393432568, 0.8442812388969032, 0.7353112929199409, 0.1840252937674640, 0.6667070964661925, 13.4673529452440448 *   0
0.7144316554602383, 0.6352039206005651, 0.5161385678295691, 0.6246581588055278, 0.5024012674123055, 0.5788125170296117, 0.6718407653606686, 0.0294762235272099, 0.7559454980101182, 0.0, 0.0, 0.0, 0.0, 0.0, 0.0, 0.0, 0.0, 0.0, 0.0, 0.0, 0.0, 0.0, 0.0, 0.0, 0.0, 0.0, 0.0, 0.0, 0.0 * 0.7144316554602383, 0.6352039206005651, 0.5161385678295691, 0.6246581588055278, 0.5024012674123055, 0.5788125170296117, 0.6718407653606686, 0.0294762235272099, 0.7559454980101182, 15.9210700979723239 *   0
0.3742008383265700, 0.3818876516920923, 0.0974905747442928, 0.8079592589326013, 0.3873225419723068, 0.7472771242015422, 0.9341811402394349, 0.8492716089120468, 0.8314617685188826, 0.0, 0.0, 0.0, 0.0, 0.0, 0.0, 0.0, 0.0, 0.0, 0.0, 0.0, 0.0, 0.0, 0.0, 0.0, 0.0, 0.0, 0.0, 0.0, 0.0 * 0.3742008383265700, 0.3818876516920923, 0.0974905747442928, 0.8079592589326013, 0.3873225419723068, 0.7472771242015422, 0.9341811402394349, 0.8492716089120468, 0.8314617685188826, 11.4957361008036738 *   0
0.6384094309240623, 0.7003396086862029, 0.5394134179406862, 0.4066150548898685, 0.8224258580349506, 0.5776782536775238, 0.9215510082065831, 0.2217257550087412, 0.7892437199080566, 0.0, 0.0, 0.0, 0.0, 0.0, 0.0, 0.0, 0.0, 0.0, 0.0, 0.0, 0.0, 0.0, 0.0, 0.0, 0.0, 0.0, 0.0, 0.0, 0.0 * 0.6384094309240623, 0.7003396086862029, 0.5394134179406862, 0.4066150548898685, 0.8224258580349506, 0.5776782536775238, 0.9215510082065831, 0.2217257550087412, 0.7892437199080566, 13.1697281307418166 *   0
0.8671973472774016, 0.0626739492000425, 0.0471826060894796, 0.5270749565805658, 0.1771329805148453, 0.9278657803907365, 0.1095245844263232, 0.3879961326662433, 0.5961913296935109, 0.0, 0.0, 0.0, 0.0, 0.0, 0.0, 0.0, 0.0, 0.0, 0.0, 0.0, 0.0, 0.0, 0.0, 0.0, 0.0, 0.0, 0.0, 0.0, 0.0 * 0.8671973472774016, 0.0626739492000425, 0.0471826060894796, 0.5270749565805658, 0.1771329805148453, 0.9278657803907365, 0.1095245844263232, 0.3879961326662433, 0.5961913296935109, 15.6336236076177357 *   0
0.0054348902802146, 0.6497865494572495, 0.1262218813068335, 0.4619490669397400, 0.0841846443173404, 0.7802505156864648, 0.7859323116885183, 0.6846767997763478, 0.9102265038109508, 0.0, 0.0, 0.0, 0.0, 0.0, 0.0, 0.0, 0.0, 0.0, 0.0, 0.0, 0.0, 0.0, 0.0, 0.0, 0.0, 0.0, 0.0, 0.0, 0.0 * 0.0054348902802146, 0.6497865494572495, 0.1262218813068335, 0.4619490669397400, 0.0841846443173404, 0.7802505156864648, 0.7859323116885183, 0.6846767997763478, 0.9102265038109508, 13.6788241867894769 *   0
0.1220862493487477, 0.0382648357368376, 0.5149359533167146, 0.3992998974394518, 0.2115654657648716, 0.4526498305856482, 0.1601618962176898, 0.3082468553018974, 0.4337584201403700, 0.0, 0.0, 0.0, 0.0, 0.0, 0.0, 0.0, 0.0, 0.0, 0.0, 0.0, 0.0, 0.0, 0.0, 0.0, 0.0, 0.0, 0.0, 0.0, 0.0 * 0.1220862493487477, 0.0382648357368376, 0.5149359533167146, 0.3992998974394518, 0.2115654657648716, 0.4526498305856482, 0.1601618962176898, 0.3082468553018974, 0.4337584201403700, 18.3117567556547733 *   0
0.1144590313148028, 0.8806831743012570, 0.5824496283114188, 0.2108631521513980, 0.6683255497684356, 0.5288848464977391, 0.3123434755542984, 0.9432220882471753, 0.7682056244314674, 0.0, 0.0, 0.0, 0.0, 0.0, 0.0, 0.0, 0.0, 0.0, 0.0, 0.0, 0.0, 0.0, 0.0, 0.0, 0.0, 0.0, 0.0, 0.0, 0.0 * 0.1144590313148028, 0.8806831743012570, 0.5824496283114188, 0.2108631521513980, 0.6683255497684356, 0.5288848464977391, 0.3123434755542984, 0.9432220882471753, 0.7682056244314674, 13.6462915155188593 *   0
0.4343980953257522, 0.6540286343796312, 0.3239832447487783, 0.6004921554590074, 0.1299759876588248, 0.0812650351232221, 0.3779971498893561, 0.1369561027441901, 0.6598776097688254, 0.0, 0.0, 0.0, 0.0, 0.0, 0.0, 0.0, 0.0, 0.0, 0.0, 0.0, 0.0, 0.0, 0.0, 0.0, 0.0, 0.0, 0.0, 0.0, 0.0 * 0.4343980953257522, 0.6540286343796312, 0.3239832447487783, 0.6004921554590074, 0.1299759876588248, 0.0812650351232221, 0.3779971498893561, 0.1369561027441901, 0.6598776097688254, 17.2413304405594801 *   0
0.1733006300280339, 0.9377138777345949, 0.7608619992438993, 0.0966813895370259, 0.9811085900203831, 0.8452729945281861, 0.3415396936896908, 0.6924634611664635, 0.4565141761938641, 0.0, 0.0, 0.0, 0.0, 0.0, 0.0, 0.0, 0.0, 0.0, 0.0, 0.0, 0.0, 0.0, 0.0, 0.0, 0.0, 0.0, 0.0, 0.0, 0.0 * 0.1733006300280339, 0.9377138777345949, 0.7608619992438993, 0.0966813895370259, 0.9811085900203831, 0.8452729945281861, 0.3415396936896908, 0.6924634611664635, 0.4565141761938641, 12.6203144146464865 *   0
0.7876423759328399, 0.9464352181863204, 0.1014803234029004, 0.2748965384787398, 0.2393207779337283, 0.8097427737944493, 0.0950427479553235, 0.7467303293509084, 0.2772136480907042, 0.0, 0.0, 0.0, 0.0, 0.0, 0.0, 0.0, 0.0, 0.0, 0.0, 0.0, 0.0, 0.0, 0.0, 0.0, 0.0, 0.0, 0.0, 0.0, 0.0 * 0.7876423759328399, 0.9464352181863204, 0.1014803234029004, 0.2748965384787398, 0.2393207779337283, 0.8097427737944493, 0.0950427479553235, 0.7467303293509084, 0.2772136480907042, 12.6204580033894658 *   0
0.4759473537448549, 0.7572817908401051, 0.7775049948960100, 0.0069801150853653, 0.5786125741799421, 0.7364618818911081, 0.7437270710914056, 0.9225720190082547, 0.0964041203709338, 0.0, 0.0, 0.0, 0.0, 0.0, 0.0, 0.0, 0.0, 0.0, 0.0, 0.0, 0.0, 0.0, 0.0, 0.0, 0.0, 0.0, 0.0, 0.0, 0.0 * 0.4759473537448549, 0.7572817908401051, 0.7775049948960100, 0.0069801150853653, 0.5786125741799421, 0.7364618818911081, 0.7437270710914056, 0.9225720190082547, 0.0964041203709338, 12.9162301789684761 *   0
0.0433947122857881, 0.0844109952842868, 0.2448583041526649, 0.7113548716117418, 0.6112411821313394, 0.0928584011704002, 0.9615651736788290, 0.8674690690205754, 0.1660940601332551, 0.0, 0.0, 0.0, 0.0, 0.0, 0.0, 0.0, 0.0, 0.0, 0.0, 0.0, 0.0, 0.0, 0.0, 0.0, 0.0, 0.0, 0.0, 0.0, 0.0 * 0.0433947122857881, 0.0844109952842868, 0.2448583041526649, 0.7113548716117418, 0.6112411821313394, 0.0928584011704002, 0.9615651736788290, 0.8674690690205754, 0.1660940601332551, 14.5709404748783591 *   0
0.2928855597474079, 0.7082624503915489, 0.8201462094765838, 0.5074095514171801, 0.4674708747619162, 0.0782578820727104, 0.1909835483836865, 0.4836483506875338, 0.9233807599746533, 0.0, 0.0, 0.0, 0.0, 0.0, 0.0, 0.0, 0.0, 0.0, 0.0, 0.0, 0.0, 0.0, 0.0, 0.0, 0.0, 0.0, 0.0, 0.0, 0.0 * 0.2928855597474079, 0.7082624503915489, 0.8201462094765838, 0.5074095514171801, 0.4674708747619162, 0.0782578820727104, 0.1909835483836865, 0.4836483506875338, 0.9233807599746533, 14.9149774104469763 *   0
0.8213307838054983, 0.9589568874607594, 0.7367469560060403, 0.3439594448283126, 0.3599422389454870, 0.0439153043757730, 0.0238631991780657, 0.0050762030319666, 0.4872541630115612, 0.0, 0.0, 0.0, 0.0, 0.0, 0.0, 0.0, 0.0, 0.0, 0.0, 0.0, 0.0, 0.0, 0.0, 0.0, 0.0, 0.0, 0.0, 0.0, 0.0 * 0.8213307838054983, 0.9589568874607594, 0.7367469560060403, 0.3439594448283126, 0.3599422389454870, 0.0439153043757730, 0.0238631991780657, 0.0050762030319666, 0.4872541630115612, 15.1733419863043348 *   0
0.5268301868470526, 0.8480000974833966, 0.2502103020670872, 0.2562278864235747, 0.0732356584971937, 0.5143821805316872, 0.8898127222851909, 0.6114109347627549, 0.5310327618061718, 0.0, 0.0, 0.0, 0.0, 0.0, 0.0, 0.0, 0.0, 0.0, 0.0, 0.0, 0.0, 0.0, 0.0, 0.0, 0.0, 0.0, 0.0, 0.0, 0.0 * 0.5268301868470526, 0.8480000974833966, 0.2502103020670872, 0.2562278864235747, 0.0732356584971937, 0.5143821805316872, 0.8898127222851909, 0.6114109347627549, 0.5310327618061718, 15.3312334687663565 *   0
0.7592084248360286, 0.2581116725961267, 0.6835739974321676, 0.0161774759256176, 0.8451228779019428, 0.8524111643677630, 0.6007626445967530, 0.3214775446436729, 0.6679601588602924, 0.0, 0.0, 0.0, 0.0, 0.0, 0.0, 0.0, 0.0, 0.0, 0.0, 0.0, 0.0, 0.0, 0.0, 0.0, 0.0, 0.0, 0.0, 0.0, 0.0 * 0.7592084248360286, 0.2581116725961267, 0.6835739974321676, 0.0161774759256176, 0.8451228779019428, 0.8524111643677630, 0.6007626445967530, 0.3214775446436729, 0.6679601588602924, 12.7619251434015126 *   0
0.4009853514847277, 0.3071683488353940, 0.6799037548154144, 0.6451339645521408, 0.4433388586357883, 0.2690223605693422, 0.7031862473595824, 0.3328920464650225, 0.2145239912041109, 0.0, 0.0, 0.0, 0.0, 0.0, 0.0, 0.0, 0.0, 0.0, 0.0, 0.0, 0.0, 0.0, 0.0, 0.0, 0.0, 0.0, 0.0, 0.0, 0.0 * 0.4009853514847277, 0.3071683488353940, 0.6799037548154144, 0.6451339645521408, 0.4433388586357883, 0.2690223605693422, 0.7031862473595824, 0.3328920464650225, 0.2145239912041109, 16.0096058989086920 *   0
0.2252355614794584, 0.2641718784646000, 0.6335848353959549, 0.5381752757999000, 0.0166505812744846, 0.9315180619859686, 0.3475459526980044, 0.2057141941998686, 0.5226286610228142, 0.0, 0.0, 0.0, 0.0, 0.0, 0.0, 0.0, 0.0, 0.0, 0.0, 0.0, 0.0, 0.0, 0.0, 0.0, 0.0, 0.0, 0.0, 0.0, 0.0 * 0.2252355614794584, 0.2641718784646000, 0.6335848353959549, 0.5381752757999000, 0.0166505812744846, 0.9315180619859686, 0.3475459526980044, 0.2057141941998686, 0.5226286610228142, 16.4631244069743943 *   0
0.5870112048401549, 0.1688371669355953, 0.5845851686711354, 0.4763546672073913, 0.8155489949581907, 0.9260675427159609, 0.5265225523740624, 0.5822501432067948, 0.7293977000421834, 0.0, 0.0, 0.0, 0.0, 0.0, 0.0, 0.0, 0.0, 0.0, 0.0, 0.0, 0.0, 0.0, 0.0, 0.0, 0.0, 0.0, 0.0, 0.0, 0.0 * 0.5870112048401549, 0.1688371669355953, 0.5845851686711354, 0.4763546672073913, 0.8155489949581907, 0.9260675427159609, 0.5265225523740624, 0.5822501432067948, 0.7293977000421834, 14.8291662319460436 *   0
0.1361705098003943, 0.5891186062195891, 0.0580522828074416, 0.8895531882948955, 0.9455016311004300, 0.0560221774764462, 0.9252196265967654, 0.4690500057623955, 0.2569690515552503, 0.0, 0.0, 0.0, 0.0, 0.0, 0.0, 0.0, 0.0, 0.0, 0.0, 0.0, 0.0, 0.0, 0.0, 0.0, 0.0, 0.0, 0.0, 0.0, 0.0 * 0.1361705098003943, 0.5891186062195891, 0.0580522828074416, 0.8895531882948955, 0.9455016311004300, 0.0560221774764462, 0.9252196265967654, 0.4690500057623955, 0.2569690515552503, 14.3268617530816229 *   0
0.7524787032755458, 0.2979332265900137, 0.8093706773637658, 0.1890636129253840, 0.5911105995025070, 0.0534393987867233, 0.1014541541698641, 0.1572750933269388, 0.2441486126017517, 0.0, 0.0, 0.0, 0.0, 0.0, 0.0, 0.0, 0.0, 0.0, 0.0, 0.0, 0.0, 0.0, 0.0, 0.0, 0.0, 0.0, 0.0, 0.0, 0.0 * 0.7524787032755458, 0.2979332265900137, 0.8093706773637658, 0.1890636129253840, 0.5911105995025070, 0.0534393987867233, 0.1014541541698641, 0.1572750933269388, 0.2441486126017517, 15.1271218350079053 *   0
0.6467118275569341, 0.3414823740448255, 0.0501678851666711, 0.7667011487142654, 0.8033301577918838, 0.6987130095710573, 0.6819217352578052, 0.9041871358194329, 0.3129397143204416, 0.0, 0.0, 0.0, 0.0, 0.0, 0.0, 0.0, 0.0, 0.0, 0.0, 0.0, 0.0, 0.0, 0.0, 0.0, 0.0, 0.0, 0.0, 0.0, 0.0 * 0.6467118275569341, 0.3414823740448255, 0.0501678851666711, 0.7667011487142654, 0.8033301577918838, 0.6987130095710573, 0.6819217352578052, 0.9041871358194329, 0.3129397143204416, 12.4509751134086493 *   0
0.3563830244151796, 0.9979698951346659, 0.0356664383018699, 0.5235483751276268, 0.2009468740788041, 0.6617915787090508, 0.6997871616388611, 0.3276161166502238, 0.8893434628328977, 0.0, 0.0, 0.0, 0.0, 0.0, 0.0, 0.0, 0.0, 0.0, 0.0, 0.0, 0.0, 0.0, 0.0, 0.0, 0.0, 0.0, 0.0, 0.0, 0.0 * 0.3563830244151796, 0.9979698951346659, 0.0356664383018699, 0.5235483751276268, 0.2009468740788041, 0.6617915787090508, 0.6997871616388611, 0.3276161166502238, 0.8893434628328977, 14.7026179362202214 *   0
0.2931773729124932, 0.2440687218886189, 0.9123905417101413, 0.5661644942900932, 0.1907092138150284, 0.0347163551648689, 0.4318435128926502, 0.8139036702056898, 0.7533826784945012, 0.0, 0.0, 0.0, 0.0, 0.0, 0.0, 0.0, 0.0, 0.0, 0.0, 0.0, 0.0, 0.0, 0.0, 0.0, 0.0, 0.0, 0.0, 0.0, 0.0 * 0.2931773729124932, 0.2440687218886189, 0.9123905417101413, 0.5661644942900932, 0.1907092138150284, 0.0347163551648689, 0.4318435128926502, 0.8139036702056898, 0.7533826784945012, 14.0573918986815531 *   0
0.7492356373692097, 0.4900416110130221, 0.7467642760587689, 0.5523096036875199, 0.7644489443695400, 0.6343455252397552, 0.4264457488555674, 0.9538523508020921, 0.1080450830552937, 0.0, 0.0, 0.0, 0.0, 0.0, 0.0, 0.0, 0.0, 0.0, 0.0, 0.0, 0.0, 0.0, 0.0, 0.0, 0.0, 0.0, 0.0, 0.0, 0.0 * 0.7492356373692097, 0.4900416110130221, 0.7467642760587689, 0.5523096036875199, 0.7644489443695400, 0.6343455252397552, 0.4264457488555674, 0.9538523508020921, 0.1080450830552937, 13.9267531152277808 *   0
0.2029769794097994, 0.6261251399415196, 0.1762387860455731, 0.1266692425714197, 0.2275518841238468, 0.9469246663837343, 0.0138662569289404, 0.1608244227994347, 0.1199893211573313, 0.0, 0.0, 0.0, 0.0, 0.0, 0.0, 0.0, 0.0, 0.0, 0.0, 0.0, 0.0, 0.0, 0.0, 0.0, 0.0, 0.0, 0.0, 0.0, 0.0 * 0.2029769794097994, 0.6261251399415196, 0.1762387860455731, 0.1266692425714197, 0.2275518841238468, 0.9469246663837343, 0.0138662569289404, 0.1608244227994347, 0.1199893211573313, 16.2315672663155297 *   0
0.9466404923920708, 0.1223258139203888, 0.8656790186025570, 0.6231944563906614, 0.7186663228639710, 0.9245395119881907, 0.1840662244633149, 0.2822837602730299, 0.1671653507124471, 0.0, 0.0, 0.0, 0.0, 0.0, 0.0, 0.0, 0.0, 0.0, 0.0, 0.0, 0.0, 0.0, 0.0, 0.0, 0.0, 0.0, 0.0, 0.0, 0.0 * 0.9466404923920708, 0.1223258139203888, 0.8656790186025570, 0.6231944563906614, 0.7186663228639710, 0.9245395119881907, 0.1840662244633149, 0.2822837602730299, 0.1671653507124471, 12.5987138523233426 *   0
0.9656815812763206, 0.1553363810085395, 0.2928891127430318, 0.8822042582939399, 0.3660279425634201, 0.8994312821419124, 0.7476377593109560, 0.4758056311289806, 0.2729871213776000, 0.0, 0.0, 0.0, 0.0, 0.0, 0.0, 0.0, 0.0, 0.0, 0.0, 0.0, 0.0, 0.0, 0.0, 0.0, 0.0, 0.0, 0.0, 0.0, 0.0 * 0.9656815812763206, 0.1553363810085395, 0.2928891127430318, 0.8822042582939399, 0.3660279425634201, 0.8994312821419124, 0.7476377593109560, 0.4758056311289806, 0.2729871213776000, 12.7616325491113987 *   0
0.6014267441823272, 0.7706858803381612, 0.8871970148231820, 0.9332725391412492, 0.1730646547735970, 0.4479815263524565, 0.4877207016049515, 0.7952312658518699, 0.6390091947461521, 0.0, 0.0, 0.0, 0.0, 0.0, 0.0, 0.0, 0.0, 0.0, 0.0, 0.0, 0.0, 0.0, 0.0, 0.0, 0.0, 0.0, 0.0, 0.0, 0.0 * 0.6014267441823272, 0.7706858803381612, 0.8871970148231820, 0.9332725391412492, 0.1730646547735970, 0.4479815263524565, 0.4877207016049515, 0.7952312658518699, 0.6390091947461521, 12.7739366933277640 *   0
0.5963405089435821, 0.0588604933856337, 0.5608717685383148, 0.5636174378747202, 0.2426258387242564, 0.0189107549464846, 0.3438413796684898, 0.0090734353331260, 0.9236922631616202, 0.0, 0.0, 0.0, 0.0, 0.0, 0.0, 0.0, 0.0, 0.0, 0.0, 0.0, 0.0, 0.0, 0.0, 0.0, 0.0, 0.0, 0.0, 0.0, 0.0 * 0.5963405089435821, 0.0588604933856337, 0.5608717685383148, 0.5636174378747202, 0.2426258387242564, 0.0189107549464846, 0.3438413796684898, 0.0090734353331260, 0.9236922631616202, 17.1927982457828499 *   0
0.2106915610892193, 0.6065421693988806, 0.8654335014826774, 0.1097776885655605, 0.3735558397013489, 0.1990027330811148, 0.6465201832570695, 0.5926918972249571, 0.6765539639985906, 0.0, 0.0, 0.0, 0.0, 0.0, 0.0, 0.0, 0.0, 0.0, 0.0, 0.0, 0.0, 0.0, 0.0, 0.0, 0.0, 0.0, 0.0, 0.0, 0.0 * 0.2106915610892193, 0.6065421693988806, 0.8654335014826774, 0.1097776885655605, 0.3735558397013489, 0.1990027330811148, 0.6465201832570695, 0.5926918972249571, 0.6765539639985906, 15.3195464723437080 *   0
0.5189565231646208, 0.7423414130426671, 0.5773944014578101, 0.6376296010043609, 0.1325711287244088, 0.7854929611950614, 0.8958019488005908, 0.0236534783726807, 0.2724149931559409, 0.0, 0.0, 0.0, 0.0, 0.0, 0.0, 0.0, 0.0, 0.0, 0.0, 0.0, 0.0, 0.0, 0.0, 0.0, 0.0, 0.0, 0.0, 0.0, 0.0 * 0.5189565231646208, 0.7423414130426671, 0.5773944014578101, 0.6376296010043609, 0.1325711287244088, 0.7854929611950614, 0.8958019488005908, 0.0236534783726807, 0.2724149931559409, 14.3106184351139181 *   0
0.1837653453386227, 0.4580389864081699, 0.7802239422594308, 0.7664475970745308, 0.9047815082151357, 0.2575853645138375, 0.7616124445393739, 0.9635047521272231, 0.3318457944932607, 0.0, 0.0, 0.0, 0.0, 0.0, 0.0, 0.0, 0.0, 0.0, 0.0, 0.0, 0.0, 0.0, 0.0, 0.0, 0.0, 0.0, 0.0, 0.0, 0.0 * 0.1837653453386227, 0.4580389864081699, 0.7802239422594308, 0.7664475970745308, 0.9047815082151357, 0.2575853645138375, 0.7616124445393739, 0.9635047521272231, 0.3318457944932607, 11.7301977331866674 *   0
0.7670136703024683, 0.3335692320640987, 0.5367424942258477, 0.2191360575236082, 0.4775512309174758, 0.9498203261521739, 0.4661685966263379, 0.8843178050053855, 0.9672769293967992, 0.0, 0.0, 0.0, 0.0, 0.0, 0.0, 0.0, 0.0, 0.0, 0.0, 0.0, 0.0, 0.0, 0.0, 0.0, 0.0, 0.0, 0.0, 0.0, 0.0 * 0.7670136703024683, 0.3335692320640987, 0.5367424942258477, 0.2191360575236082, 0.4775512309174758, 0.9498203261521739, 0.4661685966263379, 0.8843178050053855, 0.9672769293967992, 13.4882932510997282 *   0
0.6302431568644210, 0.9235127172076668, 0.7379385054753806, 0.4628522496031841, 0.4385617978119113, 0.8505864459325496, 0.9526622518676623, 0.9489108244650581, 0.8990861279420025, 0.0, 0.0, 0.0, 0.0, 0.0, 0.0, 0.0, 0.0, 0.0, 0.0, 0.0, 0.0, 0.0, 0.0, 0.0, 0.0, 0.0, 0.0, 0.0, 0.0 * 0.6302431568644210, 0.9235127172076668, 0.7379385054753806, 0.4628522496031841, 0.4385617978119113, 0.8505864459325496, 0.9526622518676623, 0.9489108244650581, 0.8990861279420025, 10.6790285307660966 *   0
0.4467425218069658, 0.4773614227200679, 0.9951648479305044, 0.0587232434464261, 0.0742604299794233, 0.6407663308273844, 0.5972797603333740, 0.2226023679704416, 0.2197878357115145, 0.0, 0.0, 0.0, 0.0, 0.0, 0.0, 0.0, 0.0, 0.0, 0.0, 0.0, 0.0, 0.0, 0.0, 0.0, 0.0, 0.0, 0.0, 0.0, 0.0 * 0.4467425218069658, 0.4773614227200679, 0.9951648479305044, 0.0587232434464261, 0.0742604299794233, 0.6407663308273844, 0.5972797603333740, 0.2226023679704416, 0.2197878357115145, 17.1344681373385974 *   0
0.1439819983877158, 0.4130778314606649, 0.2470325391027297, 0.4067665740879097, 0.0174566032446253, 0.7175967491779461, 0.5737211818684457, 0.8129470133282929, 0.5826822512702468, 0.0, 0.0, 0.0, 0.0, 0.0, 0.0, 0.0, 0.0, 0.0, 0.0, 0.0, 0.0, 0.0, 0.0, 0.0, 0.0, 0.0, 0.0, 0.0, 0.0 * 0.1439819983877158, 0.4130778314606649, 0.2470325391027297, 0.4067665740879097, 0.0174566032446253, 0.7175967491779461, 0.5737211818684457, 0.8129470133282929, 0.5826822512702468, 16.0291999150001487 *   0
0.7418977263113008, 0.3342525061845092, 0.0878592334165514, 0.7227516913426815, 0.0272861840330466, 0.1609509001304167, 0.0150701217423520, 0.7288304305303983, 0.5122773654350440, 0.0, 0.0, 0.0, 0.0, 0.0, 0.0, 0.0, 0.0, 0.0, 0.0, 0.0, 0.0, 0.0, 0.0, 0.0, 0.0, 0.0, 0.0, 0.0, 0.0 * 0.7418977263113008, 0.3342525061845092, 0.0878592334165514, 0.7227516913426815, 0.0272861840330466, 0.1609509001304167, 0.0150701217423520, 0.7288304305303983, 0.5122773654350440, 15.6955216601697991 *   0
0.5968990072593554, 0.6456014828968800, 0.5385565164212867, 0.1483419379910184, 0.5790215053497914, 0.0329633965310470, 0.7009103487715639, 0.5181506697638661, 0.8326090932044243, 0.0, 0.0, 0.0, 0.0, 0.0, 0.0, 0.0, 0.0, 0.0, 0.0, 0.0, 0.0, 0.0, 0.0, 0.0, 0.0, 0.0, 0.0, 0.0, 0.0 * 0.5968990072593554, 0.6456014828968800, 0.5385565164212867, 0.1483419379910184, 0.5790215053497914, 0.0329633965310470, 0.7009103487715639, 0.5181506697638661, 0.8326090932044243, 16.1276851640499679 *   0
0.6043787717839604, 0.4705642100752165, 0.1669546077805360, 0.7954904100836676, 0.8650855025579620, 0.8730213399385202, 0.6644144098574363, 0.4124825966602576, 0.6119807221051216, 0.0, 0.0, 0.0, 0.0, 0.0, 0.0, 0.0, 0.0, 0.0, 0.0, 0.0, 0.0, 0.0, 0.0, 0.0, 0.0, 0.0, 0.0, 0.0, 0.0 * 0.6043787717839604, 0.4705642100752165, 0.1669546077805360, 0.7954904100836676, 0.8650855025579620, 0.8730213399385202, 0.6644144098574363, 0.4124825966602576, 0.6119807221051216, 13.3669751954591689 *   0
0.9358517420179452, 0.3245414171016502, 0.8743093818772162, 0.5891566847400538, 0.6377709687863341, 0.7593235907886753, 0.7754214651768195, 0.7949101518815896, 0.2627845752345326, 0.0, 0.0, 0.0, 0.0, 0.0, 0.0, 0.0, 0.0, 0.0, 0.0, 0.0, 0.0, 0.0, 0.0, 0.0, 0.0, 0.0, 0.0, 0.0, 0.0 * 0.9358517420179452, 0.3245414171016502, 0.8743093818772162, 0.5891566847400538, 0.6377709687863341, 0.7593235907886753, 0.7754214651768195, 0.7949101518815896, 0.2627845752345326, 11.0916395179510836 *   0
0.9334200224529113, 0.4944068801097604, 0.5525684107805455, 0.9391291648797361, 0.7996456966733773, 0.8141387322983419, 0.5944972711589640, 0.6572009090600539, 0.9952999460489024, 0.0, 0.0, 0.0, 0.0, 0.0, 0.0, 0.0, 0.0, 0.0, 0.0, 0.0, 0.0, 0.0, 0.0, 0.0, 0.0, 0.0, 0.0, 0.0, 0.0 * 0.9334200224529113, 0.4944068801097604, 0.5525684107805455, 0.9391291648797361, 0.7996456966733773, 0.8141387322983419, 0.5944972711589640, 0.6572009090600539, 0.9952999460489024, 11.9696499547229749 *   0
0.3945212920170842, 0.7060667321579842, 0.8689240002394300, 0.5473970945679569, 0.7389593826322627, 0.9324845978675804, 0.2331188862366224, 0.9265757947818264, 0.5514429311973242, 0.0, 0.0, 0.0, 0.0, 0.0, 0.0, 0.0, 0.0, 0.0, 0.0, 0.0, 0.0, 0.0, 0.0, 0.0, 0.0, 0.0, 0.0, 0.0, 0.0 * 0.3945212920170842, 0.7060667321579842, 0.8689240002394300, 0.5473970945679569, 0.7389593826322627, 0.9324845978675804, 0.2331188862366224, 0.9265757947818264, 0.5514429311973242, 12.4208444373228595 *   0
0.3132295516846839, 0.8850142089114591, 0.1862647799711045, 0.1571391830952555, 0.5034609849115186, 0.8289573070728021, 0.6756540586592882, 0.9041700330116647, 0.1911116378340459, 0.0, 0.0, 0.0, 0.0, 0.0, 0.0, 0.0, 0.0, 0.0, 0.0, 0.0, 0.0, 0.0, 0.0, 0.0, 0.0, 0.0, 0.0, 0.0, 0.0 * 0.3132295516846839, 0.8850142089114591, 0.1862647799711045, 0.1571391830952555, 0.5034609849115186, 0.8289573070728021, 0.6756540586592882, 0.9041700330116647, 0.1911116378340459, 12.8959859493118127 *   0
0.3052388165636169, 0.2615703215177964, 0.6553681067448892, 0.8575552123866766, 0.1811612132848991, 0.3413544708589811, 0.6673405085072576, 0.8790094362939752, 0.6533049431877700, 0.0, 0.0, 0.0, 0.0, 0.0, 0.0, 0.0, 0.0, 0.0, 0.0, 0.0, 0.0, 0.0, 0.0, 0.0, 0.0, 0.0, 0.0, 0.0, 0.0 * 0.3052388165636169, 0.2615703215177964, 0.6553681067448892, 0.8575552123866766, 0.1811612132848991, 0.3413544708589811, 0.6673405085072576, 0.8790094362939752, 0.6533049431877700, 13.3141474776040880 *   0
0.0328926504742786, 0.0635605971624891, 0.6857217921343268, 0.1876164121495636, 0.6189583337954051, 0.7003011362162890, 0.5678310857935953, 0.0011254795832212, 0.0057091419611634, 0.0, 0.0, 0.0, 0.0, 0.0, 0.0, 0.0, 0.0, 0.0, 0.0, 0.0, 0.0, 0.0, 0.0, 0.0, 0.0, 0.0, 0.0, 0.0, 0.0 * 0.0328926504742786, 0.0635605971624891, 0.6857217921343268, 0.1876164121495636, 0.6189583337954051, 0.7003011362162890, 0.5678310857935953, 0.0011254795832212, 0.0057091419611634, 17.2900572500114684 *   0
0.6184467764657209, 0.6426925271016977, 0.5185148750983714, 0.4007090476344847, 0.3621543312269050, 0.7188672338234574, 0.8018966996119808, 0.6778123624053841, 0.1528758020852114, 0.0, 0.0, 0.0, 0.0, 0.0, 0.0, 0.0, 0.0, 0.0, 0.0, 0.0, 0.0, 0.0, 0.0, 0.0, 0.0, 0.0, 0.0, 0.0, 0.0 * 0.6184467764657209, 0.6426925271016977, 0.5185148750983714, 0.4007090476344847, 0.3621543312269050, 0.7188672338234574, 0.8018966996119808, 0.6778123624053841, 0.1528758020852114, 15.0378143154017820 *   0
0.9195908922327640, 0.6859863645797531, 0.8097852961205809, 0.6978482230090761, 0.3119504723287888, 0.6458890436430876, 0.0060047726174839, 0.5329598372489959, 0.8439096318762329, 0.0, 0.0, 0.0, 0.0, 0.0, 0.0, 0.0, 0.0, 0.0, 0.0, 0.0, 0.0, 0.0, 0.0, 0.0, 0.0, 0.0, 0.0, 0.0, 0.0 * 0.9195908922327640, 0.6859863645797531, 0.8097852961205809, 0.6978482230090761, 0.3119504723287888, 0.6458890436430876, 0.0060047726174839, 0.5329598372489959, 0.8439096318762329, 12.5283294425067844 *   0
0.5553977361672547, 0.0145793436163009, 0.3802146736440317, 0.3821671462534774, 0.3054080062105358, 0.7374077307700215, 0.2604448419345752, 0.6496589643180645, 0.5523163958230598, 0.0, 0.0, 0.0, 0.0, 0.0, 0.0, 0.0, 0.0, 0.0, 0.0, 0.0, 0.0, 0.0, 0.0, 0.0, 0.0, 0.0, 0.0, 0.0, 0.0 * 0.5553977361672547, 0.0145793436163009, 0.3802146736440317, 0.3821671462534774, 0.3054080062105358, 0.7374077307700215, 0.2604448419345752, 0.6496589643180645, 0.5523163958230598, 16.8637097169495220 *   0
0.7194618045908687, 0.2003523587250860, 0.4011876515118348, 0.3156580311784791, 0.4340085687274153, 0.2309959513279591, 0.3857482352227663, 0.5328459900491154, 0.1547237616752851, 0.0, 0.0, 0.0, 0.0, 0.0, 0.0, 0.0, 0.0, 0.0, 0.0, 0.0, 0.0, 0.0, 0.0, 0.0, 0.0, 0.0, 0.0, 0.0, 0.0 * 0.7194618045908687, 0.2003523587250860, 0.4011876515118348, 0.3156580311784791, 0.4340085687274153, 0.2309959513279591, 0.3857482352227663, 0.5328459900491154, 0.1547237616752851, 16.9779531596603661 *   0
0.6259641082146969, 0.8361037475225067, 0.3081565500740691, 0.2210093644545457, 0.1980205882331452, 0.6124420038482370, 0.1097326898527018, 0.6746052436877997, 0.7822622716344252, 0.0, 0.0, 0.0, 0.0, 0.0, 0.0, 0.0, 0.0, 0.0, 0.0, 0.0, 0.0, 0.0, 0.0, 0.0, 0.0, 0.0, 0.0, 0.0, 0.0 * 0.6259641082146969, 0.8361037475225067, 0.3081565500740691, 0.2210093644545457, 0.1980205882331452, 0.6124420038482370, 0.1097326898527018, 0.6746052436877997, 0.7822622716344252, 14.0370682560741500 *   0
0.2908286625942349, 0.3571930571259899, 0.8782776961467591, 0.3442509581075287, 0.8149086655186996, 0.6591460498325276, 0.0363273997960274, 0.2574689002975211, 0.7782573312419734, 0.0, 0.0, 0.0, 0.0, 0.0, 0.0, 0.0, 0.0, 0.0, 0.0, 0.0, 0.0, 0.0, 0.0, 0.0, 0.0, 0.0, 0.0, 0.0, 0.0 * 0.2908286625942349, 0.3571930571259899, 0.8782776961467591, 0.3442509581075287, 0.8149086655186996, 0.6591460498325276, 0.0363273997960274, 0.2574689002975211, 0.7782573312419734, 13.1715673815046408 *   0
0.2336562100023293, 0.8298082998161243, 0.0700902040442872, 0.0988374213217001, 0.9237278108129873, 0.1696495009444884, 0.4817333540328468, 0.2254909119687467, 0.8267694100862226, 0.0, 0.0, 0.0, 0.0, 0.0, 0.0, 0.0, 0.0, 0.0, 0.0, 0.0, 0.0, 0.0, 0.0, 0.0, 0.0, 0.0, 0.0, 0.0, 0.0 * 0.2336562100023293, 0.8298082998161243, 0.0700902040442872, 0.0988374213217001, 0.9237278108129873, 0.1696495009444884, 0.4817333540328468, 0.2254909119687467, 0.8267694100862226, 13.6797821626800005 *   0
0.2744073333565180, 0.8875812496466475, 0.8741361456337088, 0.1894034064325520, 0.4736995582811998, 0.1684975950832002, 0.0928451461218508, 0.9778981171445447, 0.9890777771310312, 0.0, 0.0, 0.0, 0.0, 0.0, 0.0, 0.0, 0.0, 0.0, 0.0, 0.0, 0.0, 0.0, 0.0, 0.0, 0.0, 0.0, 0.0, 0.0, 0.0 * 0.2744073333565180, 0.8875812496466475, 0.8741361456337088, 0.1894034064325520, 0.4736995582811998, 0.1684975950832002, 0.0928451461218508, 0.9778981171445447, 0.9890777771310312, 13.0739447354345781 *   0
0.3902297161474031, 0.2080985597372514, 0.2581723477962298, 0.8910823501139331, 0.4869220324265408, 0.8534336890342802, 0.4663881321746801, 0.4743492829028281, 0.8030739667839715, 0.0, 0.0, 0.0, 0.0, 0.0, 0.0, 0.0, 0.0, 0.0, 0.0, 0.0, 0.0, 0.0, 0.0, 0.0, 0.0, 0.0, 0.0, 0.0, 0.0 * 0.3902297161474031, 0.2080985597372514, 0.2581723477962298, 0.8910823501139331, 0.4869220324265408, 0.8534336890342802, 0.4663881321746801, 0.4743492829028281, 0.8030739667839715, 14.0230562250814685 *   0
0.0939195105312017, 0.0995592964345400, 0.3828959327111467, 0.3017631016214206, 0.6571199091417342, 0.8090953085613881, 0.1317021446915819, 0.0515082860605364, 0.0534222955132938, 0.0, 0.0, 0.0, 0.0, 0.0, 0.0, 0.0, 0.0, 0.0, 0.0, 0.0, 0.0, 0.0, 0.0, 0.0, 0.0, 0.0, 0.0, 0.0, 0.0 * 0.0939195105312017, 0.0995592964345400, 0.3828959327111467, 0.3017631016214206, 0.6571199091417342, 0.8090953085613881, 0.1317021446915819, 0.0515082860605364, 0.0534222955132938, 16.4465154477294497 *   0
0.8655348144776815, 0.7210057893400107, 0.0491624600482930, 0.4491051120912214, 0.9864671127807662, 0.7079090949650431, 0.2108829194730534, 0.4738939774566768, 0.8651812117850320, 0.0, 0.0, 0.0, 0.0, 0.0, 0.0, 0.0, 0.0, 0.0, 0.0, 0.0, 0.0, 0.0, 0.0, 0.0, 0.0, 0.0, 0.0, 0.0, 0.0 * 0.8655348144776815, 0.7210057893400107, 0.0491624600482930, 0.4491051120912214, 0.9864671127807662, 0.7079090949650431, 0.2108829194730534, 0.4738939774566768, 0.8651812117850320, 12.9145298120490963 *   0
0.3382429272580160, 0.8975602662645096, 0.1360746119805028, 0.4107879378883112, 0.0054085482868406, 0.7832819939513141, 0.7743862349420721, 0.2936780686926460, 0.1146678138126935, 0.0, 0.0, 0.0, 0.0, 0.0, 0.0, 0.0, 0.0, 0.0, 0.0, 0.0, 0.0, 0.0, 0.0, 0.0, 0.0, 0.0, 0.0, 0.0, 0.0 * 0.3382429272580160, 0.8975602662645096, 0.1360746119805028, 0.4107879378883112, 0.0054085482868406, 0.7832819939513141, 0.7743862349420721, 0.2936780686926460, 0.1146678138126935, 14.1026322467160306 *   0
0.5575606127071943, 0.4261993758502413, 0.8299390435358226, 0.3943883769188022, 0.2443269869519058, 0.3260134632354665, 0.7293600680908934, 0.6386541466408662, 0.9848446273174345, 0.0, 0.0, 0.0, 0.0, 0.0, 0.0, 0.0, 0.0, 0.0, 0.0, 0.0, 0.0, 0.0, 0.0, 0.0, 0.0, 0.0, 0.0, 0.0, 0.0 * 0.5575606127071943, 0.4261993758502413, 0.8299390435358226, 0.3943883769188022, 0.2443269869519058, 0.3260134632354665, 0.7293600680908934, 0.6386541466408662, 0.9848446273174345, 14.4744504977149848 *   0
0.2654613229750941, 0.6587466344510888, 0.7617778078474933, 0.4874268651415719, 0.1572721168199890, 0.8830365915238096, 0.6256653194435245, 0.5177147213917760, 0.2078435910902189, 0.0, 0.0, 0.0, 0.0, 0.0, 0.0, 0.0, 0.0, 0.0, 0.0, 0.0, 0.0, 0.0, 0.0, 0.0, 0.0, 0.0, 0.0, 0.0, 0.0 * 0.2654613229750941, 0.6587466344510888, 0.7617778078474933, 0.4874268651415719, 0.1572721168199890, 0.8830365915238096, 0.6256653194435245, 0.5177147213917760, 0.2078435910902189, 14.8240781928332801 *   0
0.1078482820223310, 0.6472073819708114, 0.3635982965880997, 0.2882695204058054, 0.3313858203270407, 0.0911485795356094, 0.4273277206473647, 0.9344946467012608, 0.5835702980792011, 0.0, 0.0, 0.0, 0.0, 0.0, 0.0, 0.0, 0.0, 0.0, 0.0, 0.0, 0.0, 0.0, 0.0, 0.0, 0.0, 0.0, 0.0, 0.0, 0.0 * 0.1078482820223310, 0.6472073819708114, 0.3635982965880997, 0.2882695204058054, 0.3313858203270407, 0.0911485795356094, 0.4273277206473647, 0.9344946467012608, 0.5835702980792011, 16.3616119893335110 *   0
0.8181276115673257, 0.4960744201653052, 0.3349716907064298, 0.3943271596889604, 0.6588311636163067, 0.6088828596327840, 0.2589061196236434, 0.1512299851287296, 0.0725450106302952, 0.0, 0.0, 0.0, 0.0, 0.0, 0.0, 0.0, 0.0, 0.0, 0.0, 0.0, 0.0, 0.0, 0.0, 0.0, 0.0, 0.0, 0.0, 0.0, 0.0 * 0.8181276115673257, 0.4960744201653052, 0.3349716907064298, 0.3943271596889604, 0.6588311636163067, 0.6088828596327840, 0.2589061196236434, 0.1512299851287296, 0.0725450106302952, 16.1131886194228464 *   0
0.4985254823689002, 0.1212587836763164, 0.1382384538362913, 0.3604426045717870, 0.3248070000320706, 0.9318952937293310, 0.9084846544584654, 0.6220954524456036, 0.8368277646772693, 0.0, 0.0, 0.0, 0.0, 0.0, 0.0, 0.0, 0.0, 0.0, 0.0, 0.0, 0.0, 0.0, 0.0, 0.0, 0.0, 0.0, 0.0, 0.0, 0.0 * 0.4985254823689002, 0.1212587836763164, 0.1382384538362913, 0.3604426045717870, 0.3248070000320706, 0.9318952937293310, 0.9084846544584654, 0.6220954524456036, 0.8368277646772693, 13.7467307227411162 *   0
0.6841784388218906, 0.7275502834131710, 0.1390581997758980, 0.6031088263742201, 0.4924217180779305, 0.8381336027933907, 0.7242519882154893, 0.1782075097682921, 0.2219655421664778, 0.0, 0.0, 0.0, 0.0, 0.0, 0.0, 0.0, 0.0, 0.0, 0.0, 0.0, 0.0, 0.0, 0.0, 0.0, 0.0, 0.0, 0.0, 0.0, 0.0 * 0.6841784388218906, 0.7275502834131710, 0.1390581997758980, 0.6031088263742201, 0.4924217180779305, 0.8381336027933907, 0.7242519882154893, 0.1782075097682921, 0.2219655421664778, 13.9996301472379354 *   0
0.1627567434510015, 0.2739111689263541, 0.8645789604003443, 0.4923988219780842, 0.4636621509975112, 0.8489421628643490, 0.4959773963764205, 0.2910532859578046, 0.1804212383834744, 0.0, 0.0, 0.0, 0.0, 0.0, 0.0, 0.0, 0.0, 0.0, 0.0, 0.0, 0.0, 0.0, 0.0, 0.0, 0.0, 0.0, 0.0, 0.0, 0.0 * 0.1627567434510015, 0.2739111689263541, 0.8645789604003443, 0.4923988219780842, 0.4636621509975112, 0.8489421628643490, 0.4959773963764205, 0.2910532859578046, 0.1804212383834744, 15.0826620785969183 *   0
0.2035482163557542, 0.7936568394273784, 0.5480420498866784, 0.2972884524135331, 0.9049324714135996, 0.9096429575745216, 0.8739789681853628, 0.4981439264948219, 0.5761995481216347, 0.0, 0.0, 0.0, 0.0, 0.0, 0.0, 0.0, 0.0, 0.0, 0.0, 0.0, 0.0, 0.0, 0.0, 0.0, 0.0, 0.0, 0.0, 0.0, 0.0 * 0.2035482163557542, 0.7936568394273784, 0.5480420498866784, 0.2972884524135331, 0.9049324714135996, 0.9096429575745216, 0.8739789681853628, 0.4981439264948219, 0.5761995481216347, 12.5885080783497436 *   0
0.7648714351304208, 0.6990754030174927, 0.1211431618412692, 0.6857857916903616, 0.3838319393730871, 0.7742734946190721, 0.9430512743736856, 0.9162729121354748, 0.8619171226685480, 0.0, 0.0, 0.0, 0.0, 0.0, 0.0, 0.0, 0.0, 0.0, 0.0, 0.0, 0.0, 0.0, 0.0, 0.0, 0.0, 0.0, 0.0, 0.0, 0.0 * 0.7648714351304208, 0.6990754030174927, 0.1211431618412692, 0.6857857916903616, 0.3838319393730871, 0.7742734946190721, 0.9430512743736856, 0.9162729121354748, 0.8619171226685480, 10.3505142781945594 *   0
0.1897509820711571, 0.9843632029296659, 0.0035785743983363, 0.8273911354259547, 0.3314790755191255, 0.1882010419798089, 0.4364969969897051, 0.9586369618580849, 0.9189303880179908, 0.0, 0.0, 0.0, 0.0, 0.0, 0.0, 0.0, 0.0, 0.0, 0.0, 0.0, 0.0, 0.0, 0.0, 0.0, 0.0, 0.0, 0.0, 0.0, 0.0 * 0.1897509820711571, 0.9843632029296659, 0.0035785743983363, 0.8273911354259547, 0.3314790755191255, 0.1882010419798089, 0.4364969969897051, 0.9586369618580849, 0.9189303880179908, 13.1755389805919663 *   0
0.1112756319862211, 0.3616009076878433, 0.5766905157718297, 0.5932114550812223, 0.6665565910127743, 0.2887777752656386, 0.7757672428971936, 0.2883794118130484, 0.3296420785270827, 0.0, 0.0, 0.0, 0.0, 0.0, 0.0, 0.0, 0.0, 0.0, 0.0, 0.0, 0.0, 0.0, 0.0, 0.0, 0.0, 0.0, 0.0, 0.0, 0.0 * 0.1112756319862211, 0.3616009076878433, 0.5766905157718297, 0.5932114550812223, 0.6665565910127743, 0.2887777752656386, 0.7757672428971936, 0.2883794118130484, 0.3296420785270827, 15.9065644415609082 *   0
0.6847565368212557, 0.6531303323121417, 0.2572654822176627, 0.5324409727623877, 0.0876436280494759, 0.2604969424477299, 0.8773839277575649, 0.6861249276837916, 0.0937402360577789, 0.0, 0.0, 0.0, 0.0, 0.0, 0.0, 0.0, 0.0, 0.0, 0.0, 0.0, 0.0, 0.0, 0.0, 0.0, 0.0, 0.0, 0.0, 0.0, 0.0 * 0.6847565368212557, 0.6531303323121417, 0.2572654822176627, 0.5324409727623877, 0.0876436280494759, 0.2604969424477299, 0.8773839277575649, 0.6861249276837916, 0.0937402360577789, 14.9426661039432371 *   0
0.3471158730551209, 0.1846224675814726, 0.6091058620294117, 0.6271578863389594, 0.7307293455725207, 0.3283744381407157, 0.7404384411594078, 0.2022127742889397, 0.9209143570256021, 0.0, 0.0, 0.0, 0.0, 0.0, 0.0, 0.0, 0.0, 0.0, 0.0, 0.0, 0.0, 0.0, 0.0, 0.0, 0.0, 0.0, 0.0, 0.0, 0.0 * 0.3471158730551209, 0.1846224675814726, 0.6091058620294117, 0.6271578863389594, 0.7307293455725207, 0.3283744381407157, 0.7404384411594078, 0.2022127742889397, 0.9209143570256021, 13.9948282284344021 *   0
0.3049556833249311, 0.7120872599594701, 0.1825557873503099, 0.6218228212659354, 0.0408643027957828, 0.4139837396396248, 0.6959837911166176, 0.6739364963369149, 0.6376401528891363, 0.0, 0.0, 0.0, 0.0, 0.0, 0.0, 0.0, 0.0, 0.0, 0.0, 0.0, 0.0, 0.0, 0.0, 0.0, 0.0, 0.0, 0.0, 0.0, 0.0 * 0.3049556833249311, 0.7120872599594701, 0.1825557873503099, 0.6218228212659354, 0.0408643027957828, 0.4139837396396248, 0.6959837911166176, 0.6739364963369149, 0.6376401528891363, 15.6206619031920972 *   0
0.4345132957373342, 0.0032314597644058, 0.3449429549951772, 0.5984812996343157, 0.8332432940757104, 0.2338917046943175, 0.6754759804697130, 0.4829502797140509, 0.4819358230950012, 0.0, 0.0, 0.0, 0.0, 0.0, 0.0, 0.0, 0.0, 0.0, 0.0, 0.0, 0.0, 0.0, 0.0, 0.0, 0.0, 0.0, 0.0, 0.0, 0.0 * 0.4345132957373342, 0.0032314597644058, 0.3449429549951772, 0.5984812996343157, 0.8332432940757104, 0.2338917046943175, 0.6754759804697130, 0.4829502797140509, 0.4819358230950012, 16.5358627077093381 *   0
0.6930336783141986, 0.0730916662482040, 0.2923184308653318, 0.7015442464973518, 0.3513264653046273, 0.5038864014222689, 0.0135109820466074, 0.0651170355571048, 0.1186730773740788, 0.0, 0.0, 0.0, 0.0, 0.0, 0.0, 0.0, 0.0, 0.0, 0.0, 0.0, 0.0, 0.0, 0.0, 0.0, 0.0, 0.0, 0.0, 0.0, 0.0 * 0.6930336783141986, 0.0730916662482040, 0.2923184308653318, 0.7015442464973518, 0.3513264653046273, 0.5038864014222689, 0.0135109820466074, 0.0651170355571048, 0.1186730773740788, 17.0507873231702440 *   0
0.3287770433019740, 0.2314279522893149, 0.0741609698506822, 0.6330721935411320, 0.2236564132495115, 0.6511320824041646, 0.5106859712445577, 0.9714657096059368, 0.2800420132838385, 0.0, 0.0, 0.0, 0.0, 0.0, 0.0, 0.0, 0.0, 0.0, 0.0, 0.0, 0.0, 0.0, 0.0, 0.0, 0.0, 0.0, 0.0, 0.0, 0.0 * 0.3287770433019740, 0.2314279522893149, 0.0741609698506822, 0.6330721935411320, 0.2236564132495115, 0.6511320824041646, 0.5106859712445577, 0.9714657096059368, 0.2800420132838385, 16.0592144149583191 *   0
0.8300118338456433, 0.8889487501648016, 0.0769946808353973, 0.6497069861040018, 0.2480441184006837, 0.6294797033208793, 0.2291369797797580, 0.7006199647209700, 0.3168671374753430, 0.0, 0.0, 0.0, 0.0, 0.0, 0.0, 0.0, 0.0, 0.0, 0.0, 0.0, 0.0, 0.0, 0.0, 0.0, 0.0, 0.0, 0.0, 0.0, 0.0 * 0.8300118338456433, 0.8889487501648016, 0.0769946808353973, 0.6497069861040018, 0.2480441184006837, 0.6294797033208793, 0.2291369797797580, 0.7006199647209700, 0.3168671374753430, 13.4609026349888232 *   0
0.8732713427735824, 0.8310375408413995, 0.9794341293067830, 0.7438112072384968, 0.9033663402792841, 0.9835957381797935, 0.6668803345723452, 0.4972585190540452, 0.1639680034313202, 0.0, 0.0, 0.0, 0.0, 0.0, 0.0, 0.0, 0.0, 0.0, 0.0, 0.0, 0.0, 0.0, 0.0, 0.0, 0.0, 0.0, 0.0, 0.0, 0.0 * 0.8732713427735824, 0.8310375408413995, 0.9794341293067830, 0.7438112072384968, 0.9033663402792841, 0.9835957381797935, 0.6668803345723452, 0.4972585190540452, 0.1639680034313202, 10.4980861509508454 *   0
0.9922284614258579, 0.5769711125534824, 0.8776137781690870, 0.7478092963564253, 0.6289099313453351, 0.0354209067464904, 0.7478028669710285, 0.8332385420022712, 0.9253765511910322, 0.0, 0.0, 0.0, 0.0, 0.0, 0.0, 0.0, 0.0, 0.0, 0.0, 0.0, 0.0, 0.0, 0.0, 0.0, 0.0, 0.0, 0.0, 0.0, 0.0 * 0.9922284614258579, 0.5769711125534824, 0.8776137781690870, 0.7478092963564253, 0.6289099313453351, 0.0354209067464904, 0.7478028669710285, 0.8332385420022712, 0.9253765511910322, 10.9317330396872450 *   0
0.5861183091002136, 0.2943614499151527, 0.9034417401549600, 0.5041985588633449, 0.8205801815821697, 0.6490525797237887, 0.3563543890399646, 0.0987814567511815, 0.9808539654970421, 0.0, 0.0, 0.0, 0.0, 0.0, 0.0, 0.0, 0.0, 0.0, 0.0, 0.0, 0.0, 0.0, 0.0, 0.0, 0.0, 0.0, 0.0, 0.0, 0.0 * 0.5861183091002136, 0.2943614499151527, 0.9034417401549600, 0.5041985588633449, 0.8205801815821697, 0.6490525797237887, 0.3563543890399646, 0.0987814567511815, 0.9808539654970421, 14.0085217632700143 *   0
0.0723287994378846, 0.0041616088730104, 0.9230691273338484, 0.5938921792404224, 0.1803722657171880, 0.1631314992732981, 0.3916902306450951, 0.9130266774040771, 0.8196951527240198, 0.0, 0.0, 0.0, 0.0, 0.0, 0.0, 0.0, 0.0, 0.0, 0.0, 0.0, 0.0, 0.0, 0.0, 0.0, 0.0, 0.0, 0.0, 0.0, 0.0 * 0.0723287994378846, 0.0041616088730104, 0.9230691273338484, 0.5938921792404224, 0.1803722657171880, 0.1631314992732981, 0.3916902306450951, 0.9130266774040771, 0.8196951527240198, 14.0393984648568484 *   0
0.0519388187918527, 0.1578071285774033, 0.9999935710802644, 0.2043286106569360, 0.8899556444445419, 0.1254684758025540, 0.9977989993047895, 0.0540575776500896, 0.8705398649305757, 0.0, 0.0, 0.0, 0.0, 0.0, 0.0, 0.0, 0.0, 0.0, 0.0, 0.0, 0.0, 0.0, 0.0, 0.0, 0.0, 0.0, 0.0, 0.0, 0.0 * 0.0519388187918527, 0.1578071285774033, 0.9999935710802644, 0.2043286106569360, 0.8899556444445419, 0.1254684758025540, 0.9977989993047895, 0.0540575776500896, 0.8705398649305757, 13.5278154912548345 *   0
0.1349024116689816, 0.5202100698464597, 0.0782321417137199, 0.0699063977552142, 0.2046550862512808, 0.4614204733918516, 0.8196772801781433, 0.5733186283955903, 0.7555808353962288, 0.0, 0.0, 0.0, 0.0, 0.0, 0.0, 0.0, 0.0, 0.0, 0.0, 0.0, 0.0, 0.0, 0.0, 0.0, 0.0, 0.0, 0.0, 0.0, 0.0 * 0.1349024116689816, 0.5202100698464597, 0.0782321417137199, 0.0699063977552142, 0.2046550862512808, 0.4614204733918516, 0.8196772801781433, 0.5733186283955903, 0.7555808353962288, 15.9754548277164119 *   0
0.1762106563785163, 0.2400623724051110, 0.7977980518703340, 0.7326544116868891, 0.6565636529850605, 0.9674051385221095, 0.6394583455470663, 0.7597348418830591, 0.0934804771530817, 0.0, 0.0, 0.0, 0.0, 0.0, 0.0, 0.0, 0.0, 0.0, 0.0, 0.0, 0.0, 0.0, 0.0, 0.0, 0.0, 0.0, 0.0, 0.0, 0.0 * 0.1762106563785163, 0.2400623724051110, 0.7977980518703340, 0.7326544116868891, 0.6565636529850605, 0.9674051385221095, 0.6394583455470663, 0.7597348418830591, 0.0934804771530817, 12.6717299624709412 *   0
0.7321485158671385, 0.1254749047222896, 0.7934703881821923, 0.1641019336712090, 0.7450713891280216, 0.0745298005987563, 0.9501040316885822, 0.0525292624032727, 0.5215633798025378, 0.0, 0.0, 0.0, 0.0, 0.0, 0.0, 0.0, 0.0, 0.0, 0.0, 0.0, 0.0, 0.0, 0.0, 0.0, 0.0, 0.0, 0.0, 0.0, 0.0 * 0.7321485158671385, 0.1254749047222896, 0.7934703881821923, 0.1641019336712090, 0.7450713891280216, 0.0745298005987563, 0.9501040316885822, 0.0525292624032727, 0.5215633798025378, 13.9043832216974526 *   0
0.6844450168704823, 0.3831883312124705, 0.7497708824229291, 0.3686635416786482, 0.2941603620043771, 0.2322615386137094, 0.5844885006474743, 0.2444127356840357, 0.1523897918650833, 0.0, 0.0, 0.0, 0.0, 0.0, 0.0, 0.0, 0.0, 0.0, 0.0, 0.0, 0.0, 0.0, 0.0, 0.0, 0.0, 0.0, 0.0, 0.0, 0.0 * 0.6844450168704823, 0.3831883312124705, 0.7497708824229291, 0.3686635416786482, 0.2941603620043771, 0.2322615386137094, 0.5844885006474743, 0.2444127356840357, 0.1523897918650833, 15.7376991341057533 *   0
0.4165012805799494, 0.1696070861861143, 0.9068039338601771, 0.1031711884323373, 0.1260753390966334, 0.4954440665875767, 0.7604752284290619, 0.9847516650262995, 0.9350039865518939, 0.0, 0.0, 0.0, 0.0, 0.0, 0.0, 0.0, 0.0, 0.0, 0.0, 0.0, 0.0, 0.0, 0.0, 0.0, 0.0, 0.0, 0.0, 0.0, 0.0 * 0.4165012805799494, 0.1696070861861143, 0.9068039338601771, 0.1031711884323373, 0.1260753390966334, 0.4954440665875767, 0.7604752284290619, 0.9847516650262995, 0.9350039865518939, 13.5547443815313216 *   0
0.6195964839400707, 0.2810594124165640, 0.7860020980173732, 0.3074578737409124, 0.4470335792037815, 0.2261066251555954, 0.1875331095361771, 0.2762346720677962, 0.5564437553083728, 0.0, 0.0, 0.0, 0.0, 0.0, 0.0, 0.0, 0.0, 0.0, 0.0, 0.0, 0.0, 0.0, 0.0, 0.0, 0.0, 0.0, 0.0, 0.0, 0.0 * 0.6195964839400707, 0.2810594124165640, 0.7860020980173732, 0.3074578737409124, 0.4470335792037815, 0.2261066251555954, 0.1875331095361771, 0.2762346720677962, 0.5564437553083728, 16.0171980554632611 *   0
0.9109720307919067, 0.4824906566564416, 0.2158249589688261, 0.9502523741453198, 0.9201282537170352, 0.1476600147540029, 0.8810621695039152, 0.6410805963171090, 0.4319534182697318, 0.0, 0.0, 0.0, 0.0, 0.0, 0.0, 0.0, 0.0, 0.0, 0.0, 0.0, 0.0, 0.0, 0.0, 0.0, 0.0, 0.0, 0.0, 0.0, 0.0 * 0.9109720307919067, 0.4824906566564416, 0.2158249589688261, 0.9502523741453198, 0.9201282537170352, 0.1476600147540029, 0.8810621695039152, 0.6410805963171090, 0.4319534182697318, 12.5257194163419072 *   0
0.9564682529105192, 0.5886401331930609, 0.6573040395310633, 0.8586763259296661, 0.4395599194986559, 0.9239697889070817, 0.3984366666518322, 0.8147668963366965, 0.6842185252738271, 0.0, 0.0, 0.0, 0.0, 0.0, 0.0, 0.0, 0.0, 0.0, 0.0, 0.0, 0.0, 0.0, 0.0, 0.0, 0.0, 0.0, 0.0, 0.0, 0.0 * 0.9564682529105192, 0.5886401331930609, 0.6573040395310633, 0.8586763259296661, 0.4395599194986559, 0.9239697889070817, 0.3984366666518322, 0.8147668963366965, 0.6842185252738271, 11.9927029717042029 *   0
0.1659741663215561, 0.4401045276038835, 0.8800752362609260, 0.8292010933296760, 0.3303371296871161, 0.2289681710437723, 0.8933724145839793, 0.3503601785518043, 0.6866699083180492, 0.0, 0.0, 0.0, 0.0, 0.0, 0.0, 0.0, 0.0, 0.0, 0.0, 0.0, 0.0, 0.0, 0.0, 0.0, 0.0, 0.0, 0.0, 0.0, 0.0 * 0.1659741663215561, 0.4401045276038835, 0.8800752362609260, 0.8292010933296760, 0.3303371296871161, 0.2289681710437723, 0.8933724145839793, 0.3503601785518043, 0.6866699083180492, 12.7493943499969085 *   0
0.4376375965949323, 0.9318350562508382, 0.9308097953585953, 0.7209523430657351, 0.2842934030500676, 0.7385343149018168, 0.6399788165651163, 0.3540486797476414, 0.6878613902665029, 0.0, 0.0, 0.0, 0.0, 0.0, 0.0, 0.0, 0.0, 0.0, 0.0, 0.0, 0.0, 0.0, 0.0, 0.0, 0.0, 0.0, 0.0, 0.0, 0.0 * 0.4376375965949323, 0.9318350562508382, 0.9308097953585953, 0.7209523430657351, 0.2842934030500676, 0.7385343149018168, 0.6399788165651163, 0.3540486797476414, 0.6878613902665029, 12.6639385309297658 *   0
0.8509197867712563, 0.2666657493760184, 0.5397603407221662, 0.3752069763723793, 0.7602487363667454, 0.5125353641400744, 0.6677237607854063, 0.5316064341606602, 0.0392803433534132, 0.0, 0.0, 0.0, 0.0, 0.0, 0.0, 0.0, 0.0, 0.0, 0.0, 0.0, 0.0, 0.0, 0.0, 0.0, 0.0, 0.0, 0.0, 0.0, 0.0 * 0.8509197867712563, 0.2666657493760184, 0.5397603407221662, 0.3752069763723793, 0.7602487363667454, 0.5125353641400744, 0.6677237607854063, 0.5316064341606602, 0.0392803433534132, 15.5159922767683440 *   0
0.8902326025488938, 0.3488929352485076, 0.0641713207886421, 0.0200230488646883, 0.4577017372742769, 0.0630958383265398, 0.2382799541755952, 0.9706341316786754, 0.9022080734848082, 0.0, 0.0, 0.0, 0.0, 0.0, 0.0, 0.0, 0.0, 0.0, 0.0, 0.0, 0.0, 0.0, 0.0, 0.0, 0.0, 0.0, 0.0, 0.0, 0.0 * 0.8902326025488938, 0.3488929352485076, 0.0641713207886421, 0.0200230488646883, 0.4577017372742769, 0.0630958383265398, 0.2382799541755952, 0.9706341316786754, 0.9022080734848082, 14.5067274608620913 *   0
0.3524583472648907, 0.8077245200088827, 0.9190264739650424, 0.0697552762319126, 0.9493270753646861, 0.5259953502221011, 0.0860558478562421, 0.1922138459944231, 0.6632269270081198, 0.0, 0.0, 0.0, 0.0, 0.0, 0.0, 0.0, 0.0, 0.0, 0.0, 0.0, 0.0, 0.0, 0.0, 0.0, 0.0, 0.0, 0.0, 0.0, 0.0 * 0.3524583472648907, 0.8077245200088827, 0.9190264739650424, 0.0697552762319126, 0.9493270753646861, 0.5259953502221011, 0.0860558478562421, 0.1922138459944231, 0.6632269270081198, 13.8816101522246402 *   0
0.4935829869907270, 0.9727750238835695, 0.2925167844130270, 0.7713576977939148, 0.5267449792133388, 0.7699138362751873, 0.4002286220901779, 0.8915294520051822, 0.2833147460051415, 0.0, 0.0, 0.0, 0.0, 0.0, 0.0, 0.0, 0.0, 0.0, 0.0, 0.0, 0.0, 0.0, 0.0, 0.0, 0.0, 0.0, 0.0, 0.0, 0.0 * 0.4935829869907270, 0.9727750238835695, 0.2925167844130270, 0.7713576977939148, 0.5267449792133388, 0.7699138362751873, 0.4002286220901779, 0.8915294520051822, 0.2833147460051415, 13.3107936028635123 *   0
0.2788234726892894, 0.5952613412380504, 0.5753057825264082, 0.9874272509419486, 0.9496402782153526, 0.8080192011818379, 0.4132319667438194, 0.0710621788497372, 0.9149960735416953, 0.0, 0.0, 0.0, 0.0, 0.0, 0.0, 0.0, 0.0, 0.0, 0.0, 0.0, 0.0, 0.0, 0.0, 0.0, 0.0, 0.0, 0.0, 0.0, 0.0 * 0.2788234726892894, 0.5952613412380504, 0.5753057825264082, 0.9874272509419486, 0.9496402782153526, 0.8080192011818379, 0.4132319667438194, 0.0710621788497372, 0.9149960735416953, 13.3221426521530635 *   0
0.1416025553558034, 0.6069688762570586, 0.0163005716243296, 0.2428867706297370, 0.1372315767860187, 0.8041767542269904, 0.1566790892540846, 0.4009443942461835, 0.1297904467814557, 0.0, 0.0, 0.0, 0.0, 0.0, 0.0, 0.0, 0.0, 0.0, 0.0, 0.0, 0.0, 0.0, 0.0, 0.0, 0.0, 0.0, 0.0, 0.0, 0.0 * 0.1416025553558034, 0.6069688762570586, 0.0163005716243296, 0.2428867706297370, 0.1372315767860187, 0.8041767542269904, 0.1566790892540846, 0.4009443942461835, 0.1297904467814557, 16.4186989751081533 *   0
0.2782347990564233, 0.2115679705569372, 0.3119667360149169, 0.7137905707181388, 0.6147866764174712, 0.3767187341007957, 0.1429815237144854, 0.1394992699564897, 0.5008526335008687, 0.0, 0.0, 0.0, 0.0, 0.0, 0.0, 0.0, 0.0, 0.0, 0.0, 0.0, 0.0, 0.0, 0.0, 0.0, 0.0, 0.0, 0.0, 0.0, 0.0 * 0.2782347990564233, 0.2115679705569372, 0.3119667360149169, 0.7137905707181388, 0.6147866764174712, 0.3767187341007957, 0.1429815237144854, 0.1394992699564897, 0.5008526335008687, 16.6745245361973602 *   0
