0.9989058529021712, 0.1744858390532834, 0.4151990094292904, 0.8767697903685131, 0.7744663938761066, 0.1698289714613133, 0.2197204242552260, 0.9199330252222405, 0.5674544594099068, 0.5, 0.5, 0.5, 0.5, 0.5, 0.5, 0.5, 0.5, 0.5, 0.5 * 0.0001074175872573, 0.0001074175872573, 0.0001519114087366, 0.0002148351745145, 0.0003038228174732, 0.0004296703490290, 0.0006076456349464, 0.0008593406980580, 0.0012152912698928, 0.9999985230660386 *   0
0.9984116554252858, 0.7778061194242006, 0.4682484541406149, 0.3384695245597835, 0.7732963272246050, 0.0973800304799248, 0.6358456614594188, 0.9756793607844410, 0.0948583716968346, 0.5, 0.5, 0.5, 0.5, 0.5, 0.5, 0.5, 0.5, 0.5, 0.5 * 0.0001559352021988, 0.0001559352021988, 0.0002205256778009, 0.0003118704043975, 0.0004410513556017, 0.0006237408087950, 0.0008821027112035, 0.0012474816175900, 0.0017642054224070, 0.9999968875743840 *   0
0.9980463511301421, 0.8788764960499836, 0.9239086010139010, 0.3227727582318581, 0.0393661088493495, 0.8548178266989150, 0.9103128755978834, 0.5875796496810297, 0.0535176308143500, 0.5, 0.5, 0.5, 0.5, 0.5, 0.5, 0.5, 0.5, 0.5, 0.5 * 0.0001917987282463, 0.0001917987282463, 0.0002712443627318, 0.0003835974564926, 0.0005424887254637, 0.0007671949129852, 0.0010849774509274, 0.0015343898259705, 0.0021699549018547, 0.9999952912846379 *   0
0.9968577609382838, 0.6547511404635157, 0.9410595120587664, 0.2670110521218791, 0.6050349122868082, 0.2797783181442778, 0.1143446672308932, 0.6243383729012396, 0.6841817045045000, 0.5, 0.5, 0.5, 0.5, 0.5, 0.5, 0.5, 0.5, 0.5, 0.5 * 0.0003084873459233, 0.0003084873459233, 0.0004362669884252, 0.0006169746918465, 0.0008725339768503, 0.0012339493836931, 0.0017450679537007, 0.0024678987673861, 0.0034901359074013, 0.9999878188771580 *   0
0.9957692637088565, 0.9225790463027447, 0.7445991615506816, 0.0976298167824884, 0.4556410482412395, 0.4897640005172063, 0.3468459720475813, 0.7787202926253529, 0.6792731865678323, 0.5, 0.5, 0.5, 0.5, 0.5, 0.5, 0.5, 0.5, 0.5, 0.5 * 0.0004153485068297, 0.0004153485068297, 0.0005873914914700, 0.0008306970136595, 0.0011747829829401, 0.0016613940273190, 0.0023495659658801, 0.0033227880546379, 0.0046991319317602, 0.9999779179152787 *   0
0.9957331195453801, 0.5737968965311521, 0.7077179181891111, 0.8960494803712002, 0.0540757966479639, 0.1092286855491012, 0.9388054259767781, 0.6489149973024219, 0.7264693000942791, 0.5, 0.5, 0.5, 0.5, 0.5, 0.5, 0.5, 0.5, 0.5, 0.5 * 0.0004188968727528, 0.0004188968727528, 0.0005924096386827, 0.0008377937455057, 0.0011848192773655, 0.0016755874910113, 0.0023696385547309, 0.0033511749820227, 0.0047392771094619, 0.9999775390002315 *   0
0.9954902078004043, 0.6291315768049711, 0.2973761368996353, 0.2023830335598360, 0.9974783416825711, 0.4858599246879387, 0.5593269549120808, 0.4650080755655691, 0.7164409960231003, 0.5, 0.5, 0.5, 0.5, 0.5, 0.5, 0.5, 0.5, 0.5, 0.5 * 0.0004427441108311, 0.0004427441108311, 0.0006261347261982, 0.0008854882216623, 0.0012522694523964, 0.0017709764433245, 0.0025045389047928, 0.0035419528866490, 0.0050090778095856, 0.9999749088247140 *   0
0.9950660993322107, 0.1577910250787581, 0.3361340329684941, 0.3918766204229913, 0.7725930953270723, 0.0801833272353668, 0.3263631809159942, 0.8404507436046613, 0.4638125847390911, 0.5, 0.5, 0.5, 0.5, 0.5, 0.5, 0.5, 0.5, 0.5, 0.5 * 0.0004843797162901, 0.0004843797162901, 0.0006850163641159, 0.0009687594325803, 0.0013700327282319, 0.0019375188651605, 0.0027400654564637, 0.0038750377303211, 0.0054801309129275, 0.9999699677142081 *   0
0.9944964982543590, 0.1779119126395844, 0.8106712963481766, 0.5485797783120441, 0.2795990362202744, 0.3653676902714035, 0.9723443728742862, 0.6092843784062585, 0.5070890185921867, 0.5, 0.5, 0.5, 0.5, 0.5, 0.5, 0.5, 0.5, 0.5, 0.5 * 0.0005402982905800, 0.0005402982905800, 0.0007640971702653, 0.0010805965811601, 0.0015281943405306, 0.0021611931623201, 0.0030563886810611, 0.0043223863246402, 0.0061127773621222, 0.9999626332547843 *   0
0.9927666145343178, 0.1407413874476875, 0.1178326048505644, 0.5912663967307966, 0.3925738397019793, 0.2971861158950190, 0.5377677602403647, 0.9497194983762314, 0.3408146697752246, 0.5, 0.5, 0.5, 0.5, 0.5, 0.5, 0.5, 0.5, 0.5, 0.5 * 0.0007101206779416, 0.0007101206779416, 0.0010042622936665, 0.0014202413558831, 0.0020085245873331, 0.0028404827117663, 0.0040170491746662, 0.0056809654235325, 0.0080340983493323, 0.9999354511804383 *   0
0.9927298980731191, 0.0457500713159098, 0.4852832287947104, 0.8355343480759926, 0.8988778618624796, 0.5282616384924677, 0.4482790946253944, 0.7231058970666984, 0.8527060513630071, 0.5, 0.5, 0.5, 0.5, 0.5, 0.5, 0.5, 0.5, 0.5, 0.5 * 0.0007137250742329, 0.0007137250742329, 0.0010093596797859, 0.0014274501484658, 0.0020187193595718, 0.0028549002969316, 0.0040374387191437, 0.0057098005938632, 0.0080748774382873, 0.9999347942284603 *   0
0.9922284614258579, 0.5769711125534824, 0.8776137781690870, 0.7478092963564253, 0.6289099313453351, 0.0354209067464904, 0.7478028669710285, 0.8332385420022712, 0.9253765511910322, 0.5, 0.5, 0.5, 0.5, 0.5, 0.5, 0.5, 0.5, 0.5, 0.5 * 0.0007629500654952, 0.0007629500654952, 0.0010789743300368, 0.0015259001309905, 0.0021579486600736, 0.0030518002619809, 0.0043158973201472, 0.0061036005239619, 0.0086317946402944, 0.9999254893453690 *   0
0.9918969240933176, 0.4532586361529579, 0.1076131728978889, 0.2672487261086929, 0.3217338003785041, 0.6196207276636831, 0.6085103767032318, 0.4382417665041246, 0.8602173630428581, 0.5, 0.5, 0.5, 0.5, 0.5, 0.5, 0.5, 0.5, 0.5, 0.5 * 0.0007954961368562, 0.0007954961368562, 0.0011250014255575, 0.0015909922737125, 0.0022500028511150, 0.0031819845474250, 0.0045000057022300, 0.0063639690948499, 0.0090000114044600, 0.9999189965139372 *   0
0.9915260351223527, 0.4397760915755183, 0.6482001438961364, 0.7447510751638333, 0.8371407034979857, 0.4292845527777842, 0.9853483298725207, 0.5965947655945061, 0.1339323218604234, 0.5, 0.5, 0.5, 0.5, 0.5, 0.5, 0.5, 0.5, 0.5, 0.5 * 0.0008319049898795, 0.0008319049898795, 0.0011764913192935, 0.0016638099797591, 0.0023529826385870, 0.0033276199595182, 0.0047059652771740, 0.0066552399190363, 0.0094119305543480, 0.9999114116392913 *   0
0.9902880093968883, 0.8855706364314866, 0.7977150184091716, 0.4908882144330480, 0.5567774295605614, 0.7359514053612721, 0.7454182211055506, 0.0114699355380004, 0.8635991885622960, 0.5, 0.5, 0.5, 0.5, 0.5, 0.5, 0.5, 0.5, 0.5, 0.5 * 0.0009534354643190, 0.0009534354643190, 0.0013483613644874, 0.0019068709286380, 0.0026967227289748, 0.0038137418572759, 0.0053934454579496, 0.0076274837145519, 0.0107868909158992, 0.9998836362141031 *   0
0.9897878798608611, 0.7840026276111615, 0.1500919690123256, 0.6011442125780249, 0.5326081712416412, 0.2894487489431392, 0.4531837098548113, 0.5111187233175704, 0.0704025449559104, 0.5, 0.5, 0.5, 0.5, 0.5, 0.5, 0.5, 0.5, 0.5, 0.5 * 0.0010025295539615, 0.0010025295539615, 0.0014177908918922, 0.0020050591079230, 0.0028355817837844, 0.0040101182158460, 0.0056711635675687, 0.0080202364316919, 0.0113423271351375, 0.9998713433388913 *   0
0.9894818058188454, 0.5833214561377287, 0.2170246039596501, 0.4924288208095491, 0.0404783482851825, 0.9623165218915402, 0.7127171879227819, 0.6313068385381749, 0.2334564529515134, 0.5, 0.5, 0.5, 0.5, 0.5, 0.5, 0.5, 0.5, 0.5, 0.5 * 0.0010325743197731, 0.0010325743197731, 0.0014602806071813, 0.0020651486395463, 0.0029205612143627, 0.0041302972790925, 0.0058411224287253, 0.0082605945581850, 0.0116822448574506, 0.9998635158411278 *   0
0.9891156149046103, 0.1760712755732570, 0.6968646001521799, 0.7693641259192322, 0.0166366915296003, 0.0890097399656706, 0.1309506195275814, 0.5704118323374595, 0.6652103600395891, 0.5, 0.5, 0.5, 0.5, 0.5, 0.5, 0.5, 0.5, 0.5, 0.5 * 0.0010685199492023, 0.0010685199492023, 0.0015111154038281, 0.0021370398984046, 0.0030222308076563, 0.0042740797968093, 0.0060444616153125, 0.0085481595936186, 0.0120889232306251, 0.9998538472548116 *   0
0.9869991247481662, 0.9460634179162157, 0.1254494931201681, 0.3101013942203025, 0.3427034655319077, 0.2382040895699542, 0.6790866179760018, 0.0523519073856771, 0.6481209586598542, 0.5, 0.5, 0.5, 0.5, 0.5, 0.5, 0.5, 0.5, 0.5, 0.5 * 0.0012762692281568, 0.0012762692281568, 0.0018049172516988, 0.0025525384563136, 0.0036098345033975, 0.0051050769126271, 0.0072196690067950, 0.0102101538252542, 0.0144393380135901, 0.9997914837782219 *   0
0.9866044656311183, 0.8284466414844834, 0.0451383772516336, 0.3710563249751256, 0.3211834818689075, 0.1478277054372373, 0.1756629697865169, 0.8627049740695883, 0.3089314337395744, 0.5, 0.5, 0.5, 0.5, 0.5, 0.5, 0.5, 0.5, 0.5, 0.5 * 0.0013150064695654, 0.0013150064695654, 0.0018596999838678, 0.0026300129391309, 0.0037193999677356, 0.0052600258782617, 0.0074387999354712, 0.0105200517565234, 0.0148775998709424, 0.9997786325202996 *   0
0.9799470063205562, 0.9005379578566821, 0.8939106282284067, 0.6451573658944840, 0.8187350639229338, 0.6400223703309997, 0.1521515888870468, 0.9639896317217451, 0.3121942618452917, 0.5, 0.5, 0.5, 0.5, 0.5, 0.5, 0.5, 0.5, 0.5, 0.5 * 0.0019683725106988, 0.0019683725106988, 0.0027836991004326, 0.0039367450213975, 0.0055673982008652, 0.0078734900427951, 0.0111347964017303, 0.0157469800855901, 0.0222695928034606, 0.9995039421996974 *   0
0.9781110957162972, 0.6079626682251518, 0.5571901935884683, 0.0354827642606025, 0.1571861743727634, 0.0505891079318659, 0.9479732359517241, 0.2802601988801082, 0.2599270140099931, 0.5, 0.5, 0.5, 0.5, 0.5, 0.5, 0.5, 0.5, 0.5, 0.5 * 0.0021485147685573, 0.0021485147685573, 0.0030384587246526, 0.0042970295371146, 0.0060769174493053, 0.0085940590742292, 0.0121538348986106, 0.0171881181484585, 0.0243076697972211, 0.9994089625263817 *   0
0.9758676476664225, 0.8864375166066165, 0.4723634288983249, 0.1623676187183557, 0.5121280106306673, 0.9639558023605290, 0.6838047288748458, 0.0222512306749128, 0.0272910231851465, 0.5, 0.5, 0.5, 0.5, 0.5, 0.5, 0.5, 0.5, 0.5, 0.5 * 0.0023686207934832, 0.0023686207934832, 0.0033497356502628, 0.0047372415869663, 0.0066994713005256, 0.0094744831739327, 0.0133989426010513, 0.0189489663478654, 0.0267978852021026, 0.9992816153104138 *   0
0.9727542623750652, 0.1516471566407230, 0.6230101076061885, 0.3217800126046780, 0.5714326294006000, 0.0763186174800241, 0.9869385771392558, 0.4338579924934814, 0.0079589658453869, 0.5, 0.5, 0.5, 0.5, 0.5, 0.5, 0.5, 0.5, 0.5, 0.5 * 0.0026740275586653, 0.0026740275586653, 0.0037816460396239, 0.0053480551173306, 0.0075632920792478, 0.0106961102346612, 0.0151265841584955, 0.0213922204693224, 0.0302531683169910, 0.9990843265778758 *   0
0.9723972198424848, 0.9778413912178210, 0.4363293598575189, 0.2665995388601904, 0.1019450081987050, 0.8894787793464394, 0.5967332895829963, 0.0512101343140053, 0.5209017053809490, 0.5, 0.5, 0.5, 0.5, 0.5, 0.5, 0.5, 0.5, 0.5, 0.5 * 0.0027090476082438, 0.0027090476082438, 0.0038311718686928, 0.0054180952164877, 0.0076623437373857, 0.0108361904329754, 0.0153246874747714, 0.0216723808659508, 0.0306493749495428, 0.9990601741789154 *   0
0.9722060081419563, 0.4827848554043029, 0.4591284405715431, 0.4306315548860615, 0.4418015333087191, 0.3869280928684995, 0.6534452548499430, 0.3275247706694178, 0.3170004204460422, 0.5, 0.5, 0.5, 0.5, 0.5, 0.5, 0.5, 0.5, 0.5, 0.5 * 0.0027278020080030, 0.0027278020080030, 0.0038576945951865, 0.0054556040160061, 0.0077153891903729, 0.0109112080320122, 0.0154307783807459, 0.0218224160640243, 0.0308615567614917, 0.9990471103148812 *   0
0.9707922558164188, 0.2316508829741044, 0.9526187730732462, 0.4375779211696135, 0.3803152434436209, 0.5987243510776779, 0.6722934570500131, 0.0896951044396009, 0.3004748990295804, 0.5, 0.5, 0.5, 0.5, 0.5, 0.5, 0.5, 0.5, 0.5, 0.5 * 0.0028664577216969, 0.0028664577216969, 0.0040537833859929, 0.0057329154433938, 0.0081075667719857, 0.0114658308867877, 0.0162151335439715, 0.0229316617735754, 0.0324302670879429, 0.9989477241343560 *   0
0.9662199290311988, 0.8977104490146556, 0.9780059647643966, 0.2577886000544711, 0.0746202748616320, 0.5968120631747004, 0.3564713226428587, 0.7643881527541150, 0.9267065599219438, 0.5, 0.5, 0.5, 0.5, 0.5, 0.5, 0.5, 0.5, 0.5, 0.5 * 0.0033147947146577, 0.0033147947146577, 0.0046878276419515, 0.0066295894293153, 0.0093756552839030, 0.0132591788586306, 0.0187513105678060, 0.0265183577172612, 0.0375026211356120, 0.9985925629684599 *   0
0.9648399296984262, 0.8145096459493552, 0.0071738334406045, 0.6015994435183701, 0.8250950234127673, 0.9693288439741958, 0.7461451588879084, 0.4629811767781997, 0.1498737773624592, 0.5, 0.5, 0.5, 0.5, 0.5, 0.5, 0.5, 0.5, 0.5, 0.5 * 0.0034500772572789, 0.0034500772572789, 0.0048791460484788, 0.0069001545145579, 0.0097582920969577, 0.0138003090291158, 0.0195165841939154, 0.0276006180582315, 0.0390331683878307, 0.9984752493333094 *   0
0.9634625832380087, 0.3640777451750253, 0.1240680805053879, 0.7459197560073434, 0.3781854754212245, 0.3502669811017192, 0.2009291193452334, 0.2924564682377765, 0.8483960916513559, 0.5, 0.5, 0.5, 0.5, 0.5, 0.5, 0.5, 0.5, 0.5, 0.5 * 0.0035850835720139, 0.0035850835720139, 0.0050700738097831, 0.0071701671440278, 0.0101401476195661, 0.0143403342880557, 0.0202802952391322, 0.0286806685761113, 0.0405605904782645, 0.9983534829909240 *   0
0.9590166779044161, 0.9277996522969565, 0.2228136999638815, 0.8857232378263601, 0.9300723280432039, 0.3193090075251223, 0.8241223864369664, 0.3060096871601463, 0.3490257506952741, 0.5, 0.5, 0.5, 0.5, 0.5, 0.5, 0.5, 0.5, 0.5, 0.5 * 0.0040207496773148, 0.0040207496773148, 0.0056861987245658, 0.0080414993546296, 0.0113723974491317, 0.0160829987092592, 0.0227447948982633, 0.0321659974185184, 0.0454895897965267, 0.9979285517712616 *   0
0.9573944485547926, 0.7947446539973583, 0.5894270346450745, 0.1743295021235615, 0.0926569314173688, 0.8267483137672527, 0.3936322910681517, 0.0721943513826441, 0.3285945292229739, 0.5, 0.5, 0.5, 0.5, 0.5, 0.5, 0.5, 0.5, 0.5, 0.5 * 0.0041796685423929, 0.0041796685423929, 0.0059109439388762, 0.0083593370847857, 0.0118218878777524, 0.0167186741695715, 0.0236437757555047, 0.0334373483391429, 0.0472875515110094, 0.9977613817662955 *   0
0.9531103027766152, 0.4787861744308780, 0.1400505454000321, 0.9122109468617527, 0.4546538216316392, 0.0264880615409874, 0.3845743752944164, 0.6170214403499948, 0.5386160721716546, 0.5, 0.5, 0.5, 0.5, 0.5, 0.5, 0.5, 0.5, 0.5, 0.5 * 0.0045992242106949, 0.0045992242106949, 0.0065042852551594, 0.0091984484213897, 0.0130085705103187, 0.0183968968427794, 0.0260171410206374, 0.0367937936855588, 0.0520342820412748, 0.9972887580760640 *   0
0.9413235867122763, 0.6496172792509278, 0.1430266993786333, 0.2736377056099650, 0.7554942810700714, 0.4396288401631773, 0.9542588558766334, 0.5670578598822736, 0.7010709106461476, 0.5, 0.5, 0.5, 0.5, 0.5, 0.5, 0.5, 0.5, 0.5, 0.5 * 0.0057523908325843, 0.0057523908325843, 0.0081351091315113, 0.0115047816651685, 0.0162702182630227, 0.0230095633303371, 0.0325404365260453, 0.0460191266606741, 0.0650808730520906, 0.9957554719536094 *   0
0.9379717907579485, 0.8010098868054384, 0.3058727310532111, 0.7463197786111011, 0.9157954663577469, 0.7114106759947775, 0.3849348995764437, 0.1637092755007135, 0.2863202925242113, 0.5, 0.5, 0.5, 0.5, 0.5, 0.5, 0.5, 0.5, 0.5, 0.5 * 0.0060799746768025, 0.0060799746768025, 0.0085983826468190, 0.0121599493536049, 0.0171967652936380, 0.0243198987072098, 0.0343935305872760, 0.0486397974144197, 0.0687870611745521, 0.9952570926298073 *   0
0.9373454525775022, 0.9004078339321575, 0.9561139624361480, 0.9336758423287774, 0.7958727841246280, 0.4648610486019687, 0.8202531304304735, 0.9632447557352691, 0.3377893079713868, 0.5, 0.5, 0.5, 0.5, 0.5, 0.5, 0.5, 0.5, 0.5, 0.5 * 0.0061411706871628, 0.0061411706871628, 0.0086849268746337, 0.0122823413743256, 0.0173698537492674, 0.0245646827486511, 0.0347397074985348, 0.0491293654973022, 0.0694794149970696, 0.9951609024591601 *   0
0.9367388933602436, 0.1283384785653737, 0.1475837175490259, 0.8861963976575976, 0.2356977412643366, 0.7618495196857720, 0.4443812120912509, 0.8902468988160821, 0.2719070209525092, 0.5, 0.5, 0.5, 0.5, 0.5, 0.5, 0.5, 0.5, 0.5, 0.5 * 0.0062004285401394, 0.0062004285401394, 0.0087687301339904, 0.0124008570802788, 0.0175374602679807, 0.0248017141605576, 0.0350749205359615, 0.0496034283211153, 0.0701498410719229, 0.9950668317229592 *   0
0.9340906799463977, 0.9265513410449733, 0.1925565140287189, 0.0425760294509009, 0.0604667822180627, 0.2290793993645718, 0.0620097252829046, 0.1603381615878726, 0.4672999249153305, 0.5, 0.5, 0.5, 0.5, 0.5, 0.5, 0.5, 0.5, 0.5, 0.5 * 0.0064590793287520, 0.0064590793287520, 0.0091345175871647, 0.0129181586575039, 0.0182690351743295, 0.0258363173150079, 0.0365380703486590, 0.0516726346300157, 0.0730761406973179, 0.9946455425535127 *   0
0.9328178199626589, 0.1664161878481583, 0.9632988609202666, 0.0628894307012155, 0.9562286957894586, 0.5936416176118150, 0.0100931073585959, 0.4442064759527363, 0.6716097978277178, 0.5, 0.5, 0.5, 0.5, 0.5, 0.5, 0.5, 0.5, 0.5, 0.5 * 0.0065833599645158, 0.0065833599645158, 0.0093102769478023, 0.0131667199290316, 0.0186205538956045, 0.0263334398580631, 0.0372411077912091, 0.0526668797161262, 0.0744822155824181, 0.9944369256638997 *   0
0.9285849039110284, 0.5426535427303303, 0.1242902088557790, 0.6152633687552360, 0.6718022258355293, 0.3548341567417766, 0.5848528251912691, 0.1573069538722313, 0.4647891025360623, 0.5, 0.5, 0.5, 0.5, 0.5, 0.5, 0.5, 0.5, 0.5, 0.5 * 0.0069964651348764, 0.0069964651348764, 0.0098944958824127, 0.0139929302697528, 0.0197889917648254, 0.0279858605395055, 0.0395779835296507, 0.0559717210790111, 0.0791559670593015, 0.9937145796242569 *   0
0.9252505343990636, 0.2119093631449665, 0.7335506471495845, 0.3333439777294844, 0.4310882545221076, 0.2361524832603300, 0.7042569386326973, 0.6884222504163264, 0.9636087356897112, 0.5, 0.5, 0.5, 0.5, 0.5, 0.5, 0.5, 0.5, 0.5, 0.5 * 0.0073216611051019, 0.0073216611051019, 0.0103543924339347, 0.0146433222102038, 0.0207087848678693, 0.0292866444204075, 0.0414175697357386, 0.0585732888408150, 0.0828351394714772, 0.9931146355469150 *   0
0.9185173320204566, 0.6793126918744821, 0.8866020529002893, 0.7669134232061512, 0.4054272581848443, 0.0742901992398734, 0.8873949148167832, 0.3990319196130298, 0.9494575047630153, 0.5, 0.5, 0.5, 0.5, 0.5, 0.5, 0.5, 0.5, 0.5, 0.5 * 0.0079777185226486, 0.0079777185226486, 0.0112821977315246, 0.0159554370452971, 0.0225643954630493, 0.0319108740905942, 0.0451287909260985, 0.0638217481811884, 0.0902575818521970, 0.9918201136478267 *   0
0.9181971065319130, 0.7461117425682543, 0.5069942234582241, 0.1452545677988113, 0.6721718915142919, 0.6158221189937657, 0.3937284454674127, 0.7143444696973751, 0.7141318198824915, 0.5, 0.5, 0.5, 0.5, 0.5, 0.5, 0.5, 0.5, 0.5, 0.5 * 0.0080088984161129, 0.0080088984161129, 0.0113262927597353, 0.0160177968322258, 0.0226525855194705, 0.0320355936644516, 0.0453051710389410, 0.0640711873289032, 0.0906103420778820, 0.9917557823461673 *   0
0.9121194760837217, 0.2790256632859938, 0.0660107150049930, 0.3881082205977795, 0.6574034237570145, 0.7171015072227929, 0.1043504379244291, 0.6517812477665866, 0.1603954355979317, 0.5, 0.5, 0.5, 0.5, 0.5, 0.5, 0.5, 0.5, 0.5, 0.5 * 0.0086002753621688, 0.0086002753621688, 0.0121626260573223, 0.0172005507243376, 0.0243252521146446, 0.0344011014486752, 0.0486505042292891, 0.0688022028973503, 0.0973010084585783, 0.9904872677151824 *   0
0.9088858672924740, 0.4175851840607753, 0.8623472879931086, 0.2338469001622158, 0.7333379354017497, 0.7003777086270869, 0.6935724609967193, 0.1473556017257998, 0.7900172424456184, 0.5, 0.5, 0.5, 0.5, 0.5, 0.5, 0.5, 0.5, 0.5, 0.5 * 0.0089146019682032, 0.0089146019682032, 0.0126071510065909, 0.0178292039364064, 0.0252143020131817, 0.0356584078728128, 0.0504286040263634, 0.0713168157456256, 0.1008572080527268, 0.9897755539351424 *   0
0.9060854599373813, 0.8869045394877458, 0.7510436432208137, 0.5888281928323340, 0.2571841628556997, 0.2294566320392567, 0.4102659376385929, 0.0561255053878415, 0.4798321991599315, 0.5, 0.5, 0.5, 0.5, 0.5, 0.5, 0.5, 0.5, 0.5, 0.5 * 0.0091866331906253, 0.0091866331906253, 0.0129918612507291, 0.0183732663812506, 0.0259837225014583, 0.0367465327625013, 0.0519674450029166, 0.0734930655250026, 0.1039348900058332, 0.9891385531253701 *   0
0.9050362030533311, 0.9213653965486984, 0.2817006992556624, 0.3344248423047479, 0.3408866931409048, 0.9657429032799522, 0.9409981695660381, 0.1434015515928164, 0.2598369905072437, 0.5, 0.5, 0.5, 0.5, 0.5, 0.5, 0.5, 0.5, 0.5, 0.5 * 0.0092885123769854, 0.0092885123769854, 0.0131359401778031, 0.0185770247539707, 0.0262718803556061, 0.0371540495079415, 0.0525437607112123, 0.0743080990158830, 0.1050875214224245, 0.9888949517934567 *   0
0.9013893561909857, 0.9215949382267868, 0.8593603572153302, 0.8736041057266314, 0.6058090071220924, 0.2611975107626978, 0.9678705697729580, 0.2683703183514859, 0.7794989728273354, 0.5, 0.5, 0.5, 0.5, 0.5, 0.5, 0.5, 0.5, 0.5, 0.5 * 0.0096424104702741, 0.0096424104702741, 0.0136364276610299, 0.0192848209405481, 0.0272728553220598, 0.0385696418810963, 0.0545457106441197, 0.0771392837621925, 0.1090914212882394, 0.9880273901074927 *   0
0.9003270435614171, 0.0739296288573787, 0.9651014706888709, 0.5271641665730459, 0.8509387131086266, 0.0923994854522867, 0.3979166459282472, 0.9771451847521333, 0.2573827049962165, 0.5, 0.5, 0.5, 0.5, 0.5, 0.5, 0.5, 0.5, 0.5, 0.5 * 0.0097454406454186, 0.0097454406454186, 0.0137821343320531, 0.0194908812908373, 0.0275642686641061, 0.0389817625816746, 0.0551285373282122, 0.0779635251633491, 0.1102570746564244, 0.9877685735922233 *   0
0.8984776120160136, 0.1903118785425610, 0.5808152335606587, 0.9946350776565425, 0.0687289121880796, 0.2681924930159899, 0.7350311874109465, 0.4624786821484932, 0.6088568254415211, 0.5, 0.5, 0.5, 0.5, 0.5, 0.5, 0.5, 0.5, 0.5, 0.5 * 0.0099247459575597, 0.0099247459575597, 0.0140357103362885, 0.0198494919151194, 0.0280714206725769, 0.0396989838302388, 0.0561428413451539, 0.0793979676604776, 0.1122856826903078, 0.9873114255013679 *   0
0.8982037407803367, 0.9013586281339445, 0.2746866328058236, 0.1697784621127781, 0.4824210030410537, 0.7613793480030164, 0.1983679710879773, 0.5163744587993130, 0.1112150312919240, 0.5, 0.5, 0.5, 0.5, 0.5, 0.5, 0.5, 0.5, 0.5, 0.5 * 0.0099512911232303, 0.0099512911232303, 0.0140732508695953, 0.0199025822464606, 0.0281465017391906, 0.0398051644929212, 0.0562930034783811, 0.0796103289858424, 0.1125860069567623, 0.9872430207780979 *   0
0.8957916995956524, 0.3616151462130319, 0.8396954377366674, 0.7185932093852168, 0.6242064333633550, 0.6630985749247943, 0.1022565654023814, 0.1399568319972403, 0.1565154135024713, 0.5, 0.5, 0.5, 0.5, 0.5, 0.5, 0.5, 0.5, 0.5, 0.5 * 0.0101849998542136, 0.0101849998542136, 0.0144037649265968, 0.0203699997084271, 0.0288075298531936, 0.0407399994168542, 0.0576150597063872, 0.0814799988337085, 0.1152301194127745, 0.9866326769169139 *   0
0.8954649506581318, 0.5087470866314820, 0.8865772885673574, 0.1673719711449798, 0.8729282598350794, 0.2710687817405298, 0.6679297032151044, 0.7811158265830557, 0.8129034451269095, 0.5, 0.5, 0.5, 0.5, 0.5, 0.5, 0.5, 0.5, 0.5, 0.5 * 0.0102166482095261, 0.0102166482095261, 0.0144485224599067, 0.0204332964190523, 0.0288970449198133, 0.0408665928381045, 0.0577940898396266, 0.0817331856762090, 0.1155881796792532, 0.9865489067638123 *   0
0.8954130452570567, 0.5334584356907096, 0.7781368418494876, 0.5336524478782213, 0.3559423654135048, 0.3620680022808109, 0.5698135516465704, 0.5406969434305545, 0.4124759549333136, 0.5, 0.5, 0.5, 0.5, 0.5, 0.5, 0.5, 0.5, 0.5, 0.5 * 0.0102216754323047, 0.0102216754323047, 0.0144556320265412, 0.0204433508646094, 0.0289112640530823, 0.0408867017292187, 0.0578225281061646, 0.0817734034584374, 0.1156450562123292, 0.9865355756115917 *   0
0.8871167385425031, 0.6348514955653117, 0.7964942221513457, 0.7420270516267172, 0.8267806315919294, 0.8477110000549402, 0.6416264589138452, 0.5343516755543424, 0.1486896677635096, 0.5, 0.5, 0.5, 0.5, 0.5, 0.5, 0.5, 0.5, 0.5, 0.5 * 0.0110243061327970, 0.0110243061327970, 0.0155907232487544, 0.0220486122655940, 0.0311814464975089, 0.0440972245311881, 0.0623628929950177, 0.0881944490623761, 0.1247257859900354, 0.9843205558243391 *   0
0.8845256999528621, 0.1316752490269371, 0.9653568412015945, 0.7985670188435200, 0.5726095589681574, 0.6769835253604611, 0.3382605748894906, 0.4650866964203709, 0.5454860765233105, 0.5, 0.5, 0.5, 0.5, 0.5, 0.5, 0.5, 0.5, 0.5, 0.5 * 0.0112746002997307, 0.0112746002997307, 0.0159446926542149, 0.0225492005994614, 0.0318893853084298, 0.0450984011989228, 0.0637787706168596, 0.0901968023978455, 0.1275575412337192, 0.9835945035169809 *   0
0.8821360244798176, 0.8227693139681450, 0.9968117368392700, 0.8093404466329797, 0.0597395068312713, 0.0691454303772866, 0.3346317058124727, 0.5838393771945682, 0.3533765405199381, 0.5, 0.5, 0.5, 0.5, 0.5, 0.5, 0.5, 0.5, 0.5, 0.5 * 0.0115052773428100, 0.0115052773428100, 0.0162709192570658, 0.0230105546856200, 0.0325418385141316, 0.0460211093712400, 0.0650836770282632, 0.0920422187424801, 0.1301673540565264, 0.9829104332928030 *   0
0.8794109979082881, 0.4459683194039242, 0.2660479286061823, 0.3761933862120814, 0.5543686289127771, 0.1573332101839283, 0.9314368525200695, 0.8924208832403742, 0.3249610333354031, 0.5, 0.5, 0.5, 0.5, 0.5, 0.5, 0.5, 0.5, 0.5, 0.5 * 0.0117681280438944, 0.0117681280438944, 0.0166426462834187, 0.0235362560877889, 0.0332852925668373, 0.0470725121755777, 0.0665705851336746, 0.0941450243511554, 0.1331411702673493, 0.9821134647074550 *   0
0.8665600208875537, 0.8976308144152308, 0.0371850207621162, 0.7535520208783224, 0.1104192613206894, 0.6821290402124306, 0.3515627376509657, 0.4460540993353604, 0.0841583284009985, 0.5, 0.5, 0.5, 0.5, 0.5, 0.5, 0.5, 0.5, 0.5, 0.5 * 0.0130047216256353, 0.0130047216256353, 0.0183914536978602, 0.0260094432512707, 0.0367829073957203, 0.0520188865025413, 0.0735658147914407, 0.1040377730050826, 0.1471316295828813, 0.9781127578927552 *   0
0.8645841990898290, 0.9299041540035532, 0.0176914534613916, 0.8551771924156589, 0.9483584109453290, 0.9988497938024112, 0.8562185023241763, 0.7140415309528082, 0.8860935936151508, 0.5, 0.5, 0.5, 0.5, 0.5, 0.5, 0.5, 0.5, 0.5, 0.5 * 0.0131943889426074, 0.0131943889426074, 0.0186596837898610, 0.0263887778852148, 0.0373193675797220, 0.0527775557704296, 0.0746387351594439, 0.1055551115408591, 0.1492774703188878, 0.9774622620389941 *   0
0.8633318575394022, 0.7219216021345564, 0.6482250674852287, 0.7444185785690409, 0.1522149812207627, 0.6812644697172867, 0.8769941096552620, 0.5813379825937273, 0.7132097248515159, 0.5, 0.5, 0.5, 0.5, 0.5, 0.5, 0.5, 0.5, 0.5, 0.5 * 0.0133145407021119, 0.0133145407021119, 0.0188296040376953, 0.0266290814042239, 0.0376592080753906, 0.0532581628084478, 0.0753184161507812, 0.1065163256168955, 0.1506368323015623, 0.9770450805916285 *   0
0.8598016290272593, 0.9144731494199825, 0.1176692634437556, 0.0935963741939498, 0.3960450191032351, 0.1142652258809028, 0.3205369549433407, 0.4983509306322555, 0.8506468165901707, 0.5, 0.5, 0.5, 0.5, 0.5, 0.5, 0.5, 0.5, 0.5, 0.5 * 0.0136529579281348, 0.0136529579281348, 0.0193081982684775, 0.0273059158562696, 0.0386163965369550, 0.0546118317125392, 0.0772327930739101, 0.1092236634250785, 0.1544655861478201, 0.9758487410413669 *   0
0.8544687991284154, 0.8057305336956543, 0.3098382634622223, 0.1922581070998023, 0.8970524454009964, 0.9410127219469345, 0.3111632411885835, 0.8012778017675867, 0.0715818913055500, 0.5, 0.5, 0.5, 0.5, 0.5, 0.5, 0.5, 0.5, 0.5, 0.5 * 0.0141633779127962, 0.0141633779127962, 0.0200300411332919, 0.0283267558255923, 0.0400600822665838, 0.0566535116511847, 0.0801201645331675, 0.1133070233023693, 0.1602403290663350, 0.9739846373949773 *   0
0.8509784340164523, 0.3219005997860341, 0.6279915006030311, 0.5504125913374185, 0.4139292041835977, 0.6843839863708168, 0.9072123947121261, 0.9826023317792464, 0.0609558224961887, 0.5, 0.5, 0.5, 0.5, 0.5, 0.5, 0.5, 0.5, 0.5, 0.5 * 0.0144969145880688, 0.0144969145880688, 0.0205017332230112, 0.0289938291761375, 0.0410034664460225, 0.0579876583522751, 0.0820069328920449, 0.1159753167045501, 0.1640138657840898, 0.9727275588062246 *   0
0.8467962531590817, 0.2645182093905836, 0.8390410322877769, 0.3319692813474542, 0.8671122323102840, 0.0246302853453114, 0.0209928760402803, 0.6359645922835752, 0.9306662673739093, 0.5, 0.5, 0.5, 0.5, 0.5, 0.5, 0.5, 0.5, 0.5, 0.5 * 0.0148959858990203, 0.0148959858990203, 0.0210661052833129, 0.0297919717980407, 0.0421322105666259, 0.0595839435960813, 0.0842644211332517, 0.1191678871921626, 0.1685288422665034, 0.9711828142263557 *   0
0.8433583033473037, 0.3307008749482692, 0.4772450353378640, 0.2214477314713633, 0.1067064991717723, 0.9886197498946543, 0.1741326652346797, 0.4998840393963661, 0.7731452126862226, 0.5, 0.5, 0.5, 0.5, 0.5, 0.5, 0.5, 0.5, 0.5, 0.5 * 0.0152235606560326, 0.0152235606560326, 0.0215293659473708, 0.0304471213120652, 0.0430587318947416, 0.0608942426241305, 0.0861174637894831, 0.1217884852482610, 0.1722349275789662, 0.9698815698031057 *   0
0.8405654164220046, 0.3921451402791520, 0.3615864936083492, 0.5537751408078592, 0.5762006200739186, 0.7872464870043315, 0.1756999102307949, 0.8417838634186349, 0.2270574617325596, 0.5, 0.5, 0.5, 0.5, 0.5, 0.5, 0.5, 0.5, 0.5, 0.5 * 0.0154893461341259, 0.0154893461341259, 0.0219052433751721, 0.0309786922682518, 0.0438104867503442, 0.0619573845365035, 0.0876209735006884, 0.1239147690730071, 0.1752419470013767, 0.9688036540095900 *   0
0.8338731456705709, 0.8313362243731209, 0.5264226480044530, 0.8791527449521948, 0.2948543291049331, 0.9432975747358509, 0.9567925873942639, 0.4273767682851184, 0.6431212633117667, 0.5, 0.5, 0.5, 0.5, 0.5, 0.5, 0.5, 0.5, 0.5, 0.5 * 0.0161249943507522, 0.0161249943507522, 0.0228041857040233, 0.0322499887015044, 0.0456083714080466, 0.0644999774030088, 0.0912167428160932, 0.1289999548060176, 0.1824334856321863, 0.9661449408034913 *   0
0.8317391606195547, 0.6586124699835724, 0.4865770947591295, 0.9266469725066083, 0.5816677536730038, 0.8371038482697233, 0.1053316668166461, 0.4279090391601943, 0.7242030453515254, 0.5, 0.5, 0.5, 0.5, 0.5, 0.5, 0.5, 0.5, 0.5, 0.5 * 0.0163273141186490, 0.0163273141186490, 0.0230903090637192, 0.0326546282372980, 0.0461806181274383, 0.0653092564745961, 0.0923612362548766, 0.1306185129491921, 0.1847224725097532, 0.9652746843773367 *   0
0.8297159857255015, 0.8549140407028207, 0.9948218017792431, 0.8999601550865732, 0.2822791581425253, 0.5232799521290138, 0.9421071717246003, 0.7555796819532196, 0.9163223015686135, 0.5, 0.5, 0.5, 0.5, 0.5, 0.5, 0.5, 0.5, 0.5, 0.5 * 0.0165189587701421, 0.0165189587701421, 0.0233613355290170, 0.0330379175402843, 0.0467226710580340, 0.0660758350805685, 0.0934453421160679, 0.1321516701611370, 0.1868906842321358, 0.9644396011645769 *   0
0.8044071462025899, 0.1570422878288861, 0.3093420529315909, 0.1166014075822203, 0.9250159961753599, 0.6670601301207487, 0.1431401386592258, 0.4071215230073414, 0.2503019861179879, 0.5, 0.5, 0.5, 0.5, 0.5, 0.5, 0.5, 0.5, 0.5, 0.5 * 0.0189016084818973, 0.0189016084818973, 0.0267309110657655, 0.0378032169637946, 0.0534618221315310, 0.0756064339275892, 0.1069236442630619, 0.1512128678551783, 0.2138472885261238, 0.9531729509276108 *   0
0.7922031366230003, 0.5556984928230282, 0.1771884584693184, 0.0931377220401250, 0.2552050297405594, 0.3224092271748973, 0.0221608569948752, 0.2348111156536318, 0.3547467344229793, 0.5, 0.5, 0.5, 0.5, 0.5, 0.5, 0.5, 0.5, 0.5, 0.5 * 0.0200400867135350, 0.0200400867135350, 0.0283409624214141, 0.0400801734270700, 0.0566819248428282, 0.0801603468541401, 0.1133638496856563, 0.1603206937082801, 0.2267276993713127, 0.9472006654746308 *   0
0.7884064581191197, 0.9520718417838551, 0.2987428108690040, 0.0794486254823621, 0.4942710974692698, 0.3010385070466616, 0.7795554440373348, 0.9180913143409841, 0.9272044221531620, 0.5, 0.5, 0.5, 0.5, 0.5, 0.5, 0.5, 0.5, 0.5, 0.5 * 0.0203927859587131, 0.0203927859587131, 0.0288397544773836, 0.0407855719174261, 0.0576795089547673, 0.0815711438348522, 0.1153590179095345, 0.1631422876697045, 0.2307180358190690, 0.9452715884313786 *   0
0.7865040585335829, 0.5691179035087665, 0.6714978514572130, 0.5282291493044371, 0.9789480920783002, 0.0264991549898401, 0.4794227580909723, 0.9167038471981436, 0.2818275025495456, 0.5, 0.5, 0.5, 0.5, 0.5, 0.5, 0.5, 0.5, 0.5, 0.5 * 0.0205692407901164, 0.0205692407901164, 0.0290892992931005, 0.0411384815802328, 0.0581785985862010, 0.0822769631604656, 0.1163571971724019, 0.1645539263209312, 0.2327143943448038, 0.9442923389128296 *   0
0.7837634355685503, 0.2355196598151325, 0.7270954939197263, 0.8166004711839373, 0.1788599110110010, 0.1385596725803612, 0.9783295891146779, 0.3349371386388955, 0.8844327264858562, 0.5, 0.5, 0.5, 0.5, 0.5, 0.5, 0.5, 0.5, 0.5, 0.5 * 0.0208231207294392, 0.0208231207294392, 0.0294483397465053, 0.0416462414588784, 0.0588966794930105, 0.0832924829177569, 0.1177933589860211, 0.1665849658355137, 0.2355867179720422, 0.9428667968649246 *   0
0.7769353374731426, 0.4306618708328632, 0.3396022023351873, 0.3111413597646828, 0.9110330845746366, 0.9191755200359857, 0.4511747376300277, 0.8892624936482229, 0.2646764601881972, 0.5, 0.5, 0.5, 0.5, 0.5, 0.5, 0.5, 0.5, 0.5, 0.5 * 0.0214539587971566, 0.0214539587971565, 0.0303404794975324, 0.0429079175943131, 0.0606809589950647, 0.0858158351886262, 0.1213619179901294, 0.1716316703772523, 0.2427238359802588, 0.9392392021705955 *   0
0.7696186028279450, 0.2311482984717695, 0.2044945173917778, 0.5904305188872062, 0.8380981426863456, 0.8579965037563799, 0.0556795289999244, 0.6208512799911440, 0.2260616259770755, 0.5, 0.5, 0.5, 0.5, 0.5, 0.5, 0.5, 0.5, 0.5, 0.5 * 0.0221272001426968, 0.0221272001426968, 0.0312925865391457, 0.0442544002853935, 0.0625851730782913, 0.0885088005707871, 0.1251703461565826, 0.1770176011415741, 0.2503406923131652, 0.9352320971525359 *   0
0.7679737078808125, 0.3577180771891578, 0.0265387310770055, 0.4821055272976428, 0.5832418564629005, 0.0000803829171138, 0.7869758684127479, 0.6810393173624945, 0.1951357387914954, 0.5, 0.5, 0.5, 0.5, 0.5, 0.5, 0.5, 0.5, 0.5, 0.5 * 0.0222781541117166, 0.0222781541117166, 0.0315060676894275, 0.0445563082234332, 0.0630121353788551, 0.0891126164468664, 0.1260242707577102, 0.1782252328937327, 0.2520485415154203, 0.9343142220045133 *   0
0.7593505143929974, 0.6847503216400511, 0.7882774573696206, 0.2495272351659495, 0.4510995337977537, 0.5580183493709278, 0.9338954342221354, 0.4348221628157525, 0.5429722836906893, 0.5, 0.5, 0.5, 0.5, 0.5, 0.5, 0.5, 0.5, 0.5, 0.5 * 0.0230670579903236, 0.0230670579903236, 0.0326217462539623, 0.0461341159806472, 0.0652434925079247, 0.0922682319612945, 0.1304869850158493, 0.1845364639225890, 0.2609739700316987, 0.9294004378801357 *   0
0.7461833952675496, 0.8863379302836666, 0.2012555181054657, 0.2260155939618198, 0.1359483437314389, 0.4021869587722174, 0.8997220457064556, 0.4201547859330451, 0.0487846508849341, 0.5, 0.5, 0.5, 0.5, 0.5, 0.5, 0.5, 0.5, 0.5, 0.5 * 0.0242634550218759, 0.0242634550218759, 0.0343137071619664, 0.0485269100437517, 0.0686274143239328, 0.0970538200875034, 0.1372548286478656, 0.1941076401750068, 0.2745096572957312, 0.9215687148025157 *   0
0.7424427791230580, 0.6240696993768540, 0.0701613193704567, 0.6231444862778971, 0.1328780069634682, 0.9288433724682980, 0.8558246460071880, 0.3017070597511283, 0.3323141193633499, 0.5, 0.5, 0.5, 0.5, 0.5, 0.5, 0.5, 0.5, 0.5, 0.5 * 0.0246014657215597, 0.0246014657215597, 0.0347917264776866, 0.0492029314431195, 0.0695834529553731, 0.0984058628862389, 0.1391669059107463, 0.1968117257724778, 0.2783338118214925, 0.9192717652543431 *   0
0.7350728464010511, 0.5191318339291643, 0.9648628337145144, 0.8249674494494532, 0.8540381569666966, 0.7793127292670834, 0.4094895219474516, 0.2381178099839565, 0.2860891121840519, 0.5, 0.5, 0.5, 0.5, 0.5, 0.5, 0.5, 0.5, 0.5, 0.5 * 0.0252649335785717, 0.0252649335785717, 0.0357300117192714, 0.0505298671571433, 0.0714600234385429, 0.1010597343142866, 0.1429200468770857, 0.2021194686285731, 0.2858400937541714, 0.9146534215784758 *   0
0.7348080672020130, 0.5071224358431634, 0.8003622427584428, 0.8428584532080491, 0.3539186885365838, 0.0648804516833650, 0.6818994854958260, 0.6858879698840380, 0.9319926839936491, 0.5, 0.5, 0.5, 0.5, 0.5, 0.5, 0.5, 0.5, 0.5, 0.5 * 0.0252887074764106, 0.0252887074764106, 0.0357636330880257, 0.0505774149528212, 0.0715272661760515, 0.1011548299056423, 0.1430545323521029, 0.2023096598112846, 0.2861090647042058, 0.9144852137613648 *   0
0.7204467280397410, 0.9879585229735628, 0.8126734652615495, 0.2994045504831730, 0.4249086428549647, 0.5054306660338448, 0.2200561553333216, 0.7079717892724889, 0.1032240693938099, 0.5, 0.5, 0.5, 0.5, 0.5, 0.5, 0.5, 0.5, 0.5, 0.5 * 0.0265715157917224, 0.0265715157917224, 0.0375777980054647, 0.0531430315834449, 0.0751555960109294, 0.1062860631668897, 0.1503111920218589, 0.2125721263337793, 0.3006223840437177, 0.9051256069870872 *   0
0.7145631363217547, 0.0429547499133995, 0.1195937204731599, 0.2048201478108858, 0.2762924443354329, 0.0989109627431775, 0.0122293508668567, 0.4511566760256685, 0.1023747702605905, 0.5, 0.5, 0.5, 0.5, 0.5, 0.5, 0.5, 0.5, 0.5, 0.5 * 0.0270931924726500, 0.0270931924726500, 0.0383155602428063, 0.0541863849453000, 0.0766311204856125, 0.1083727698905999, 0.1532622409712250, 0.2167455397811999, 0.3065244819424500, 0.9011578573922691 *   0
0.6979749937066692, 0.2174904175184157, 0.1361067989543578, 0.7998657537623615, 0.3044469092527623, 0.5616034863337891, 0.6097283030905427, 0.4946274703809188, 0.0491733299797277, 0.5, 0.5, 0.5, 0.5, 0.5, 0.5, 0.5, 0.5, 0.5, 0.5 * 0.0285513985211760, 0.0285513985211760, 0.0403777750133662, 0.0571027970423520, 0.0807555500267324, 0.1142055940847039, 0.1615111000534648, 0.2284111881694078, 0.3230222001069296, 0.8895579331758879 *   0
0.6923264873643995, 0.7202503470332596, 0.7817200248975865, 0.5781670550714093, 0.8545319539748747, 0.0855488158229500, 0.0575937456719548, 0.9421710883929260, 0.3330840046205949, 0.5, 0.5, 0.5, 0.5, 0.5, 0.5, 0.5, 0.5, 0.5, 0.5 * 0.0290435643962849, 0.0290435643962849, 0.0410738026688825, 0.0580871287925699, 0.0821476053377650, 0.1161742575851397, 0.1642952106755300, 0.2323485151702794, 0.3285904213510599, 0.8854697453852761 *   0
0.6657151955485880, 0.6664124548744468, 0.9642546363008463, 0.6866606318795404, 0.9849763060849981, 0.0459891543937797, 0.0811671177303265, 0.4423963541362418, 0.6866784653098688, 0.5, 0.5, 0.5, 0.5, 0.5, 0.5, 0.5, 0.5, 0.5, 0.5 * 0.0313308608979469, 0.0313308608979469, 0.0443085284027014, 0.0626617217958939, 0.0886170568054029, 0.1253234435917877, 0.1772341136108057, 0.2506468871835754, 0.3544682272216114, 0.8652771531600358 *   0
0.6449831266165632, 0.4245073350260534, 0.3802759947163407, 0.6529420929276115, 0.2843089635876515, 0.2947491436706619, 0.7706113563713670, 0.3779053377816013, 0.6907941627738970, 0.5, 0.5, 0.5, 0.5, 0.5, 0.5, 0.5, 0.5, 0.5, 0.5 * 0.0330750931408438, 0.0330750931408438, 0.0467752452965346, 0.0661501862816876, 0.0935504905930693, 0.1323003725633752, 0.1871009811861385, 0.2646007451267504, 0.3742019623722770, 0.8484961889799352 *   0
0.6423227026324360, 0.6724292294459554, 0.5272639801387041, 0.2550871322188001, 0.7264609843150065, 0.5669283590125518, 0.4771359402114227, 0.2875817577762445, 0.8383986315868789, 0.5, 0.5, 0.5, 0.5, 0.5, 0.5, 0.5, 0.5, 0.5, 0.5 * 0.0332964194476430, 0.0332964194476430, 0.0470882479613200, 0.0665928388952860, 0.0941764959226400, 0.1331856777905719, 0.1883529918452799, 0.2663713555811438, 0.3767059836905598, 0.8462772617195001 *   0
0.6415970165476189, 0.0013973307802329, 0.2682891405505543, 0.5586693405912581, 0.1291394280871094, 0.4414964501939232, 0.6091167869088784, 0.0549977110023600, 0.9856794201702249, 0.5, 0.5, 0.5, 0.5, 0.5, 0.5, 0.5, 0.5, 0.5, 0.5 * 0.0333566900342328, 0.0333566900342328, 0.0471734834422875, 0.0667133800684656, 0.0943469668845750, 0.1334267601369313, 0.1886939337691500, 0.2668535202738626, 0.3773878675383001, 0.8456694359321431 *   0
0.6178483788938487, 0.9466660977092879, 0.4169600160871446, 0.1539038280741795, 0.1057723961331753, 0.9412037464516255, 0.3091573088006849, 0.9837651648483077, 0.4599439741391428, 0.5, 0.5, 0.5, 0.5, 0.5, 0.5, 0.5, 0.5, 0.5, 0.5 * 0.0353047184303489, 0.0353047184303489, 0.0499284116199628, 0.0706094368606978, 0.0998568232399255, 0.1412188737213955, 0.1997136464798510, 0.2824377474427910, 0.3994272929597019, 0.8251761480300851 *   0
0.6025940224540393, 0.1855892535231957, 0.6890235946928260, 0.7688523604389524, 0.9060359815629366, 0.6769821176663889, 0.5815258257005018, 0.2054405320461097, 0.1018907600556923, 0.5, 0.5, 0.5, 0.5, 0.5, 0.5, 0.5, 0.5, 0.5, 0.5 * 0.0365302434865951, 0.0365302434865951, 0.0516615657755342, 0.0730604869731902, 0.1033231315510684, 0.1461209739463804, 0.2066462631021367, 0.2922419478927607, 0.4132925262042735, 0.8114053090579207 *   0
0.5667447836914774, 0.9844684763739204, 0.3177811430384317, 0.5557116938548683, 0.6107793550988563, 0.0220164158484044, 0.9580013062609366, 0.9717560480217244, 0.9905929937914912, 0.5, 0.5, 0.5, 0.5, 0.5, 0.5, 0.5, 0.5, 0.5, 0.5 * 0.0393265641181247, 0.0393265641181247, 0.0556161603373870, 0.0786531282362493, 0.1112323206747740, 0.1573062564724985, 0.2224646413495479, 0.3146125129449970, 0.4449292826990957, 0.7772231769535287 *   0
0.5583631543248720, 0.0320071708560023, 0.9794530672856854, 0.9503729068443053, 0.8111986703291529, 0.5240774278175446, 0.3102826351813425, 0.4579590970920208, 0.5008483666464911, 0.5, 0.5, 0.5, 0.5, 0.5, 0.5, 0.5, 0.5, 0.5, 0.5 * 0.0399626866655448, 0.0399626866655448, 0.0565157734712799, 0.0799253733310897, 0.1130315469425599, 0.1598507466621793, 0.2260630938851197, 0.3197014933243585, 0.4521261877702393, 0.7688717842818141 *   0
0.5548022978728647, 0.6769789399937628, 0.0620818985915193, 0.4734311697415221, 0.7890815598839342, 0.1478461749608843, 0.4578672766023629, 0.4316622374726749, 0.7433774190691195, 0.5, 0.5, 0.5, 0.5, 0.5, 0.5, 0.5, 0.5, 0.5, 0.5 * 0.0402308471463712, 0.0402308471463712, 0.0568950096601570, 0.0804616942927423, 0.1137900193203140, 0.1609233885854846, 0.2275800386406280, 0.3218467771709691, 0.4551600772812559, 0.7652833515101726 *   0
0.5194543118213556, 0.4267090784510174, 0.6839884736966289, 0.5942930684398362, 0.1403490282317386, 0.5671596324849686, 0.1954420819857354, 0.2696955712836681, 0.0967167332287490, 0.5, 0.5, 0.5, 0.5, 0.5, 0.5, 0.5, 0.5, 0.5, 0.5 * 0.0428232312972918, 0.0428232312972918, 0.0605611944852700, 0.0856464625945835, 0.1211223889705400, 0.1712929251891670, 0.2422447779410800, 0.3425858503783340, 0.4844895558821598, 0.7283815898841863 *   0
0.4590390382609512, 0.8747806110767558, 0.1551185674756386, 0.4012725303886796, 0.8000311450101580, 0.3670279310862664, 0.1348231770726029, 0.1333751222739812, 0.7981161856083741, 0.5, 0.5, 0.5, 0.5, 0.5, 0.5, 0.5, 0.5, 0.5, 0.5 * 0.0469442780326268, 0.0469442780326268, 0.0663892346695542, 0.0938885560652536, 0.1327784693391083, 0.1877771121305072, 0.2655569386782166, 0.3755542242610143, 0.5311138773564331, 0.6601788383149155 *   0
0.3349063230375323, 0.8144498960182303, 0.5845220729636597, 0.3840796530172600, 0.5067763833826298, 0.3047724195312580, 0.1657996779148465, 0.0849434379883778, 0.1593043735061327, 0.5, 0.5, 0.5, 0.5, 0.5, 0.5, 0.5, 0.5, 0.5, 0.5 * 0.0540492086399996, 0.0540492086399996, 0.0764371238942205, 0.1080984172799992, 0.1528742477884411, 0.2161968345599984, 0.3057484955768821, 0.4323936691199968, 0.6114969911537640, 0.5021382873470084 *   0
0.3084050176238665, 0.8089909403626765, 0.4147208437392120, 0.2822952681604285, 0.6350875662803126, 0.5927934071946859, 0.5245558370484765, 0.2406831645596228, 0.2299050084454496, 0.5, 0.5, 0.5, 0.5, 0.5, 0.5, 0.5, 0.5, 0.5, 0.5 * 0.0553084501872786, 0.0553084501872786, 0.0782179603686861, 0.1106169003745571, 0.1564359207373722, 0.2212338007491142, 0.3128718414747443, 0.4424676014982283, 0.6257436829494885, 0.4657141682380084 *   0
0.2022387409593159, 0.9074005959124307, 0.9061119281249642, 0.5110758792194892, 0.7707324529861717, 0.6280335297938593, 0.1593009462390565, 0.5151510310895513, 0.7802485114802832, 0.5, 0.5, 0.5, 0.5, 0.5, 0.5, 0.5, 0.5, 0.5, 0.5 * 0.0593727466795132, 0.0593727466795132, 0.0839657435895097, 0.1187454933590264, 0.1679314871790194, 0.2374909867180527, 0.3358629743580387, 0.4749819734361054, 0.6717259487160774, 0.3123595678748634 *   0
