0.2297750018675695, 0.6145595533841102, 0.0000000000000000, 0.0000000000000000, 0.0000000000000000, 0.0000000000000000, 0.0000000000000000, 0.0000000000000000, 0.0000000000000000, 0.0000000000000000, 0.0000000000000000, 0.0000000000000000 * 0.2297750018675695, 0.6145595533841102, 5.2551723886820909 *   0
0.8352528884239742, 0.1600740901939916, 0.0000000000000000, 0.0000000000000000, 0.0000000000000000, 0.0000000000000000, 0.0000000000000000, 0.0000000000000000, 0.0000000000000000, 0.0000000000000000, 0.0000000000000000, 0.0000000000000000 * 0.8352528884239742, 0.1600740901939916, 4.0097916174142663 *   0
0.0058442223844324, 0.7573681160609089, 0.0000000000000000, 0.0000000000000000, 0.0000000000000000, 0.0000000000000000, 0.0000000000000000, 0.0000000000000000, 0.0000000000000000, 0.0000000000000000, 0.0000000000000000, 0.0000000000000000 * 0.0058442223844324, 0.7573681160609089, 4.6650569879218526 *   0
0.2069610893758764, 0.6981566318767874, 0.0000000000000000, 0.0000000000000000, 0.0000000000000000, 0.0000000000000000, 0.0000000000000000, 0.0000000000000000, 0.0000000000000000, 0.0000000000000000, 0.0000000000000000, 0.0000000000000000 * 0.2069610893758764, 0.6981566318767874, 4.6984922476298374 *   0
0.8247870499383598, 0.1904727840751748, 0.0000000000000000, 0.0000000000000000, 0.0000000000000000, 0.0000000000000000, 0.0000000000000000, 0.0000000000000000, 0.0000000000000000, 0.0000000000000000, 0.0000000000000000, 0.0000000000000000 * 0.8247870499383598, 0.1904727840751748, 3.9769285984051344 *   0
0.8369668176569821, 0.1538512260438182, 0.0000000000000000, 0.0000000000000000, 0.0000000000000000, 0.0000000000000000, 0.0000000000000000, 0.0000000000000000, 0.0000000000000000, 0.0000000000000000, 0.0000000000000000, 0.0000000000000000 * 0.8369668176569821, 0.1538512260438182, 4.0199754846099971 *   0
0.0635376368013851, 0.7304914019678214, 0.0000000000000000, 0.0000000000000000, 0.0000000000000000, 0.0000000000000000, 0.0000000000000000, 0.0000000000000000, 0.0000000000000000, 0.0000000000000000, 0.0000000000000000, 0.0000000000000000 * 0.0635376368013851, 0.7304914019678214, 4.7567655798547506 *   0
0.9446399542245268, 0.8147862245397578, 0.0000000000000000, 0.0000000000000000, 0.0000000000000000, 0.0000000000000000, 0.0000000000000000, 0.0000000000000000, 0.0000000000000000, 0.0000000000000000, 0.0000000000000000, 0.0000000000000000 * 0.9446399542245268, 0.8147862245397578, 2.9673924356190815 *   0
0.3121220368482741, 0.7139630185970864, 0.0000000000000000, 0.0000000000000000, 0.0000000000000000, 0.0000000000000000, 0.0000000000000000, 0.0000000000000000, 0.0000000000000000, 0.0000000000000000, 0.0000000000000000, 0.0000000000000000 * 0.3121220368482741, 0.7139630185970864, 4.6041137115119026 *   0
0.7552021833859395, 0.3816187262449501, 0.0000000000000000, 0.0000000000000000, 0.0000000000000000, 0.0000000000000000, 0.0000000000000000, 0.0000000000000000, 0.0000000000000000, 0.0000000000000000, 0.0000000000000000, 0.0000000000000000 * 0.7552021833859395, 0.3816187262449501, 4.4713747449978962 *   0
0.7176905803930436, 0.5585588005178416, 0.0000000000000000, 0.0000000000000000, 0.0000000000000000, 0.0000000000000000, 0.0000000000000000, 0.0000000000000000, 0.0000000000000000, 0.0000000000000000, 0.0000000000000000, 0.0000000000000000 * 0.7176905803930436, 0.5585588005178416, 4.8673986482920624 *   0
0.7286103957931559, 0.1613133974193192, 0.0000000000000000, 0.0000000000000000, 0.0000000000000000, 0.0000000000000000, 0.0000000000000000, 0.0000000000000000, 0.0000000000000000, 0.0000000000000000, 0.0000000000000000, 0.0000000000000000 * 0.7286103957931559, 0.1613133974193192, 4.5473555188588524 *   0
0.7784902824920091, 0.3173917281988038, 0.0000000000000000, 0.0000000000000000, 0.0000000000000000, 0.0000000000000000, 0.0000000000000000, 0.0000000000000000, 0.0000000000000000, 0.0000000000000000, 0.0000000000000000, 0.0000000000000000 * 0.7784902824920091, 0.3173917281988038, 4.1798193349984407 *   0
0.6730275650848763, 0.0481930603497629, 0.0000000000000000, 0.0000000000000000, 0.0000000000000000, 0.0000000000000000, 0.0000000000000000, 0.0000000000000000, 0.0000000000000000, 0.0000000000000000, 0.0000000000000000, 0.0000000000000000 * 0.6730275650848763, 0.0481930603497629, 5.2173107188585757 *   0
0.8708899597967462, 0.0493591153292726, 0.0000000000000000, 0.0000000000000000, 0.0000000000000000, 0.0000000000000000, 0.0000000000000000, 0.0000000000000000, 0.0000000000000000, 0.0000000000000000, 0.0000000000000000, 0.0000000000000000 * 0.8708899597967462, 0.0493591153292726, 4.2407079783342088 *   0
0.8307633687885307, 0.1555010253356309, 0.0000000000000000, 0.0000000000000000, 0.0000000000000000, 0.0000000000000000, 0.0000000000000000, 0.0000000000000000, 0.0000000000000000, 0.0000000000000000, 0.0000000000000000, 0.0000000000000000 * 0.8307633687885307, 0.1555010253356309, 4.0285751182498126 *   0
0.3200610914826678, 0.1890609004483842, 0.0000000000000000, 0.0000000000000000, 0.0000000000000000, 0.0000000000000000, 0.0000000000000000, 0.0000000000000000, 0.0000000000000000, 0.0000000000000000, 0.0000000000000000, 0.0000000000000000 * 0.3200610914826678, 0.1890609004483842, 5.2660810545508321 *   0
0.8673367010743063, 0.8258610641704225, 0.0000000000000000, 0.0000000000000000, 0.0000000000000000, 0.0000000000000000, 0.0000000000000000, 0.0000000000000000, 0.0000000000000000, 0.0000000000000000, 0.0000000000000000, 0.0000000000000000 * 0.8673367010743063, 0.8258610641704225, 2.6598110499015681 *   0
0.7624451801005961, 0.6714234252792892, 0.0000000000000000, 0.0000000000000000, 0.0000000000000000, 0.0000000000000000, 0.0000000000000000, 0.0000000000000000, 0.0000000000000000, 0.0000000000000000, 0.0000000000000000, 0.0000000000000000 * 0.7624451801005961, 0.6714234252792892, 3.9375234788982159 *   0
0.3241557526980321, 0.1388675580447854, 0.0000000000000000, 0.0000000000000000, 0.0000000000000000, 0.0000000000000000, 0.0000000000000000, 0.0000000000000000, 0.0000000000000000, 0.0000000000000000, 0.0000000000000000, 0.0000000000000000 * 0.3241557526980321, 0.1388675580447854, 5.3748447162876349 *   0
0.7373474276332871, 0.1611225698893529, 0.0000000000000000, 0.0000000000000000, 0.0000000000000000, 0.0000000000000000, 0.0000000000000000, 0.0000000000000000, 0.0000000000000000, 0.0000000000000000, 0.0000000000000000, 0.0000000000000000 * 0.7373474276332871, 0.1611225698893529, 4.4849731295723023 *   0
0.2927187840886036, 0.8008850644346722, 0.0000000000000000, 0.0000000000000000, 0.0000000000000000, 0.0000000000000000, 0.0000000000000000, 0.0000000000000000, 0.0000000000000000, 0.0000000000000000, 0.0000000000000000, 0.0000000000000000 * 0.2927187840886036, 0.8008850644346722, 4.0333397721770616 *   0
0.2273697802924410, 0.6488054900657411, 0.0000000000000000, 0.0000000000000000, 0.0000000000000000, 0.0000000000000000, 0.0000000000000000, 0.0000000000000000, 0.0000000000000000, 0.0000000000000000, 0.0000000000000000, 0.0000000000000000 * 0.2273697802924410, 0.6488054900657411, 5.0413648934006741 *   0
0.6392127115462034, 0.1981907222411552, 0.0000000000000000, 0.0000000000000000, 0.0000000000000000, 0.0000000000000000, 0.0000000000000000, 0.0000000000000000, 0.0000000000000000, 0.0000000000000000, 0.0000000000000000, 0.0000000000000000 * 0.6392127115462034, 0.1981907222411552, 5.1366443820131291 *   0
0.7629447745918039, 0.8955621672307896, 0.0000000000000000, 0.0000000000000000, 0.0000000000000000, 0.0000000000000000, 0.0000000000000000, 0.0000000000000000, 0.0000000000000000, 0.0000000000000000, 0.0000000000000000, 0.0000000000000000 * 0.7629447745918039, 0.8955621672307896, 2.9944630319040453 *   0
0.1820386709561752, 0.6139654054371479, 0.0000000000000000, 0.0000000000000000, 0.0000000000000000, 0.0000000000000000, 0.0000000000000000, 0.0000000000000000, 0.0000000000000000, 0.0000000000000000, 0.0000000000000000, 0.0000000000000000 * 0.1820386709561752, 0.6139654054371479, 5.3164341574606091 *   0
0.7243654447255495, 0.0069634071583689, 0.0000000000000000, 0.0000000000000000, 0.0000000000000000, 0.0000000000000000, 0.0000000000000000, 0.0000000000000000, 0.0000000000000000, 0.0000000000000000, 0.0000000000000000, 0.0000000000000000 * 0.7243654447255495, 0.0069634071583689, 4.8934350400311128 *   0
0.0457706316587378, 0.3286908200609920, 0.0000000000000000, 0.0000000000000000, 0.0000000000000000, 0.0000000000000000, 0.0000000000000000, 0.0000000000000000, 0.0000000000000000, 0.0000000000000000, 0.0000000000000000, 0.0000000000000000 * 0.0457706316587378, 0.3286908200609920, 5.5920236290092120 *   0
0.6577186648071365, 0.2497394952223354, 0.0000000000000000, 0.0000000000000000, 0.0000000000000000, 0.0000000000000000, 0.0000000000000000, 0.0000000000000000, 0.0000000000000000, 0.0000000000000000, 0.0000000000000000, 0.0000000000000000 * 0.6577186648071365, 0.2497394952223354, 4.9709179305047035 *   0
0.2464367632039063, 0.1430900367643172, 0.0000000000000000, 0.0000000000000000, 0.0000000000000000, 0.0000000000000000, 0.0000000000000000, 0.0000000000000000, 0.0000000000000000, 0.0000000000000000, 0.0000000000000000, 0.0000000000000000 * 0.2464367632039063, 0.1430900367643172, 5.2908913971538842 *   0
0.2990986105516081, 0.0027075964038761, 0.0000000000000000, 0.0000000000000000, 0.0000000000000000, 0.0000000000000000, 0.0000000000000000, 0.0000000000000000, 0.0000000000000000, 0.0000000000000000, 0.0000000000000000, 0.0000000000000000 * 0.2990986105516081, 0.0027075964038761, 5.6032849199637118 *   0
0.8102665226023023, 0.6191597020342758, 0.0000000000000000, 0.0000000000000000, 0.0000000000000000, 0.0000000000000000, 0.0000000000000000, 0.0000000000000000, 0.0000000000000000, 0.0000000000000000, 0.0000000000000000, 0.0000000000000000 * 0.8102665226023023, 0.6191597020342758, 4.0474334925168458 *   0
0.1917684968522603, 0.6776032232109472, 0.0000000000000000, 0.0000000000000000, 0.0000000000000000, 0.0000000000000000, 0.0000000000000000, 0.0000000000000000, 0.0000000000000000, 0.0000000000000000, 0.0000000000000000, 0.0000000000000000 * 0.1917684968522603, 0.6776032232109472, 4.8744813281628492 *   0
0.1863334892254013, 0.3449387961742183, 0.0000000000000000, 0.0000000000000000, 0.0000000000000000, 0.0000000000000000, 0.0000000000000000, 0.0000000000000000, 0.0000000000000000, 0.0000000000000000, 0.0000000000000000, 0.0000000000000000 * 0.1863334892254013, 0.3449387961742183, 5.3232398121911082 *   0
0.2244778663033982, 0.7691765189027304, 0.0000000000000000, 0.0000000000000000, 0.0000000000000000, 0.0000000000000000, 0.0000000000000000, 0.0000000000000000, 0.0000000000000000, 0.0000000000000000, 0.0000000000000000, 0.0000000000000000 * 0.2244778663033982, 0.7691765189027304, 4.1815755344537235 *   0
0.0378052503977927, 0.0750668114400780, 0.0000000000000000, 0.0000000000000000, 0.0000000000000000, 0.0000000000000000, 0.0000000000000000, 0.0000000000000000, 0.0000000000000000, 0.0000000000000000, 0.0000000000000000, 0.0000000000000000 * 0.0378052503977927, 0.0750668114400780, 5.8251529827273547 *   0
0.8631393480408655, 0.2577286107734444, 0.0000000000000000, 0.0000000000000000, 0.0000000000000000, 0.0000000000000000, 0.0000000000000000, 0.0000000000000000, 0.0000000000000000, 0.0000000000000000, 0.0000000000000000, 0.0000000000000000 * 0.8631393480408655, 0.2577286107734444, 3.8813303257963092 *   0
0.7627103579056963, 0.8219130606492576, 0.0000000000000000, 0.0000000000000000, 0.0000000000000000, 0.0000000000000000, 0.0000000000000000, 0.0000000000000000, 0.0000000000000000, 0.0000000000000000, 0.0000000000000000, 0.0000000000000000 * 0.7627103579056963, 0.8219130606492576, 2.9983155173270406 *   0
0.8250328436610442, 0.2739923471929470, 0.0000000000000000, 0.0000000000000000, 0.0000000000000000, 0.0000000000000000, 0.0000000000000000, 0.0000000000000000, 0.0000000000000000, 0.0000000000000000, 0.0000000000000000, 0.0000000000000000 * 0.8250328436610442, 0.2739923471929470, 3.9330925125855773 *   0
0.6894362749017012, 0.8554694470276448, 0.0000000000000000, 0.0000000000000000, 0.0000000000000000, 0.0000000000000000, 0.0000000000000000, 0.0000000000000000, 0.0000000000000000, 0.0000000000000000, 0.0000000000000000, 0.0000000000000000 * 0.6894362749017012, 0.8554694470276448, 3.4713558117715877 *   0
0.0156842521464844, 0.3042711719424795, 0.0000000000000000, 0.0000000000000000, 0.0000000000000000, 0.0000000000000000, 0.0000000000000000, 0.0000000000000000, 0.0000000000000000, 0.0000000000000000, 0.0000000000000000, 0.0000000000000000 * 0.0156842521464844, 0.3042711719424795, 5.5954315276592501 *   0
0.2708679792801235, 0.0719794677905643, 0.0000000000000000, 0.0000000000000000, 0.0000000000000000, 0.0000000000000000, 0.0000000000000000, 0.0000000000000000, 0.0000000000000000, 0.0000000000000000, 0.0000000000000000, 0.0000000000000000 * 0.2708679792801235, 0.0719794677905643, 5.4615698690718659 *   0
0.9012405727530087, 0.2454592540140540, 0.0000000000000000, 0.0000000000000000, 0.0000000000000000, 0.0000000000000000, 0.0000000000000000, 0.0000000000000000, 0.0000000000000000, 0.0000000000000000, 0.0000000000000000, 0.0000000000000000 * 0.9012405727530087, 0.2454592540140540, 3.9495921024015552 *   0
0.1466521491048169, 0.6324713582324196, 0.0000000000000000, 0.0000000000000000, 0.0000000000000000, 0.0000000000000000, 0.0000000000000000, 0.0000000000000000, 0.0000000000000000, 0.0000000000000000, 0.0000000000000000, 0.0000000000000000 * 0.1466521491048169, 0.6324713582324196, 5.2771502828138885 *   0
0.0973194046399181, 0.2695178907688325, 0.0000000000000000, 0.0000000000000000, 0.0000000000000000, 0.0000000000000000, 0.0000000000000000, 0.0000000000000000, 0.0000000000000000, 0.0000000000000000, 0.0000000000000000, 0.0000000000000000 * 0.0973194046399181, 0.2695178907688325, 5.4033969739198628 *   0
0.9188307253265896, 0.7364934607113215, 0.0000000000000000, 0.0000000000000000, 0.0000000000000000, 0.0000000000000000, 0.0000000000000000, 0.0000000000000000, 0.0000000000000000, 0.0000000000000000, 0.0000000000000000, 0.0000000000000000 * 0.9188307253265896, 0.7364934607113215, 3.2578985018926545 *   0
0.2127903826594308, 0.7438635689876338, 0.0000000000000000, 0.0000000000000000, 0.0000000000000000, 0.0000000000000000, 0.0000000000000000, 0.0000000000000000, 0.0000000000000000, 0.0000000000000000, 0.0000000000000000, 0.0000000000000000 * 0.2127903826594308, 0.7438635689876338, 4.3556383753572119 *   0
0.0155777172258020, 0.4639939844906302, 0.0000000000000000, 0.0000000000000000, 0.0000000000000000, 0.0000000000000000, 0.0000000000000000, 0.0000000000000000, 0.0000000000000000, 0.0000000000000000, 0.0000000000000000, 0.0000000000000000 * 0.0155777172258020, 0.4639939844906302, 5.9556826196381616 *   0
0.0104858074386072, 0.6183237273331377, 0.0000000000000000, 0.0000000000000000, 0.0000000000000000, 0.0000000000000000, 0.0000000000000000, 0.0000000000000000, 0.0000000000000000, 0.0000000000000000, 0.0000000000000000, 0.0000000000000000 * 0.0104858074386072, 0.6183237273331377, 5.6422309739523762 *   0
0.2146891943247473, 0.3449425140139379, 0.0000000000000000, 0.0000000000000000, 0.0000000000000000, 0.0000000000000000, 0.0000000000000000, 0.0000000000000000, 0.0000000000000000, 0.0000000000000000, 0.0000000000000000, 0.0000000000000000 * 0.2146891943247473, 0.3449425140139379, 5.2849618968721712 *   0
