0.2744171024646690, 0.0382287297575868, 0.1357054613231241, 0.5008977565452911, 0.0977210915171174, 0.0234531345886426, 0.4249948721495433, 0.0971330991467149, 0.0842893673499531, 0.5, 0.5, 0.5, 0.5, 0.5, 0.5, 0.5, 0.5, 0.5, 0.5 * 1.0000000000000000, 0.0000000000000000, 0.0000000000000000, 0.0000000000000000, 0.0000000000000000, 0.0000000000000000, 0.0000000000000000, 0.0000000000000000, 0.0000000000000000, 0.0000000000000000 *   0
0.7145631363217547, 0.0429547499133995, 0.1195937204731599, 0.2048201478108858, 0.2762924443354329, 0.0989109627431775, 0.0122293508668567, 0.4511566760256685, 0.1023747702605905, 0.5, 0.5, 0.5, 0.5, 0.5, 0.5, 0.5, 0.5, 0.5, 0.5 * 1.0000000000000000, 0.0000000000000000, 0.0000000000000000, 0.0000000000000000, 0.0000000000000000, 0.0000000000000000, 0.0000000000000000, 0.0000000000000000, 0.0000000000000000, 0.0000000000000040 *   0
0.0538261719298671, 0.4971051088055154, 0.6255740800991534, 0.3702033913555571, 0.0025617196236559, 0.0065253367677915, 0.0970463585560426, 0.1145542329710695, 0.0754330396072162, 0.5, 0.5, 0.5, 0.5, 0.5, 0.5, 0.5, 0.5, 0.5, 0.5 * 1.0000000000000000, 0.0000000000000000, 0.0000000000000000, 0.0000000000000000, 0.0000000000000000, 0.0000000000000000, 0.0000000000000000, 0.0000000000000000, 0.0000000000000000, 0.0000000000000000 *   0
0.2032398368247039, 0.0054980060111256, 0.7515353908536655, 0.2083489998282627, 0.3748736248234630, 0.1353088953231037, 0.0761631364357486, 0.0531806769097134, 0.3487983855180435, 0.5, 0.5, 0.5, 0.5, 0.5, 0.5, 0.5, 0.5, 0.5, 0.5 * 1.0000000000000000, 0.0000000000000000, 0.0000000000000000, 0.0000000000000000, 0.0000000000000000, 0.0000000000000000, 0.0000000000000000, 0.0000000000006181, 0.0000000000000000, 0.0000000000000000 *   0
0.5076171292493200, 0.0400870652124691, 0.9253184836941392, 0.5680760050043817, 0.1226640386146791, 0.0676078298443965, 0.3371504905340962, 0.1122053508237961, 0.3240963482875825, 0.5, 0.5, 0.5, 0.5, 0.5, 0.5, 0.5, 0.5, 0.5, 0.5 * 0.9999997764074946, 0.0000000000000000, 0.0000000000000000, 0.0000000000000000, 0.0000000000000000, 0.0000000000000000, 0.0000000000000000, 0.0006687188952772, 0.0000000000000000, 0.0000000000000000 *   0
0.8679924294669146, 0.1845051614495484, 0.1535941367752823, 0.9207221245955313, 0.3265519367188923, 0.0099014123016509, 0.0604019998854036, 0.1695362479284109, 0.1697647074096672, 0.5, 0.5, 0.5, 0.5, 0.5, 0.5, 0.5, 0.5, 0.5, 0.5 * 0.9999999174097333, 0.0000000000000000, 0.0000000000000000, 0.0000000000000000, 0.0000000000000000, 0.0000000000000000, 0.0004064225398574, 0.0000000000000000, 0.0000000000000000, 0.0000011161269880 *   0
0.0540317548690512, 0.0396643784081863, 0.2220488079926226, 0.5611207734612379, 0.2714702725743271, 0.0612336471961968, 0.5040169435106296, 0.1140776305059333, 0.9763277573400772, 0.5, 0.5, 0.5, 0.5, 0.5, 0.5, 0.5, 0.5, 0.5, 0.5 * 0.9897765918691703, 0.1426264287846043, 0.0000000000000000, 0.0000000000000000, 0.0000000000000000, 0.0000000000000000, 0.0000000000000000, 0.0000000000000000, 0.0000000000000000, 0.0000000000000000 *   0
0.1648870455868948, 0.1389412531344878, 0.0967667610835129, 0.4188217313116517, 0.1973816958243873, 0.2545666388490082, 0.0826362278697250, 0.5771803239254190, 0.0690196883254776, 0.5, 0.5, 0.5, 0.5, 0.5, 0.5, 0.5, 0.5, 0.5, 0.5 * 1.0000000000000000, 0.0000000000000000, 0.0000000000000000, 0.0000000000000000, 0.0000000000000000, 0.0000000000000000, 0.0000000000000000, 0.0000000000000000, 0.0000000000000000, 0.0000000000000000 *   0
0.1138410037913551, 0.0946919909188021, 0.5333532791274382, 0.1729557864242028, 0.1693557483001406, 0.0580626162970730, 0.9029245716067611, 0.1159243421237563, 0.7040823203064884, 0.5, 0.5, 0.5, 0.5, 0.5, 0.5, 0.5, 0.5, 0.5, 0.5 * 0.9999999983346554, 0.0000000000000009, 0.0000000000000000, 0.0000577121237451, 0.0000000000000000, 0.0000000000000000, 0.0000000000000000, 0.0000000000000000, 0.0000000000000000, 0.0000000000000000 *   0
0.9816621635023794, 0.1146373032194736, 0.1942906776416538, 0.0570952026439343, 0.0766888475402672, 0.0499667600029925, 0.5969770725802411, 0.6189755050553826, 0.5120973803624964, 0.5, 0.5, 0.5, 0.5, 0.5, 0.5, 0.5, 0.5, 0.5, 0.5 * 0.9697019371453287, 0.0000000000000000, 0.0000000000000000, 0.0000000000000000, 0.0000000000000000, 0.0000000000000000, 0.0000000000000000, 0.0000000000000000, 0.0000000000000000, 0.2442911236549479 *   0
0.2518324522542918, 0.1793535110444545, 0.9465013635095680, 0.5571456586742520, 0.0436285538802056, 0.2459956753281856, 0.2858001614389011, 0.3862808236788403, 0.0328370351497256, 0.5, 0.5, 0.5, 0.5, 0.5, 0.5, 0.5, 0.5, 0.5, 0.5 * 0.9999793244510611, 0.0000000000000000, 0.0000000000000000, 0.0000000000000000, 0.0000000000000000, 0.0000000000000000, 0.0000000000000000, 0.0064304486934840, 0.0000000000000000, 0.0000000000000000 *   0
0.0834491835364370, 0.0456986446146381, 0.3284231071958426, 0.5257764558893518, 0.5270929050292321, 0.1042710049563418, 0.3537561350286734, 0.3818750024688780, 0.0190938697285456, 0.5, 0.5, 0.5, 0.5, 0.5, 0.5, 0.5, 0.5, 0.5, 0.5 * 1.0000000000000000, 0.0000000000000000, 0.0000000000000000, 0.0000000000000000, 0.0000000000000000, 0.0000000000000000, 0.0000000000000000, 0.0000000000000000, 0.0000000000000000, 0.0000000000000000 *   0
0.4703034630372671, 0.0933181853468149, 0.6702313091001619, 0.6505152725849838, 0.0622277432411107, 0.0165302003810789, 0.5616055454880025, 0.7383890127476254, 0.3089781120926971, 0.5, 0.5, 0.5, 0.5, 0.5, 0.5, 0.5, 0.5, 0.5, 0.5 * 1.0000000000000000, 0.0000000000000000, 0.0000000000001058, 0.0000000000000000, 0.0000000000000000, 0.0000000000000000, 0.0000000000000000, 0.0000000000000000, 0.0000000000000000, 0.0000000000000000 *   0
0.0114403832757102, 0.0101473704027698, 0.6089643294033429, 0.5915871591268047, 0.2936664010834258, 0.1097545205195223, 0.4715498250311007, 0.8996001444289461, 0.1704262211781117, 0.5, 0.5, 0.5, 0.5, 0.5, 0.5, 0.5, 0.5, 0.5, 0.5 * 0.9999999992036334, 0.0000000000000000, 0.0000399090624862, 0.0000000000000000, 0.0000000000000000, 0.0000000000000000, 0.0000000000000000, 0.0000000000000000, 0.0000000000000000, 0.0000000000000000 *   0
0.2718309039584505, 0.3121388434954634, 0.0840296596679975, 0.2733181464827238, 0.0543020894072494, 0.2198446654807053, 0.1689140592556978, 0.2297024122577637, 0.5233632426352069, 0.5, 0.5, 0.5, 0.5, 0.5, 0.5, 0.5, 0.5, 0.5, 0.5 * 1.0000000000000000, 0.0000000000000000, 0.0000000000000000, 0.0000000000000000, 0.0000000000000000, 0.0000000000000000, 0.0000000000000000, 0.0000000000000000, 0.0000000000000000, 0.0000000000000000 *   0
0.1412588917376748, 0.0429387698149955, 0.5128473274003935, 0.8178397113540394, 0.3282802004033142, 0.0494438759281504, 0.6675443871261293, 0.4010500602429035, 0.1486660526826354, 0.5, 0.5, 0.5, 0.5, 0.5, 0.5, 0.5, 0.5, 0.5, 0.5 * 1.0000000000000000, 0.0000000000000000, 0.0000000000000000, 0.0000000000000000, 0.0000000000000000, 0.0000000000000000, 0.0000000029036170, 0.0000000000000000, 0.0000000000000000, 0.0000000000000000 *   0
0.2911764859646449, 0.1038566264807510, 0.7637303992005672, 0.0620510778678819, 0.3552885932639654, 0.1250532917329358, 0.2843919407037981, 0.2001910685562487, 0.6010456022811335, 0.5, 0.5, 0.5, 0.5, 0.5, 0.5, 0.5, 0.5, 0.5, 0.5 * 1.0000000000000000, 0.0000000000000000, 0.0000000000000000, 0.0000000000000000, 0.0000000000000000, 0.0000000000000000, 0.0000000000000000, 0.0000000000030912, 0.0000000000000000, 0.0000000000000000 *   0
0.2721095300615344, 0.0757552311177157, 0.4833561286718380, 0.3019788657789951, 0.4223980584286144, 0.0573069057694203, 0.2152361395839770, 0.4674553826765415, 0.5516814177630849, 0.5, 0.5, 0.5, 0.5, 0.5, 0.5, 0.5, 0.5, 0.5, 0.5 * 1.0000000000000000, 0.0000000000000000, 0.0000000000000000, 0.0000000000000000, 0.0000000000000000, 0.0000000000000000, 0.0000000000000000, 0.0000000000000000, 0.0000000000000000, 0.0000000000000000 *   0
0.0022726752805862, 0.0964953075612408, 0.9383991490762676, 0.3759373595826036, 0.0297167431701518, 0.5956630863229107, 0.1472988227136893, 0.3161328138393037, 0.4426398907986656, 0.5, 0.5, 0.5, 0.5, 0.5, 0.5, 0.5, 0.5, 0.5, 0.5 * 0.9999962954918918, 0.0000000000000000, 0.0000000000000000, 0.0000000000000000, 0.0000000000000000, 0.0000000000000000, 0.0000000000000000, 0.0027219482899219, 0.0000000000000000, 0.0000000000000000 *   0
0.0877561397327837, 0.0506526339103713, 0.3650357706309463, 0.2119617123212487, 0.1549095609946687, 0.3198491750843120, 0.2714172034856944, 0.6553339202214656, 0.5481799908672367, 0.5, 0.5, 0.5, 0.5, 0.5, 0.5, 0.5, 0.5, 0.5, 0.5 * 1.0000000000000000, 0.0000000000000000, 0.0000000000000000, 0.0000000000000000, 0.0000000000000000, 0.0000000000000000, 0.0000000000000000, 0.0000000000000000, 0.0000000000000000, 0.0000000000000000 *   0
0.1043877066599148, 0.0445814412294801, 0.3623172106977167, 0.1482316135187781, 0.0812776359176625, 0.3372514575427638, 0.8919994616378096, 0.3421088612368837, 0.5629969651638516, 0.5, 0.5, 0.5, 0.5, 0.5, 0.5, 0.5, 0.5, 0.5, 0.5 * 0.9999999998540755, 0.0000000000000000, 0.0000000000000000, 0.0000170835885452, 0.0000000000000000, 0.0000000000000000, 0.0000000000000000, 0.0000000000000000, 0.0000000000000000, 0.0000000000000000 *   0
0.7421632459117860, 0.1358150053470465, 0.8955959132386353, 0.1754003228505144, 0.3035185771545016, 0.2379836781127302, 0.3317432973216023, 0.3239281998593026, 0.1351737408596900, 0.5, 0.5, 0.5, 0.5, 0.5, 0.5, 0.5, 0.5, 0.5, 0.5 * 0.9999999996736900, 0.0000000000000000, 0.0000000000000000, 0.0000000000000000, 0.0000000000000000, 0.0000000000000000, 0.0000000000000000, 0.0000255464284677, 0.0000000000000000, 0.0000000000001762 *   0
0.0282944394407302, 0.2813112983858731, 0.6210369964228184, 0.5522478677110038, 0.2646292421336422, 0.1356886276675801, 0.1190349385696626, 0.3482601765302290, 0.4499014497035655, 0.5, 0.5, 0.5, 0.5, 0.5, 0.5, 0.5, 0.5, 0.5, 0.5 * 1.0000000000000000, 0.0000000000000000, 0.0000000000000000, 0.0000000000000000, 0.0000000000000000, 0.0000000000000000, 0.0000000000000000, 0.0000000000000000, 0.0000000000000000, 0.0000000000000000 *   0
0.0920286043975636, 0.0563924853021244, 0.3567998033747076, 0.5686731275956487, 0.3765718365910332, 0.1260467819525147, 0.5658478585844151, 0.8975499402254586, 0.1944937143449177, 0.5, 0.5, 0.5, 0.5, 0.5, 0.5, 0.5, 0.5, 0.5, 0.5 * 0.9999999994954152, 0.0000000000000000, 0.0000317674320887, 0.0000000000000000, 0.0000000000000000, 0.0000000000000000, 0.0000000000000000, 0.0000000000000000, 0.0000000000000000, 0.0000000000000000 *   0
0.2543817289426838, 0.3554596334488409, 0.8402360229940321, 0.1740652048839560, 0.2882774529458385, 0.0066522103765291, 0.1373640653385614, 0.3511668836470539, 0.9628809061659876, 0.5, 0.5, 0.5, 0.5, 0.5, 0.5, 0.5, 0.5, 0.5, 0.5 * 0.9993607386663103, 0.0357507204448367, 0.0000000000000000, 0.0000000000000000, 0.0000000000000000, 0.0000000000000000, 0.0000000000000000, 0.0000000432762444, 0.0000000000000000, 0.0000000000000000 *   0
0.8684751646912076, 0.5120075547657942, 0.3412616505945388, 0.1165079661256205, 0.2405966353791750, 0.0770288710841112, 0.6433999774248339, 0.0914026764647116, 0.0192173123449168, 0.5, 0.5, 0.5, 0.5, 0.5, 0.5, 0.5, 0.5, 0.5, 0.5 * 0.9999999999993039, 0.0000000000000000, 0.0000000000000000, 0.0000000000000000, 0.0000000000000000, 0.0000000000000000, 0.0000000000000000, 0.0000000000000000, 0.0000000000000000, 0.0000011799408721 *   0
0.5100573983555927, 0.3305100744266575, 0.1371948645157716, 0.0438394444267449, 0.1175829363603065, 0.0070536700110201, 0.9258816679594487, 0.3545572475318598, 0.7965585648997494, 0.5, 0.5, 0.5, 0.5, 0.5, 0.5, 0.5, 0.5, 0.5, 0.5 * 0.9999997474735872, 0.0000000002079174, 0.0000000000000000, 0.0007106706423101, 0.0000000000000000, 0.0000000000000000, 0.0000000000000000, 0.0000000000000000, 0.0000000000000000, 0.0000000000000000 *   0
0.2014884623705821, 0.3051460340177389, 0.0257696085729495, 0.9416149696063320, 0.9882181305383416, 0.0027094823320906, 0.0608261376902583, 0.1213435326336620, 0.3297529422350940, 0.5, 0.5, 0.5, 0.5, 0.5, 0.5, 0.5, 0.5, 0.5, 0.5 * 0.8869065220186794, 0.0000000000000000, 0.0000000000000000, 0.0000000000000000, 0.0000000000000000, 0.4619330417207932, 0.0038322535544745, 0.0000000000000000, 0.0000000000000000, 0.0000000000000000 *   0
0.1315608514154148, 0.1048820210177833, 0.9465599930596351, 0.7670705214920782, 0.2386553810158071, 0.3228908173380842, 0.3385524863091076, 0.0165622574354346, 0.5470739172525116, 0.5, 0.5, 0.5, 0.5, 0.5, 0.5, 0.5, 0.5, 0.5, 0.5 * 0.9999790667238587, 0.0000000000000000, 0.0000000000000000, 0.0000000000000000, 0.0000000000000000, 0.0000000000000000, 0.0000000000047823, 0.0064704029303116, 0.0000000000000000, 0.0000000000000000 *   0
0.3077771371732360, 0.5298764708125389, 0.3901481606951673, 0.6565755231569407, 0.3287677840929328, 0.1164576910047129, 0.1188235530251747, 0.1326664323604975, 0.0391760268431045, 0.5, 0.5, 0.5, 0.5, 0.5, 0.5, 0.5, 0.5, 0.5, 0.5 * 1.0000000000000000, 0.0000000000000000, 0.0000000000000000, 0.0000000000000000, 0.0000000000000000, 0.0000000000000000, 0.0000000000000000, 0.0000000000000000, 0.0000000000000000, 0.0000000000000000 *   0
0.0690179393016817, 0.4427403651376908, 0.6307731492588171, 0.0980574498409673, 0.4830830616332046, 0.1220132290022509, 0.0438174051436677, 0.0737158600584212, 0.4643532472962296, 0.5, 0.5, 0.5, 0.5, 0.5, 0.5, 0.5, 0.5, 0.5, 0.5 * 1.0000000000000000, 0.0000000000000000, 0.0000000000000000, 0.0000000000000000, 0.0000000000000000, 0.0000000000000000, 0.0000000000000000, 0.0000000000000000, 0.0000000000000000, 0.0000000000000000 *   0
0.3821499344809679, 0.3555140008011433, 0.5009411133364500, 0.3902688153974101, 0.0858265478563619, 0.0679156505819017, 0.3941377426470340, 0.5376760394022223, 0.4530555784949361, 0.5, 0.5, 0.5, 0.5, 0.5, 0.5, 0.5, 0.5, 0.5, 0.5 * 1.0000000000000000, 0.0000000000000000, 0.0000000000000000, 0.0000000000000000, 0.0000000000000000, 0.0000000000000000, 0.0000000000000000, 0.0000000000000000, 0.0000000000000000, 0.0000000000000000 *   0
0.3183272123887796, 0.0285845701715837, 0.9914569943172191, 0.2537015663709964, 0.3722484802698011, 0.6333785390636784, 0.3372362709311937, 0.2299914687080269, 0.1341112601263967, 0.5, 0.5, 0.5, 0.5, 0.5, 0.5, 0.5, 0.5, 0.5, 0.5 * 0.7862673657822308, 0.0000000000000000, 0.0000000000000000, 0.0000000000000000, 0.0000000000000000, 0.0000000000000000, 0.0000000000000000, 0.6178864212020456, 0.0000000000000000, 0.0000000000000000 *   0
0.5213858105807500, 0.1369748493363032, 0.7175080597947855, 0.0587931014871193, 0.2059927891036462, 0.1602484249324763, 0.6895662507459364, 0.3040502389446135, 0.6433314865656810, 0.5, 0.5, 0.5, 0.5, 0.5, 0.5, 0.5, 0.5, 0.5, 0.5 * 1.0000000000000000, 0.0000000000000000, 0.0000000000000000, 0.0000000000000001, 0.0000000000000000, 0.0000000000000000, 0.0000000000000000, 0.0000000000000060, 0.0000000000000000, 0.0000000000000000 *   0
0.0316494642904259, 0.1157515845800525, 0.2583683218147458, 0.9740374078853230, 0.5624140377912735, 0.6695983957823358, 0.0135584492299512, 0.0933658578867865, 0.0290395100736243, 0.5, 0.5, 0.5, 0.5, 0.5, 0.5, 0.5, 0.5, 0.5, 0.5 * 0.9936045140712190, 0.0000000000000000, 0.0000000000000000, 0.0000000000000000, 0.0000000000000000, 0.0000000000000000, 0.1129162061765131, 0.0000000000000000, 0.0000000000000000, 0.0000000000000000 *   0
0.5229358461326621, 0.0230164290512988, 0.8148147188196028, 0.8409715349976772, 0.0829180144159673, 0.5577221701656105, 0.1598860799148148, 0.3038390648103501, 0.4306444322833067, 0.5, 0.5, 0.5, 0.5, 0.5, 0.5, 0.5, 0.5, 0.5, 0.5 * 0.9999999999999989, 0.0000000000000000, 0.0000000000000000, 0.0000000000000000, 0.0000000000000000, 0.0000000000000000, 0.0000000472334309, 0.0000000020045017, 0.0000000000000000, 0.0000000000000000 *   0
0.3185638512105513, 0.0817345180929333, 0.3945064863164474, 0.4574200480512436, 0.6406893109160892, 0.0479815649092112, 0.7881475942154171, 0.2829109915918256, 0.3563560453971643, 0.5, 0.5, 0.5, 0.5, 0.5, 0.5, 0.5, 0.5, 0.5, 0.5 * 1.0000000000000000, 0.0000000000000000, 0.0000000000000000, 0.0000000000719242, 0.0000000000000000, 0.0000000000000000, 0.0000000000000000, 0.0000000000000000, 0.0000000000000000, 0.0000000000000000 *   0
0.0723921652289071, 0.2260593237476700, 0.5103355955846308, 0.4093596490143611, 0.5338364613865672, 0.0402120659315083, 0.7995078097095284, 0.1904119840778466, 0.3689798500244412, 0.5, 0.5, 0.5, 0.5, 0.5, 0.5, 0.5, 0.5, 0.5, 0.5 * 1.0000000000000000, 0.0000000000000000, 0.0000000000000000, 0.0000000003008783, 0.0000000000000000, 0.0000000000000000, 0.0000000000000000, 0.0000000000000000, 0.0000000000000000, 0.0000000000000000 *   0
0.6232700620886265, 0.3168953071892706, 0.5285489361400478, 0.6490786600155191, 0.4835095873491417, 0.2066503028416309, 0.0240662139952491, 0.1818585024130803, 0.1524636802042200, 0.5, 0.5, 0.5, 0.5, 0.5, 0.5, 0.5, 0.5, 0.5, 0.5 * 1.0000000000000000, 0.0000000000000000, 0.0000000000000000, 0.0000000000000000, 0.0000000000000000, 0.0000000000000000, 0.0000000000000000, 0.0000000000000000, 0.0000000000000000, 0.0000000000000000 *   0
0.1006410737059270, 0.0658444254965728, 0.4886091446916616, 0.1541587045202771, 0.0585743231040306, 0.5343592160075713, 0.6394419337806487, 0.8941086711800232, 0.4332370774043897, 0.5, 0.5, 0.5, 0.5, 0.5, 0.5, 0.5, 0.5, 0.5, 0.5 * 0.9999999997659702, 0.0000000000000000, 0.0000216346837609, 0.0000000000000000, 0.0000000000000000, 0.0000000000000000, 0.0000000000000000, 0.0000000000000000, 0.0000000000000000, 0.0000000000000000 *   0
0.1531832149034288, 0.3108270048679910, 0.7857255981237281, 0.2141390373996175, 0.3440861810669704, 0.3341757880217283, 0.1726447996556036, 0.5718390720765288, 0.0438439068588633, 0.5, 0.5, 0.5, 0.5, 0.5, 0.5, 0.5, 0.5, 0.5, 0.5 * 1.0000000000000000, 0.0000000000000000, 0.0000000000000000, 0.0000000000000000, 0.0000000000000000, 0.0000000000000000, 0.0000000000000000, 0.0000000000528701, 0.0000000000000000, 0.0000000000000000 *   0
0.3109234111900085, 0.0674314843804722, 0.9031303552459601, 0.6203566401360354, 0.5518259483165229, 0.1851661899989313, 0.5348221056791125, 0.0446890946685751, 0.5156419084014566, 0.5, 0.5, 0.5, 0.5, 0.5, 0.5, 0.5, 0.5, 0.5, 0.5 * 0.9999999982569988, 0.0000000000000000, 0.0000000000000000, 0.0000000000000000, 0.0000000000000000, 0.0000000000000000, 0.0000000000000000, 0.0000590423782322, 0.0000000000000000, 0.0000000000000000 *   0
0.7922031366230003, 0.5556984928230282, 0.1771884584693184, 0.0931377220401250, 0.2552050297405594, 0.3224092271748973, 0.0221608569948752, 0.2348111156536318, 0.3547467344229793, 0.5, 0.5, 0.5, 0.5, 0.5, 0.5, 0.5, 0.5, 0.5, 0.5 * 1.0000000000000000, 0.0000000000000000, 0.0000000000000000, 0.0000000000000000, 0.0000000000000000, 0.0000000000000000, 0.0000000000000000, 0.0000000000000000, 0.0000000000000000, 0.0000000001201643 *   0
0.2903347971338475, 0.1452140156855872, 0.7245603835790234, 0.9831138653602050, 0.4319128228500079, 0.6261964587616717, 0.0945568369210497, 0.0428336425883852, 0.1003129906488177, 0.5, 0.5, 0.5, 0.5, 0.5, 0.5, 0.5, 0.5, 0.5, 0.5 * 0.9593547471127882, 0.0000000000000000, 0.0000000000000000, 0.0000000000000000, 0.0000000000000000, 0.0000000000000000, 0.2822028865765871, 0.0000000000000160, 0.0000000000000000, 0.0000000000000000 *   0
0.5224313789617416, 0.2880751063526026, 0.0250808545505073, 0.4657584058427058, 0.3758312460853864, 0.0757334884608786, 0.8307941769393133, 0.5877929588722963, 0.2306430494555473, 0.5, 0.5, 0.5, 0.5, 0.5, 0.5, 0.5, 0.5, 0.5, 0.5 * 0.9999999999999999, 0.0000000000000000, 0.0000000000000000, 0.0000000139786189, 0.0000000000000000, 0.0000000000000000, 0.0000000000000000, 0.0000000000000000, 0.0000000000000000, 0.0000000000000000 *   0
0.5417457011257045, 0.1144561092902236, 0.6503128906014901, 0.4334937885559600, 0.0518015614020645, 0.5507207240679863, 0.3896077505264467, 0.9854774037308420, 0.3465935081926144, 0.5, 0.5, 0.5, 0.5, 0.5, 0.5, 0.5, 0.5, 0.5, 0.5 * 0.9345740025902529, 0.0000000000000000, 0.3557687924515499, 0.0000000000000000, 0.0000000000000000, 0.0000000000000000, 0.0000000000000000, 0.0000000000000000, 0.0000000000000000, 0.0000000000000000 *   0
0.4606815406403884, 0.1859861780824075, 0.7991506605405131, 0.8072750488330028, 0.0404549772108230, 0.6048811937705061, 0.1171133118295638, 0.2327130843106253, 0.5019336391715024, 0.5, 0.5, 0.5, 0.5, 0.5, 0.5, 0.5, 0.5, 0.5, 0.5 * 1.0000000000000000, 0.0000000000000000, 0.0000000000000000, 0.0000000000000000, 0.0000000000000000, 0.0000000000000000, 0.0000000007911755, 0.0000000002877307, 0.0000000000000000, 0.0000000000000000 *   0
0.0735002397901845, 0.7162076103110833, 0.5731762794652844, 0.6945652555183346, 0.0821781456853161, 0.2075966616196542, 0.1118813329897268, 0.5205302082563426, 0.2007987523455167, 0.5, 0.5, 0.5, 0.5, 0.5, 0.5, 0.5, 0.5, 0.5, 0.5 * 1.0000000000000000, 0.0000000000000000, 0.0000000000000000, 0.0000000000000000, 0.0000000000000000, 0.0000000000000000, 0.0000000000000002, 0.0000000000000000, 0.0000000000000050, 0.0000000000000000 *   0
0.6549368815752383, 0.1594515941848287, 0.7206245184506404, 0.1865873705533274, 0.4698826384124731, 0.2661937471787416, 0.1882411139962455, 0.3537136965215736, 0.6835047726908255, 0.5, 0.5, 0.5, 0.5, 0.5, 0.5, 0.5, 0.5, 0.5, 0.5 * 1.0000000000000000, 0.0000000000000000, 0.0000000000000000, 0.0000000000000000, 0.0000000000000000, 0.0000000000000000, 0.0000000000000000, 0.0000000000000093, 0.0000000000000000, 0.0000000000000000 *   0
0.1121026198901714, 0.0857642763693651, 0.9844361073265020, 0.6425806775887407, 0.5955312441082351, 0.3874796132498792, 0.4030502039953369, 0.2394094715078405, 0.4765677570721916, 0.5, 0.5, 0.5, 0.5, 0.5, 0.5, 0.5, 0.5, 0.5, 0.5 * 0.9469314173481762, 0.0000000000000000, 0.0000000000000000, 0.0000000000000000, 0.0000000000000000, 0.0000000000000000, 0.0000000000000000, 0.3214356713853863, 0.0000000000000000, 0.0000000000000000 *   0
0.4321465782970872, 0.0722504146733556, 0.5193501755219653, 0.5925420138950189, 0.4485415636787850, 0.3426977053017811, 0.2893691003738759, 0.3519784521087904, 0.6600207452010460, 0.5, 0.5, 0.5, 0.5, 0.5, 0.5, 0.5, 0.5, 0.5, 0.5 * 1.0000000000000000, 0.0000000000000000, 0.0000000000000000, 0.0000000000000000, 0.0000000000000000, 0.0000000000000000, 0.0000000000000000, 0.0000000000000000, 0.0000000000000000, 0.0000000000000000 *   0
0.2896921137765479, 0.5718730597625826, 0.4272437614515627, 0.2097485234074986, 0.3489692147583557, 0.4519735530260827, 0.3969306668252361, 0.0862328522308883, 0.0202731560078790, 0.5, 0.5, 0.5, 0.5, 0.5, 0.5, 0.5, 0.5, 0.5, 0.5 * 1.0000000000000000, 0.0000000000000000, 0.0000000000000000, 0.0000000000000000, 0.0000000000000000, 0.0000000000000000, 0.0000000000000000, 0.0000000000000000, 0.0000000000000000, 0.0000000000000000 *   0
0.8531277905465698, 0.0429784092320960, 0.6127447470150631, 0.8242280356698800, 0.3244444128705395, 0.1065232032474704, 0.9538730429270645, 0.2093758476941734, 0.9186288723343187, 0.5, 0.5, 0.5, 0.5, 0.5, 0.5, 0.5, 0.5, 0.5, 0.5 * 0.9999023772818785, 0.0003236581908508, 0.0000000000000000, 0.0139689352272868, 0.0000000000000000, 0.0000000000000000, 0.0000000063220533, 0.0000000000000000, 0.0000000000000000, 0.0000001983941241 *   0
0.6830720965206027, 0.9769398742248024, 0.1192111680839263, 0.1331254025609817, 0.3270434599030034, 0.0704381680444061, 0.0908957221968545, 0.5966076383351384, 0.3087869539432167, 0.5, 0.5, 0.5, 0.5, 0.5, 0.5, 0.5, 0.5, 0.5, 0.5 * 0.9884139200924502, 0.0000000000000000, 0.0000000000000000, 0.0000000000000000, 0.0000000000000000, 0.0000000000000000, 0.0000000000000000, 0.0000000000000000, 0.1517824843895879, 0.0000000000000000 *   0
0.1330471593574840, 0.1114040939656105, 0.7835855143068291, 0.2855108400273653, 0.3131097021108073, 0.6528421634122925, 0.0463420734956591, 0.3416937824067165, 0.8461130265361224, 0.5, 0.5, 0.5, 0.5, 0.5, 0.5, 0.5, 0.5, 0.5, 0.5 * 0.9999999999999962, 0.0000000868876429, 0.0000000000000000, 0.0000000000000000, 0.0000000000000000, 0.0000000000000000, 0.0000000000000000, 0.0000000000402494, 0.0000000000000000, 0.0000000000000000 *   0
0.4466624527455598, 0.4112300739675900, 0.0395210418102895, 0.5309518205611742, 0.3594411147569498, 0.0267842467999012, 0.3978742223223086, 0.9167204456947373, 0.5502901019297028, 0.5, 0.5, 0.5, 0.5, 0.5, 0.5, 0.5, 0.5, 0.5, 0.5 * 0.9999999654384454, 0.0000000000000000, 0.0002629127383411, 0.0000000000000000, 0.0000000000000000, 0.0000000000000000, 0.0000000000000000, 0.0000000000000000, 0.0000000000000000, 0.0000000000000000 *   0
0.7770961554614344, 0.0247297915745200, 0.1871821434177375, 0.7372636379381938, 0.5682996034474576, 0.3268424995834206, 0.2868976943599515, 0.1293395665145198, 0.7837227987049720, 0.5, 0.5, 0.5, 0.5, 0.5, 0.5, 0.5, 0.5, 0.5, 0.5 * 1.0000000000000000, 0.0000000000409608, 0.0000000000000000, 0.0000000000000000, 0.0000000000000000, 0.0000000000000000, 0.0000000000000909, 0.0000000000000000, 0.0000000000000000, 0.0000000000175225 *   0
0.9950660993322107, 0.1577910250787581, 0.3361340329684941, 0.3918766204229913, 0.7725930953270723, 0.0801833272353668, 0.3263631809159942, 0.8404507436046613, 0.4638125847390911, 0.5, 0.5, 0.5, 0.5, 0.5, 0.5, 0.5, 0.5, 0.5, 0.5 * 0.5752520747741126, 0.0000000000000000, 0.0000000255390447, 0.0000000000000000, 0.0000000000000000, 0.0000000000056372, 0.0000000000000000, 0.0000000000000000, 0.0000000000000000, 0.8179761918711804 *   0
0.2152130418527932, 0.8175354492000935, 0.0817017392635819, 0.7521208882108894, 0.3761937373206922, 0.1212542714184403, 0.2449636511714028, 0.0261023473116114, 0.3004458324520131, 0.5, 0.5, 0.5, 0.5, 0.5, 0.5, 0.5, 0.5, 0.5, 0.5 * 1.0000000000000000, 0.0000000000000000, 0.0000000000000000, 0.0000000000000000, 0.0000000000000000, 0.0000000000000000, 0.0000000000006682, 0.0000000000000000, 0.0000000027975586, 0.0000000000000000 *   0
0.3680366307348183, 0.0291946609640469, 0.4587716555496546, 0.9944494673956416, 0.4706651891910775, 0.8869770238581006, 0.0788213997515018, 0.4129840840645992, 0.0576251703582821, 0.5, 0.5, 0.5, 0.5, 0.5, 0.5, 0.5, 0.5, 0.5, 0.5 * 0.6213675085355047, 0.0000000000000000, 0.0000000000000000, 0.0000000000000000, 0.0000060353911810, 0.0000000000000000, 0.7835192526670635, 0.0000000000000000, 0.0000000000000000, 0.0000000000000000 *   0
0.9927666145343178, 0.1407413874476875, 0.1178326048505644, 0.5912663967307966, 0.3925738397019793, 0.2971861158950190, 0.5377677602403647, 0.9497194983762314, 0.3408146697752246, 0.5, 0.5, 0.5, 0.5, 0.5, 0.5, 0.5, 0.5, 0.5, 0.5 * 0.7247791183460411, 0.0000000000000000, 0.0065444446238820, 0.0000000000000000, 0.0000000000000000, 0.0000000000000000, 0.0000000000000000, 0.0000000000000000, 0.0000000000000000, 0.6889502158023468 *   0
0.3987954311998540, 0.2278571278917869, 0.1544440263670143, 0.0005224426279415, 0.3609042872492710, 0.2658481203326248, 0.7841079569347705, 0.6464151272766363, 0.5789578229090934, 0.5, 0.5, 0.5, 0.5, 0.5, 0.5, 0.5, 0.5, 0.5, 0.5 * 1.0000000000000000, 0.0000000000000000, 0.0000000000000000, 0.0000000000430235, 0.0000000000000000, 0.0000000000000000, 0.0000000000000000, 0.0000000000000000, 0.0000000000000000, 0.0000000000000000 *   0
0.1932172957776195, 0.9083294565362527, 0.2856453840088310, 0.3135878445178214, 0.0934118810544777, 0.0937901637953660, 0.4087872004177362, 0.1312439507484641, 0.8869920004564300, 0.5, 0.5, 0.5, 0.5, 0.5, 0.5, 0.5, 0.5, 0.5, 0.5 * 0.9999999944586588, 0.0000097294923515, 0.0000000000000000, 0.0000000000000000, 0.0000000000000000, 0.0000000000000000, 0.0000000000000000, 0.0000000000000000, 0.0001048237535141, 0.0000000000000000 *   0
0.4021533547910645, 0.2727536197159223, 0.2848738787159668, 0.2623707178339226, 0.9582928679689267, 0.3665156221792640, 0.2139907573414923, 0.6630494276355251, 0.0424306639667743, 0.5, 0.5, 0.5, 0.5, 0.5, 0.5, 0.5, 0.5, 0.5, 0.5 * 0.9997540520846875, 0.0000000000000000, 0.0000000000000000, 0.0000000000000000, 0.0000000000000000, 0.0221773609847518, 0.0000000000000000, 0.0000000000000000, 0.0000000000000000, 0.0000000000000000 *   0
0.1146694175501677, 0.3430929907332608, 0.8136554862436165, 0.2553919438530654, 0.6150031334790416, 0.3944037232521939, 0.1514448645298578, 0.0233425442238071, 0.9891440309533589, 0.5, 0.5, 0.5, 0.5, 0.5, 0.5, 0.5, 0.5, 0.5, 0.5 * 0.8641593557555364, 0.5032182507224637, 0.0000000000000000, 0.0000000000000000, 0.0000000000000000, 0.0000000000000000, 0.0000000000000000, 0.0000000017385036, 0.0000000000000000, 0.0000000000000000 *   0
0.5858297942140278, 0.0817427151285776, 0.4393014248643543, 0.6932633596906733, 0.6100985857705113, 0.5016883483630085, 0.0008879937235676, 0.7395000582279172, 0.4139010666002990, 0.5, 0.5, 0.5, 0.5, 0.5, 0.5, 0.5, 0.5, 0.5, 0.5 * 1.0000000000000000, 0.0000000000000000, 0.0000000000001230, 0.0000000000000000, 0.0000000000000000, 0.0000000000000000, 0.0000000000000002, 0.0000000000000000, 0.0000000000000000, 0.0000000000000000 *   0
0.0869564912686853, 0.4254966873794313, 0.8098625497938425, 0.1901805611281565, 0.4875698441115999, 0.0825981842738568, 0.2256228766523408, 0.7325466949178590, 0.8858405681726712, 0.5, 0.5, 0.5, 0.5, 0.5, 0.5, 0.5, 0.5, 0.5, 0.5 * 0.9999999999634975, 0.0000085442987137, 0.0000000000000478, 0.0000000000000000, 0.0000000000000000, 0.0000000000000000, 0.0000000000000000, 0.0000000010895609, 0.0000000000000000, 0.0000000000000000 *   0
0.4357990820127535, 0.5002465315629945, 0.2800471057556789, 0.3138964675897250, 0.6869251721943380, 0.2620855789920714, 0.2180962000126467, 0.1740496448120333, 0.4373413480060833, 0.5, 0.5, 0.5, 0.5, 0.5, 0.5, 0.5, 0.5, 0.5, 0.5 * 1.0000000000000000, 0.0000000000000000, 0.0000000000000000, 0.0000000000000000, 0.0000000000000000, 0.0000000000000001, 0.0000000000000000, 0.0000000000000000, 0.0000000000000000, 0.0000000000000000 *   0
0.9437063978722815, 0.1977876304638514, 0.4773122130321861, 0.2197430488745417, 0.4308360649416391, 0.2818449052431830, 0.7972399721840583, 0.7309906462817409, 0.4851730286540338, 0.5, 0.5, 0.5, 0.5, 0.5, 0.5, 0.5, 0.5, 0.5, 0.5 * 0.9999885557113539, 0.0000000000000000, 0.0000000000000387, 0.0000000002264756, 0.0000000000000000, 0.0000000000000000, 0.0000000000000000, 0.0000000000000000, 0.0000000000000000, 0.0047841871117693 *   0
0.6580452028000938, 0.0367410076021873, 0.7553494948685865, 0.0945637482658791, 0.9648593705915192, 0.5512193136621356, 0.2664621529478869, 0.5297199173503182, 0.3943060428808937, 0.5, 0.5, 0.5, 0.5, 0.5, 0.5, 0.5, 0.5, 0.5, 0.5 * 0.9990362957063168, 0.0000000000000000, 0.0000000000000000, 0.0000000000000000, 0.0000000000000000, 0.0438916832828356, 0.0000000000000000, 0.0000000000010254, 0.0000000000000000, 0.0000000000000000 *   0
0.6366283998995220, 0.6971520975684524, 0.0746254693132944, 0.1241484047491794, 0.2687964389421029, 0.3873478609078321, 0.4159514910615755, 0.5840128867812515, 0.2463230869017183, 0.5, 0.5, 0.5, 0.5, 0.5, 0.5, 0.5, 0.5, 0.5, 0.5 * 1.0000000000000000, 0.0000000000000000, 0.0000000000000000, 0.0000000000000000, 0.0000000000000000, 0.0000000000000000, 0.0000000000000000, 0.0000000000000000, 0.0000000000000003, 0.0000000000000000 *   0
0.2991999533489346, 0.5981953398316145, 0.4870175898480311, 0.9124016374873005, 0.2336678221978563, 0.4465423093394107, 0.6915252328345204, 0.1047924496721441, 0.1444123695345653, 0.5, 0.5, 0.5, 0.5, 0.5, 0.5, 0.5, 0.5, 0.5, 0.5 * 0.9999999865593285, 0.0000000000000000, 0.0000000000000000, 0.0000000000000002, 0.0000000000000000, 0.0000000000000000, 0.0001639553068953, 0.0000000000000000, 0.0000000000000000, 0.0000000000000000 *   0
0.7789913480072242, 0.1289924495522829, 0.0162667576299360, 0.5500800337409973, 0.2260793383354691, 0.7631582947276339, 0.5218472418011386, 0.9542273469056131, 0.4247287490520295, 0.5, 0.5, 0.5, 0.5, 0.5, 0.5, 0.5, 0.5, 0.5, 0.5 * 0.9998949069747991, 0.0000000000000000, 0.0144974137644550, 0.0000000000000000, 0.0000000000028680, 0.0000000000000000, 0.0000000000000000, 0.0000000000000000, 0.0000000000000000, 0.0000000000223554 *   0
0.1607623673792753, 0.6175629662431604, 0.8244436605947295, 0.0565758128913938, 0.2462169473274690, 0.9674781439674450, 0.2799140286072688, 0.1918713488578197, 0.0832668887839033, 0.5, 0.5, 0.5, 0.5, 0.5, 0.5, 0.5, 0.5, 0.5, 0.5 * 0.9983430006454238, 0.0000000000000000, 0.0000000000000000, 0.0000000000000000, 0.0575434884438836, 0.0000000000000000, 0.0000000000000000, 0.0000000064896036, 0.0000000000000000, 0.0000000000000000 *   0
0.4321785561890241, 0.1562228697148258, 0.2750762832700630, 0.7670329887266425, 0.3169852370941011, 0.8926392495132234, 0.5914766488557107, 0.3735610499854949, 0.1388561968406924, 0.5, 0.5, 0.5, 0.5, 0.5, 0.5, 0.5, 0.5, 0.5, 0.5 * 0.9999999998315754, 0.0000000000000000, 0.0000000000000000, 0.0000000000000000, 0.0000183534524222, 0.0000000000000000, 0.0000000000047591, 0.0000000000000000, 0.0000000000000000, 0.0000000000000000 *   0
0.1294181538417088, 0.3767331989373701, 0.7145006273475013, 0.6476469615696216, 0.1545591685709354, 0.5981816573060033, 0.8443159055171143, 0.5936915802739987, 0.0676924814785330, 0.5, 0.5, 0.5, 0.5, 0.5, 0.5, 0.5, 0.5, 0.5, 0.5 * 0.9999999999999976, 0.0000000000000000, 0.0000000000000000, 0.0000000702452482, 0.0000000000000000, 0.0000000000000000, 0.0000000000000000, 0.0000000000000039, 0.0000000000000000, 0.0000000000000000 *   0
0.9722060081419563, 0.4827848554043029, 0.4591284405715431, 0.4306315548860615, 0.4418015333087191, 0.3869280928684995, 0.6534452548499430, 0.3275247706694178, 0.3170004204460422, 0.5, 0.5, 0.5, 0.5, 0.5, 0.5, 0.5, 0.5, 0.5, 0.5 * 0.9956091175684647, 0.0000000000000000, 0.0000000000000000, 0.0000000000000000, 0.0000000000000000, 0.0000000000000000, 0.0000000000000000, 0.0000000000000000, 0.0000000000000000, 0.0936081460907277 *   0
0.3172199429558683, 0.1071916935533246, 0.9122940916159629, 0.7978064114217677, 0.5340630847653668, 0.7651764898398782, 0.2756677257249447, 0.5661256059846494, 0.1404902665598738, 0.5, 0.5, 0.5, 0.5, 0.5, 0.5, 0.5, 0.5, 0.5, 0.5 * 0.9999999868724948, 0.0000000000000000, 0.0000000000000000, 0.0000000000000000, 0.0000000000037349, 0.0000000000000000, 0.0000000002431488, 0.0001620339785899, 0.0000000000000000, 0.0000000000000000 *   0
0.2819204401606323, 0.0383814070552501, 0.8765247379785984, 0.7248755300999039, 0.1950074314116535, 0.8787483232462538, 0.7921689924747539, 0.0358151598068956, 0.7319503425303615, 0.5, 0.5, 0.5, 0.5, 0.5, 0.5, 0.5, 0.5, 0.5, 0.5 * 0.9999999999882807, 0.0000000000000441, 0.0000000000000000, 0.0000000001196475, 0.0000038244660628, 0.0000000000000000, 0.0000000000000167, 0.0000029685039951, 0.0000000000000000, 0.0000000000000000 *   0
0.4728316159326730, 0.2887621495354744, 0.0061377198463947, 0.6064901764534834, 0.5431438784781583, 0.3615973532952356, 0.4467261989818542, 0.7172090833621142, 0.6498748067067354, 0.5, 0.5, 0.5, 0.5, 0.5, 0.5, 0.5, 0.5, 0.5, 0.5 * 1.0000000000000000, 0.0000000000000000, 0.0000000000000058, 0.0000000000000000, 0.0000000000000000, 0.0000000000000000, 0.0000000000000000, 0.0000000000000000, 0.0000000000000000, 0.0000000000000000 *   0
0.5716443413736505, 0.3127223915945377, 0.2918030863123960, 0.3152164478391485, 0.8589752264595475, 0.5651052028709581, 0.1711373492940969, 0.5228103420337711, 0.1726457598491785, 0.5, 0.5, 0.5, 0.5, 0.5, 0.5, 0.5, 0.5, 0.5, 0.5 * 0.9999999999999228, 0.0000000000000000, 0.0000000000000000, 0.0000000000000000, 0.0000000000000000, 0.0000003928110876, 0.0000000000000000, 0.0000000000000000, 0.0000000000000000, 0.0000000000000000 *   0
0.1672616583142717, 0.2013313864363969, 0.3563765656931216, 0.2453460377852181, 0.8784216902583939, 0.5328943769135021, 0.2772468474121982, 0.3693607050782818, 0.8350110155693307, 0.5, 0.5, 0.5, 0.5, 0.5, 0.5, 0.5, 0.5, 0.5, 0.5 * 0.9999999999932105, 0.0000000231921150, 0.0000000000000000, 0.0000000000000000, 0.0000000000000000, 0.0000036848937856, 0.0000000000000000, 0.0000000000000000, 0.0000000000000000, 0.0000000000000000 *   0
0.1058770018191435, 0.2966021407845440, 0.6806211498010071, 0.8115635792778635, 0.2614420700173090, 0.4951307957503622, 0.8187374127184681, 0.8630415140013403, 0.3202258186974683, 0.5, 0.5, 0.5, 0.5, 0.5, 0.5, 0.5, 0.5, 0.5, 0.5 * 0.9999999999998016, 0.0000000000000000, 0.0000006299245596, 0.0000000032402871, 0.0000000000000000, 0.0000000000000000, 0.0000000013439242, 0.0000000000000000, 0.0000000000000000, 0.0000000000000000 *   0
0.5583631543248720, 0.0320071708560023, 0.9794530672856854, 0.9503729068443053, 0.8111986703291529, 0.5240774278175446, 0.3102826351813425, 0.4579590970920208, 0.5008483666464911, 0.5, 0.5, 0.5, 0.5, 0.5, 0.5, 0.5, 0.5, 0.5, 0.5 * 0.9806108202829701, 0.0000000000000000, 0.0000000000000000, 0.0000000000000000, 0.0000000000000000, 0.0000000012599101, 0.0094849446169737, 0.1957356762820043, 0.0000000000000000, 0.0000000000000000 *   0
0.2814660031727823, 0.4937784566980686, 0.1296450072571845, 0.8849314352892951, 0.8121056690868482, 0.1582295774287682, 0.8763884291408529, 0.0658072349921834, 0.5304780576985693, 0.5, 0.5, 0.5, 0.5, 0.5, 0.5, 0.5, 0.5, 0.5, 0.5 * 0.9999999999660031, 0.0000000000000000, 0.0000000000000000, 0.0000029226941849, 0.0000000000000000, 0.0000000014367265, 0.0000077104930948, 0.0000000000000000, 0.0000000000000000, 0.0000000000000000 *   0
0.3762911485397681, 0.8233475302454771, 0.6968270864788569, 0.9034368888956666, 0.3173230394336037, 0.2554195938889960, 0.6653937449051970, 0.1660452835103708, 0.4000475888140721, 0.5, 0.5, 0.5, 0.5, 0.5, 0.5, 0.5, 0.5, 0.5, 0.5 * 0.9999999981345927, 0.0000000000000000, 0.0000000000000000, 0.0000000000000000, 0.0000000000000000, 0.0000000000000000, 0.0000610803947604, 0.0000000000000003, 0.0000000056811805, 0.0000000000000000 *   0
0.4195212970578677, 0.6840422040242898, 0.6065733267956289, 0.8025148589175729, 0.2940940876929528, 0.2304842123903726, 0.9027175032080699, 0.5540207780683510, 0.3077735073434997, 0.5, 0.5, 0.5, 0.5, 0.5, 0.5, 0.5, 0.5, 0.5, 0.5 * 0.9999999984093215, 0.0000000000000000, 0.0000000000000000, 0.0000564035195580, 0.0000000000000000, 0.0000000000000000, 0.0000000004379536, 0.0000000000000000, 0.0000000000000001, 0.0000000000000000 *   0
0.9968577609382838, 0.6547511404635157, 0.9410595120587664, 0.2670110521218791, 0.6050349122868082, 0.2797783181442778, 0.1143446672308932, 0.6243383729012396, 0.6841817045045000, 0.5, 0.5, 0.5, 0.5, 0.5, 0.5, 0.5, 0.5, 0.5, 0.5 * 0.4115199097147308, 0.0000000000000000, 0.0000000000000000, 0.0000000000000000, 0.0000000000000000, 0.0000000000000000, 0.0000000000000000, 0.0014866936990148, 0.0000000000000000, 0.9113995576311331 *   0
0.4545380023562061, 0.6723738022485626, 0.9338303431560426, 0.5989503718907714, 0.8372608478354574, 0.0727715958248692, 0.6957171334399456, 0.2560825786814478, 0.2701532916492565, 0.5, 0.5, 0.5, 0.5, 0.5, 0.5, 0.5, 0.5, 0.5, 0.5 * 0.9999986042554277, 0.0000000000000000, 0.0000000000000000, 0.0000000000000003, 0.0000000000000000, 0.0000000303527177, 0.0000000000000000, 0.0016707744299030, 0.0000000000000000, 0.0000000000000000 *   0
0.8665600208875537, 0.8976308144152308, 0.0371850207621162, 0.7535520208783224, 0.1104192613206894, 0.6821290402124306, 0.3515627376509657, 0.4460540993353604, 0.0841583284009985, 0.5, 0.5, 0.5, 0.5, 0.5, 0.5, 0.5, 0.5, 0.5, 0.5 * 0.9999999994857923, 0.0000000000000000, 0.0000000000000000, 0.0000000000000000, 0.0000000000000000, 0.0000000000000000, 0.0000000000008081, 0.0000000000000000, 0.0000320549546060, 0.0000009462039510 *   0
0.8574932961992423, 0.8149891583318771, 0.8013221178209978, 0.3978479203758053, 0.4382592199548423, 0.1182174245446070, 0.9263968569815144, 0.0873378799703614, 0.6017270118937488, 0.5, 0.5, 0.5, 0.5, 0.5, 0.5, 0.5, 0.5, 0.5, 0.5 * 0.9999997177562004, 0.0000000000000000, 0.0000000000000000, 0.0007513237719529, 0.0000000000000000, 0.0000000000000000, 0.0000000000000000, 0.0000000003774269, 0.0000000020478730, 0.0000003305165589 *   0
0.5447886942628718, 0.0173721965483260, 0.8260660287114168, 0.9448362835426053, 0.4556342211811031, 0.9699448486650106, 0.4662026155116980, 0.3014872564475458, 0.6367595142856052, 0.5, 0.5, 0.5, 0.5, 0.5, 0.5, 0.5, 0.5, 0.5, 0.5 * 0.9972286188764810, 0.0000000000000000, 0.0000000000000000, 0.0000000000000000, 0.0742024581483722, 0.0000000000000000, 0.0053922999216859, 0.0000000078994368, 0.0000000000000000, 0.0000000000000000 *   0
0.8509784340164523, 0.3219005997860341, 0.6279915006030311, 0.5504125913374185, 0.4139292041835977, 0.6843839863708168, 0.9072123947121261, 0.9826023317792464, 0.0609558224961887, 0.5, 0.5, 0.5, 0.5, 0.5, 0.5, 0.5, 0.5, 0.5, 0.5 * 0.9633480635345881, 0.0000000000000000, 0.2682545430991101, 0.0000926866928697, 0.0000000000000001, 0.0000000000000000, 0.0000000000000000, 0.0000000000000000, 0.0000000000000000, 0.0000001541612721 *   0
0.4939755096537878, 0.5585925078758004, 0.7619568560095303, 0.8487222440767671, 0.1446279949250761, 0.7728682797275802, 0.9778335369088843, 0.1213187436206819, 0.4075910110993269, 0.5, 0.5, 0.5, 0.5, 0.5, 0.5, 0.5, 0.5, 0.5, 0.5 * 0.9860945092881144, 0.0000000000000000, 0.0000000000000000, 0.1661854950103014, 0.0000000000101547, 0.0000000000000000, 0.0000001182165682, 0.0000000000024500, 0.0000000000000000, 0.0000000000000000 *   0
0.3157527513409745, 0.8380304206339784, 0.4597255608345036, 0.4140176667897113, 0.0896395338185316, 0.7507718856217209, 0.9617549963117368, 0.2404878527114577, 0.4739967665979624, 0.5, 0.5, 0.5, 0.5, 0.5, 0.5, 0.5, 0.5, 0.5, 0.5 * 0.9994941015308164, 0.0000000000000000, 0.0000000000000000, 0.0318047324325333, 0.0000000000005584, 0.0000000000000000, 0.0000000000000000, 0.0000000000000000, 0.0000000332734830, 0.0000000000000000 *   0
0.0187158640561234, 0.9991651945743548, 0.4240246757045503, 0.1683878294045049, 0.7781565421159177, 0.5530171252568332, 0.1846545870344409, 0.3282365753912537, 0.7790964635923022, 0.5, 0.5, 0.5, 0.5, 0.5, 0.5, 0.5, 0.5, 0.5, 0.5 * 0.1255250496238027, 0.0000000000028443, 0.0000000000000000, 0.0000000000000000, 0.0000000000000000, 0.0000000000025209, 0.0000000000000000, 0.0000000000000000, 0.9920904504715998, 0.0000000000000000 *   0
0.9502837722889538, 0.3387188065511728, 0.8473336155746755, 0.0193034601487701, 0.4044033863602222, 0.7366337667855591, 0.6975622273504558, 0.9438097965641924, 0.6994341573209660, 0.5, 0.5, 0.5, 0.5, 0.5, 0.5, 0.5, 0.5, 0.5, 0.5 * 0.9999423967564437, 0.0000000000000005, 0.0048366686831711, 0.0000000000000004, 0.0000000000000834, 0.0000000000000000, 0.0000000000000000, 0.0000001003560492, 0.0000000000000000, 0.0095817433183224 *   0
0.2017056081451968, 0.8692566495711248, 0.7608312339339550, 0.0285840798302479, 0.1932708626581686, 0.8586941290920107, 0.5796716141419819, 0.4355876731852012, 0.4293886397170781, 0.5, 0.5, 0.5, 0.5, 0.5, 0.5, 0.5, 0.5, 0.5, 0.5 * 0.9999999999990944, 0.0000000000000000, 0.0000000000000000, 0.0000000000000000, 0.0000003801624694, 0.0000000000000000, 0.0000000000000000, 0.0000000000021133, 0.0000012909874993, 0.0000000000000000 *   0
0.2763425415737287, 0.8290724339099007, 0.6075572830660070, 0.9671367048132870, 0.7139490161621705, 0.3059995757909489, 0.1562817972881169, 0.4494724145389499, 0.8992392057083730, 0.5, 0.5, 0.5, 0.5, 0.5, 0.5, 0.5, 0.5, 0.5, 0.5 * 0.9984559144399962, 0.0000382800154798, 0.0000000000000000, 0.0000000000000000, 0.0000000000000000, 0.0000000000000036, 0.0555498465743280, 0.0000000000000000, 0.0000000113597145, 0.0000000000000000 *   0
0.3776510699548065, 0.4030300185098453, 0.9002076251898927, 0.9191930852454123, 0.8056681825805773, 0.4446853205769720, 0.5177251196083265, 0.8948239399561770, 0.4805864684658993, 0.5, 0.5, 0.5, 0.5, 0.5, 0.5, 0.5, 0.5, 0.5, 0.5 * 0.9999999395814810, 0.0000000000000000, 0.0000234357745992, 0.0000000000000000, 0.0000000000000000, 0.0000000006482479, 0.0003441872143555, 0.0000426961393210, 0.0000000000000000, 0.0000000000000000 *   0
0.2866988071644208, 0.9016360756483097, 0.1114429720265060, 0.6109208202040386, 0.4741165318871460, 0.7050043538701741, 0.1909904364454516, 0.8236792785225805, 0.3523919071780480, 0.5, 0.5, 0.5, 0.5, 0.5, 0.5, 0.5, 0.5, 0.5, 0.5 * 0.9999999987483994, 0.0000000000000000, 0.0000000059147164, 0.0000000000000000, 0.0000000000000010, 0.0000000000000000, 0.0000000000000000, 0.0000000000000000, 0.0000500320024203, 0.0000000000000000 *   0
