0.99999, 0.20433, 0.5, 0.5, 0.5, 0.5, 0.5, 0.5, 0.5, 0.5, 0.5, 0.5 * 0.00001, 0.00001, 1.00000 *   0
0.99999, 0.25511, 0.5, 0.5, 0.5, 0.5, 0.5, 0.5, 0.5, 0.5, 0.5, 0.5 * 0.00001, 0.00001, 1.00000 *   0
0.99997, 0.46411, 0.5, 0.5, 0.5, 0.5, 0.5, 0.5, 0.5, 0.5, 0.5, 0.5 * 0.00003, 0.00003, 1.00000 *   0
0.99995, 0.46870, 0.5, 0.5, 0.5, 0.5, 0.5, 0.5, 0.5, 0.5, 0.5, 0.5 * 0.00006, 0.00006, 1.00000 *   0
0.99989, 0.29799, 0.5, 0.5, 0.5, 0.5, 0.5, 0.5, 0.5, 0.5, 0.5, 0.5 * 0.00012, 0.00012, 1.00000 *   0
0.99972, 0.57020, 0.5, 0.5, 0.5, 0.5, 0.5, 0.5, 0.5, 0.5, 0.5, 0.5 * 0.00031, 0.00031, 1.00000 *   0
0.99971, 0.86547, 0.5, 0.5, 0.5, 0.5, 0.5, 0.5, 0.5, 0.5, 0.5, 0.5 * 0.00032, 0.00032, 1.00000 *   0
0.99967, 0.28484, 0.5, 0.5, 0.5, 0.5, 0.5, 0.5, 0.5, 0.5, 0.5, 0.5 * 0.00037, 0.00037, 1.00000 *   0
0.99947, 0.06903, 0.5, 0.5, 0.5, 0.5, 0.5, 0.5, 0.5, 0.5, 0.5, 0.5 * 0.00059, 0.00059, 1.00000 *   0
0.99942, 0.72731, 0.5, 0.5, 0.5, 0.5, 0.5, 0.5, 0.5, 0.5, 0.5, 0.5 * 0.00064, 0.00064, 1.00000 *   0
0.99941, 0.36835, 0.5, 0.5, 0.5, 0.5, 0.5, 0.5, 0.5, 0.5, 0.5, 0.5 * 0.00066, 0.00066, 1.00000 *   0
0.99928, 0.07900, 0.5, 0.5, 0.5, 0.5, 0.5, 0.5, 0.5, 0.5, 0.5, 0.5 * 0.00080, 0.00080, 1.00000 *   0
0.99926, 0.10344, 0.5, 0.5, 0.5, 0.5, 0.5, 0.5, 0.5, 0.5, 0.5, 0.5 * 0.00082, 0.00082, 1.00000 *   0
0.99915, 0.05704, 0.5, 0.5, 0.5, 0.5, 0.5, 0.5, 0.5, 0.5, 0.5, 0.5 * 0.00094, 0.00094, 1.00000 *   0
0.99915, 0.95136, 0.5, 0.5, 0.5, 0.5, 0.5, 0.5, 0.5, 0.5, 0.5, 0.5 * 0.00094, 0.00094, 1.00000 *   0
0.99887, 0.82445, 0.5, 0.5, 0.5, 0.5, 0.5, 0.5, 0.5, 0.5, 0.5, 0.5 * 0.00126, 0.00126, 1.00000 *   0
0.99883, 0.63528, 0.5, 0.5, 0.5, 0.5, 0.5, 0.5, 0.5, 0.5, 0.5, 0.5 * 0.00130, 0.00130, 1.00000 *   0
0.99880, 0.14286, 0.5, 0.5, 0.5, 0.5, 0.5, 0.5, 0.5, 0.5, 0.5, 0.5 * 0.00133, 0.00133, 1.00000 *   0
0.99870, 0.62125, 0.5, 0.5, 0.5, 0.5, 0.5, 0.5, 0.5, 0.5, 0.5, 0.5 * 0.00144, 0.00144, 1.00000 *   0
0.99867, 0.69532, 0.5, 0.5, 0.5, 0.5, 0.5, 0.5, 0.5, 0.5, 0.5, 0.5 * 0.00148, 0.00148, 1.00000 *   0
0.99862, 0.85634, 0.5, 0.5, 0.5, 0.5, 0.5, 0.5, 0.5, 0.5, 0.5, 0.5 * 0.00153, 0.00153, 1.00000 *   0
0.99848, 0.18242, 0.5, 0.5, 0.5, 0.5, 0.5, 0.5, 0.5, 0.5, 0.5, 0.5 * 0.00169, 0.00169, 1.00000 *   0
0.99844, 0.00138, 0.5, 0.5, 0.5, 0.5, 0.5, 0.5, 0.5, 0.5, 0.5, 0.5 * 0.00173, 0.00173, 1.00000 *   0
0.99844, 0.76217, 0.5, 0.5, 0.5, 0.5, 0.5, 0.5, 0.5, 0.5, 0.5, 0.5 * 0.00173, 0.00173, 1.00000 *   0
0.99843, 0.83073, 0.5, 0.5, 0.5, 0.5, 0.5, 0.5, 0.5, 0.5, 0.5, 0.5 * 0.00174, 0.00174, 1.00000 *   0
0.99841, 0.95930, 0.5, 0.5, 0.5, 0.5, 0.5, 0.5, 0.5, 0.5, 0.5, 0.5 * 0.00177, 0.00177, 1.00000 *   0
0.99839, 0.29510, 0.5, 0.5, 0.5, 0.5, 0.5, 0.5, 0.5, 0.5, 0.5, 0.5 * 0.00179, 0.00179, 1.00000 *   0
0.99837, 0.05763, 0.5, 0.5, 0.5, 0.5, 0.5, 0.5, 0.5, 0.5, 0.5, 0.5 * 0.00181, 0.00181, 1.00000 *   0
0.99826, 0.85798, 0.5, 0.5, 0.5, 0.5, 0.5, 0.5, 0.5, 0.5, 0.5, 0.5 * 0.00193, 0.00193, 1.00000 *   0
0.99824, 0.38480, 0.5, 0.5, 0.5, 0.5, 0.5, 0.5, 0.5, 0.5, 0.5, 0.5 * 0.00195, 0.00195, 1.00000 *   0
0.99783, 0.94540, 0.5, 0.5, 0.5, 0.5, 0.5, 0.5, 0.5, 0.5, 0.5, 0.5 * 0.00241, 0.00241, 0.99999 *   0
0.99756, 0.77220, 0.5, 0.5, 0.5, 0.5, 0.5, 0.5, 0.5, 0.5, 0.5, 0.5 * 0.00271, 0.00271, 0.99999 *   0
0.99752, 0.07272, 0.5, 0.5, 0.5, 0.5, 0.5, 0.5, 0.5, 0.5, 0.5, 0.5 * 0.00275, 0.00275, 0.99999 *   0
0.99745, 0.86522, 0.5, 0.5, 0.5, 0.5, 0.5, 0.5, 0.5, 0.5, 0.5, 0.5 * 0.00283, 0.00283, 0.99999 *   0
0.99721, 0.71479, 0.5, 0.5, 0.5, 0.5, 0.5, 0.5, 0.5, 0.5, 0.5, 0.5 * 0.00310, 0.00310, 0.99999 *   0
0.99714, 0.75872, 0.5, 0.5, 0.5, 0.5, 0.5, 0.5, 0.5, 0.5, 0.5, 0.5 * 0.00318, 0.00318, 0.99999 *   0
0.99711, 0.18680, 0.5, 0.5, 0.5, 0.5, 0.5, 0.5, 0.5, 0.5, 0.5, 0.5 * 0.00321, 0.00321, 0.99999 *   0
0.99693, 0.28197, 0.5, 0.5, 0.5, 0.5, 0.5, 0.5, 0.5, 0.5, 0.5, 0.5 * 0.00341, 0.00341, 0.99999 *   0
0.99682, 0.50751, 0.5, 0.5, 0.5, 0.5, 0.5, 0.5, 0.5, 0.5, 0.5, 0.5 * 0.00353, 0.00353, 0.99999 *   0
0.99670, 0.27319, 0.5, 0.5, 0.5, 0.5, 0.5, 0.5, 0.5, 0.5, 0.5, 0.5 * 0.00367, 0.00367, 0.99999 *   0
0.99657, 0.79657, 0.5, 0.5, 0.5, 0.5, 0.5, 0.5, 0.5, 0.5, 0.5, 0.5 * 0.00381, 0.00381, 0.99999 *   0
0.99644, 0.22640, 0.5, 0.5, 0.5, 0.5, 0.5, 0.5, 0.5, 0.5, 0.5, 0.5 * 0.00395, 0.00395, 0.99998 *   0
0.99644, 0.06008, 0.5, 0.5, 0.5, 0.5, 0.5, 0.5, 0.5, 0.5, 0.5, 0.5 * 0.00395, 0.00395, 0.99998 *   0
0.99641, 0.24394, 0.5, 0.5, 0.5, 0.5, 0.5, 0.5, 0.5, 0.5, 0.5, 0.5 * 0.00399, 0.00399, 0.99998 *   0
0.99639, 0.87149, 0.5, 0.5, 0.5, 0.5, 0.5, 0.5, 0.5, 0.5, 0.5, 0.5 * 0.00401, 0.00401, 0.99998 *   0
0.99625, 0.91410, 0.5, 0.5, 0.5, 0.5, 0.5, 0.5, 0.5, 0.5, 0.5, 0.5 * 0.00417, 0.00417, 0.99998 *   0
0.99619, 0.28201, 0.5, 0.5, 0.5, 0.5, 0.5, 0.5, 0.5, 0.5, 0.5, 0.5 * 0.00423, 0.00423, 0.99998 *   0
0.99619, 0.73070, 0.5, 0.5, 0.5, 0.5, 0.5, 0.5, 0.5, 0.5, 0.5, 0.5 * 0.00423, 0.00423, 0.99998 *   0
0.99617, 0.11734, 0.5, 0.5, 0.5, 0.5, 0.5, 0.5, 0.5, 0.5, 0.5, 0.5 * 0.00425, 0.00425, 0.99998 *   0
0.99616, 0.35268, 0.5, 0.5, 0.5, 0.5, 0.5, 0.5, 0.5, 0.5, 0.5, 0.5 * 0.00427, 0.00427, 0.99998 *   0
0.99613, 0.56695, 0.5, 0.5, 0.5, 0.5, 0.5, 0.5, 0.5, 0.5, 0.5, 0.5 * 0.00430, 0.00430, 0.99998 *   0
0.99613, 0.41952, 0.5, 0.5, 0.5, 0.5, 0.5, 0.5, 0.5, 0.5, 0.5, 0.5 * 0.00430, 0.00430, 0.99998 *   0
0.99603, 0.66154, 0.5, 0.5, 0.5, 0.5, 0.5, 0.5, 0.5, 0.5, 0.5, 0.5 * 0.00441, 0.00441, 0.99998 *   0
0.99572, 0.09349, 0.5, 0.5, 0.5, 0.5, 0.5, 0.5, 0.5, 0.5, 0.5, 0.5 * 0.00475, 0.00475, 0.99998 *   0
0.99570, 0.77044, 0.5, 0.5, 0.5, 0.5, 0.5, 0.5, 0.5, 0.5, 0.5, 0.5 * 0.00478, 0.00478, 0.99998 *   0
0.99559, 0.35008, 0.5, 0.5, 0.5, 0.5, 0.5, 0.5, 0.5, 0.5, 0.5, 0.5 * 0.00490, 0.00490, 0.99998 *   0
0.99549, 0.54059, 0.5, 0.5, 0.5, 0.5, 0.5, 0.5, 0.5, 0.5, 0.5, 0.5 * 0.00501, 0.00501, 0.99997 *   0
0.99527, 0.94385, 0.5, 0.5, 0.5, 0.5, 0.5, 0.5, 0.5, 0.5, 0.5, 0.5 * 0.00525, 0.00525, 0.99997 *   0
0.99466, 0.89011, 0.5, 0.5, 0.5, 0.5, 0.5, 0.5, 0.5, 0.5, 0.5, 0.5 * 0.00593, 0.00593, 0.99996 *   0
0.99461, 0.30310, 0.5, 0.5, 0.5, 0.5, 0.5, 0.5, 0.5, 0.5, 0.5, 0.5 * 0.00599, 0.00599, 0.99996 *   0
0.99460, 0.62641, 0.5, 0.5, 0.5, 0.5, 0.5, 0.5, 0.5, 0.5, 0.5, 0.5 * 0.00600, 0.00600, 0.99996 *   0
0.99453, 0.72243, 0.5, 0.5, 0.5, 0.5, 0.5, 0.5, 0.5, 0.5, 0.5, 0.5 * 0.00608, 0.00608, 0.99996 *   0
0.99451, 0.06033, 0.5, 0.5, 0.5, 0.5, 0.5, 0.5, 0.5, 0.5, 0.5, 0.5 * 0.00610, 0.00610, 0.99996 *   0
0.99443, 0.87218, 0.5, 0.5, 0.5, 0.5, 0.5, 0.5, 0.5, 0.5, 0.5, 0.5 * 0.00619, 0.00619, 0.99996 *   0
0.99432, 0.30116, 0.5, 0.5, 0.5, 0.5, 0.5, 0.5, 0.5, 0.5, 0.5, 0.5 * 0.00631, 0.00631, 0.99996 *   0
0.99413, 0.92096, 0.5, 0.5, 0.5, 0.5, 0.5, 0.5, 0.5, 0.5, 0.5, 0.5 * 0.00652, 0.00652, 0.99996 *   0
0.99387, 0.19813, 0.5, 0.5, 0.5, 0.5, 0.5, 0.5, 0.5, 0.5, 0.5, 0.5 * 0.00681, 0.00681, 0.99995 *   0
0.99361, 0.44530, 0.5, 0.5, 0.5, 0.5, 0.5, 0.5, 0.5, 0.5, 0.5, 0.5 * 0.00710, 0.00710, 0.99995 *   0
0.99332, 0.00648, 0.5, 0.5, 0.5, 0.5, 0.5, 0.5, 0.5, 0.5, 0.5, 0.5 * 0.00742, 0.00742, 0.99994 *   0
0.99326, 0.53006, 0.5, 0.5, 0.5, 0.5, 0.5, 0.5, 0.5, 0.5, 0.5, 0.5 * 0.00749, 0.00749, 0.99994 *   0
0.99311, 0.71138, 0.5, 0.5, 0.5, 0.5, 0.5, 0.5, 0.5, 0.5, 0.5, 0.5 * 0.00765, 0.00765, 0.99994 *   0
0.99288, 0.15124, 0.5, 0.5, 0.5, 0.5, 0.5, 0.5, 0.5, 0.5, 0.5, 0.5 * 0.00791, 0.00791, 0.99994 *   0
0.99266, 0.64901, 0.5, 0.5, 0.5, 0.5, 0.5, 0.5, 0.5, 0.5, 0.5, 0.5 * 0.00815, 0.00815, 0.99993 *   0
0.99249, 0.46993, 0.5, 0.5, 0.5, 0.5, 0.5, 0.5, 0.5, 0.5, 0.5, 0.5 * 0.00834, 0.00834, 0.99993 *   0
0.99244, 0.12090, 0.5, 0.5, 0.5, 0.5, 0.5, 0.5, 0.5, 0.5, 0.5, 0.5 * 0.00840, 0.00840, 0.99993 *   0
0.99129, 0.72171, 0.5, 0.5, 0.5, 0.5, 0.5, 0.5, 0.5, 0.5, 0.5, 0.5 * 0.00967, 0.00967, 0.99991 *   0
0.99129, 0.10824, 0.5, 0.5, 0.5, 0.5, 0.5, 0.5, 0.5, 0.5, 0.5, 0.5 * 0.00967, 0.00967, 0.99991 *   0
0.99128, 0.72910, 0.5, 0.5, 0.5, 0.5, 0.5, 0.5, 0.5, 0.5, 0.5, 0.5 * 0.00969, 0.00969, 0.99991 *   0
0.99125, 0.21047, 0.5, 0.5, 0.5, 0.5, 0.5, 0.5, 0.5, 0.5, 0.5, 0.5 * 0.00972, 0.00972, 0.99991 *   0
0.99116, 0.42882, 0.5, 0.5, 0.5, 0.5, 0.5, 0.5, 0.5, 0.5, 0.5, 0.5 * 0.00982, 0.00982, 0.99990 *   0
0.99110, 0.96726, 0.5, 0.5, 0.5, 0.5, 0.5, 0.5, 0.5, 0.5, 0.5, 0.5 * 0.00989, 0.00989, 0.99990 *   0
0.99058, 0.47603, 0.5, 0.5, 0.5, 0.5, 0.5, 0.5, 0.5, 0.5, 0.5, 0.5 * 0.01046, 0.01046, 0.99989 *   0
0.98987, 0.17481, 0.5, 0.5, 0.5, 0.5, 0.5, 0.5, 0.5, 0.5, 0.5, 0.5 * 0.01125, 0.01125, 0.99987 *   0
0.98984, 0.17486, 0.5, 0.5, 0.5, 0.5, 0.5, 0.5, 0.5, 0.5, 0.5, 0.5 * 0.01128, 0.01128, 0.99987 *   0
0.98929, 0.02499, 0.5, 0.5, 0.5, 0.5, 0.5, 0.5, 0.5, 0.5, 0.5, 0.5 * 0.01190, 0.01190, 0.99986 *   0
0.98883, 0.31603, 0.5, 0.5, 0.5, 0.5, 0.5, 0.5, 0.5, 0.5, 0.5, 0.5 * 0.01241, 0.01241, 0.99985 *   0
0.98871, 0.29728, 0.5, 0.5, 0.5, 0.5, 0.5, 0.5, 0.5, 0.5, 0.5, 0.5 * 0.01254, 0.01254, 0.99984 *   0
0.98855, 0.41288, 0.5, 0.5, 0.5, 0.5, 0.5, 0.5, 0.5, 0.5, 0.5, 0.5 * 0.01272, 0.01272, 0.99984 *   0
0.98839, 0.25047, 0.5, 0.5, 0.5, 0.5, 0.5, 0.5, 0.5, 0.5, 0.5, 0.5 * 0.01289, 0.01289, 0.99983 *   0
0.98814, 0.21114, 0.5, 0.5, 0.5, 0.5, 0.5, 0.5, 0.5, 0.5, 0.5, 0.5 * 0.01317, 0.01317, 0.99983 *   0
0.98808, 0.35248, 0.5, 0.5, 0.5, 0.5, 0.5, 0.5, 0.5, 0.5, 0.5, 0.5 * 0.01324, 0.01324, 0.99982 *   0
0.98767, 0.09199, 0.5, 0.5, 0.5, 0.5, 0.5, 0.5, 0.5, 0.5, 0.5, 0.5 * 0.01369, 0.01369, 0.99981 *   0
0.98724, 0.20763, 0.5, 0.5, 0.5, 0.5, 0.5, 0.5, 0.5, 0.5, 0.5, 0.5 * 0.01417, 0.01417, 0.99980 *   0
0.98700, 0.23910, 0.5, 0.5, 0.5, 0.5, 0.5, 0.5, 0.5, 0.5, 0.5, 0.5 * 0.01444, 0.01444, 0.99979 *   0
0.98616, 0.43333, 0.5, 0.5, 0.5, 0.5, 0.5, 0.5, 0.5, 0.5, 0.5, 0.5 * 0.01537, 0.01537, 0.99976 *   0
0.98565, 0.73994, 0.5, 0.5, 0.5, 0.5, 0.5, 0.5, 0.5, 0.5, 0.5, 0.5 * 0.01594, 0.01594, 0.99975 *   0
0.98565, 0.60535, 0.5, 0.5, 0.5, 0.5, 0.5, 0.5, 0.5, 0.5, 0.5, 0.5 * 0.01594, 0.01594, 0.99975 *   0
0.98544, 0.70069, 0.5, 0.5, 0.5, 0.5, 0.5, 0.5, 0.5, 0.5, 0.5, 0.5 * 0.01617, 0.01617, 0.99974 *   0
0.98510, 0.07598, 0.5, 0.5, 0.5, 0.5, 0.5, 0.5, 0.5, 0.5, 0.5, 0.5 * 0.01655, 0.01655, 0.99973 *   0
0.98507, 0.65013, 0.5, 0.5, 0.5, 0.5, 0.5, 0.5, 0.5, 0.5, 0.5, 0.5 * 0.01658, 0.01658, 0.99973 *   0
0.98482, 0.42886, 0.5, 0.5, 0.5, 0.5, 0.5, 0.5, 0.5, 0.5, 0.5, 0.5 * 0.01686, 0.01686, 0.99972 *   0
0.98455, 0.04032, 0.5, 0.5, 0.5, 0.5, 0.5, 0.5, 0.5, 0.5, 0.5, 0.5 * 0.01716, 0.01716, 0.99971 *   0
0.98420, 0.54635, 0.5, 0.5, 0.5, 0.5, 0.5, 0.5, 0.5, 0.5, 0.5, 0.5 * 0.01755, 0.01755, 0.99969 *   0
0.98405, 0.67985, 0.5, 0.5, 0.5, 0.5, 0.5, 0.5, 0.5, 0.5, 0.5, 0.5 * 0.01771, 0.01771, 0.99969 *   0
0.98404, 0.32969, 0.5, 0.5, 0.5, 0.5, 0.5, 0.5, 0.5, 0.5, 0.5, 0.5 * 0.01773, 0.01773, 0.99969 *   0
0.98396, 0.58994, 0.5, 0.5, 0.5, 0.5, 0.5, 0.5, 0.5, 0.5, 0.5, 0.5 * 0.01781, 0.01781, 0.99968 *   0
0.98385, 0.30619, 0.5, 0.5, 0.5, 0.5, 0.5, 0.5, 0.5, 0.5, 0.5, 0.5 * 0.01794, 0.01794, 0.99968 *   0
0.98377, 0.14674, 0.5, 0.5, 0.5, 0.5, 0.5, 0.5, 0.5, 0.5, 0.5, 0.5 * 0.01803, 0.01803, 0.99968 *   0
0.98288, 0.63529, 0.5, 0.5, 0.5, 0.5, 0.5, 0.5, 0.5, 0.5, 0.5, 0.5 * 0.01901, 0.01901, 0.99964 *   0
0.98208, 0.51720, 0.5, 0.5, 0.5, 0.5, 0.5, 0.5, 0.5, 0.5, 0.5, 0.5 * 0.01990, 0.01990, 0.99960 *   0
0.98207, 0.92136, 0.5, 0.5, 0.5, 0.5, 0.5, 0.5, 0.5, 0.5, 0.5, 0.5 * 0.01991, 0.01991, 0.99960 *   0
0.98177, 0.81182, 0.5, 0.5, 0.5, 0.5, 0.5, 0.5, 0.5, 0.5, 0.5, 0.5 * 0.02025, 0.02025, 0.99959 *   0
0.98143, 0.79501, 0.5, 0.5, 0.5, 0.5, 0.5, 0.5, 0.5, 0.5, 0.5, 0.5 * 0.02062, 0.02062, 0.99957 *   0
0.98125, 0.16469, 0.5, 0.5, 0.5, 0.5, 0.5, 0.5, 0.5, 0.5, 0.5, 0.5 * 0.02082, 0.02082, 0.99957 *   0
0.98056, 0.43948, 0.5, 0.5, 0.5, 0.5, 0.5, 0.5, 0.5, 0.5, 0.5, 0.5 * 0.02159, 0.02159, 0.99953 *   0
0.98040, 0.75028, 0.5, 0.5, 0.5, 0.5, 0.5, 0.5, 0.5, 0.5, 0.5, 0.5 * 0.02177, 0.02177, 0.99953 *   0
0.97998, 0.05855, 0.5, 0.5, 0.5, 0.5, 0.5, 0.5, 0.5, 0.5, 0.5, 0.5 * 0.02223, 0.02223, 0.99951 *   0
0.97992, 0.25153, 0.5, 0.5, 0.5, 0.5, 0.5, 0.5, 0.5, 0.5, 0.5, 0.5 * 0.02230, 0.02230, 0.99950 *   0
0.97992, 0.51313, 0.5, 0.5, 0.5, 0.5, 0.5, 0.5, 0.5, 0.5, 0.5, 0.5 * 0.02230, 0.02230, 0.99950 *   0
0.97969, 0.34310, 0.5, 0.5, 0.5, 0.5, 0.5, 0.5, 0.5, 0.5, 0.5, 0.5 * 0.02255, 0.02255, 0.99949 *   0
0.97958, 0.28450, 0.5, 0.5, 0.5, 0.5, 0.5, 0.5, 0.5, 0.5, 0.5, 0.5 * 0.02268, 0.02268, 0.99949 *   0
0.97934, 0.27446, 0.5, 0.5, 0.5, 0.5, 0.5, 0.5, 0.5, 0.5, 0.5, 0.5 * 0.02294, 0.02294, 0.99947 *   0
0.97921, 0.77174, 0.5, 0.5, 0.5, 0.5, 0.5, 0.5, 0.5, 0.5, 0.5, 0.5 * 0.02309, 0.02309, 0.99947 *   0
0.97900, 0.43015, 0.5, 0.5, 0.5, 0.5, 0.5, 0.5, 0.5, 0.5, 0.5, 0.5 * 0.02332, 0.02332, 0.99946 *   0
0.97888, 0.42592, 0.5, 0.5, 0.5, 0.5, 0.5, 0.5, 0.5, 0.5, 0.5, 0.5 * 0.02345, 0.02345, 0.99945 *   0
0.97861, 0.16691, 0.5, 0.5, 0.5, 0.5, 0.5, 0.5, 0.5, 0.5, 0.5, 0.5 * 0.02375, 0.02375, 0.99944 *   0
0.97834, 0.81214, 0.5, 0.5, 0.5, 0.5, 0.5, 0.5, 0.5, 0.5, 0.5, 0.5 * 0.02405, 0.02405, 0.99942 *   0
0.97792, 0.49599, 0.5, 0.5, 0.5, 0.5, 0.5, 0.5, 0.5, 0.5, 0.5, 0.5 * 0.02452, 0.02452, 0.99940 *   0
0.97746, 0.01208, 0.5, 0.5, 0.5, 0.5, 0.5, 0.5, 0.5, 0.5, 0.5, 0.5 * 0.02503, 0.02503, 0.99937 *   0
0.97742, 0.73445, 0.5, 0.5, 0.5, 0.5, 0.5, 0.5, 0.5, 0.5, 0.5, 0.5 * 0.02507, 0.02507, 0.99937 *   0
0.97710, 0.15218, 0.5, 0.5, 0.5, 0.5, 0.5, 0.5, 0.5, 0.5, 0.5, 0.5 * 0.02543, 0.02543, 0.99935 *   0
0.97663, 0.96115, 0.5, 0.5, 0.5, 0.5, 0.5, 0.5, 0.5, 0.5, 0.5, 0.5 * 0.02595, 0.02595, 0.99933 *   0
0.97643, 0.31104, 0.5, 0.5, 0.5, 0.5, 0.5, 0.5, 0.5, 0.5, 0.5, 0.5 * 0.02617, 0.02617, 0.99931 *   0
0.97523, 0.38792, 0.5, 0.5, 0.5, 0.5, 0.5, 0.5, 0.5, 0.5, 0.5, 0.5 * 0.02751, 0.02751, 0.99924 *   0
0.97495, 0.19487, 0.5, 0.5, 0.5, 0.5, 0.5, 0.5, 0.5, 0.5, 0.5, 0.5 * 0.02782, 0.02782, 0.99923 *   0
0.97458, 0.64422, 0.5, 0.5, 0.5, 0.5, 0.5, 0.5, 0.5, 0.5, 0.5, 0.5 * 0.02823, 0.02823, 0.99920 *   0
0.97418, 0.67370, 0.5, 0.5, 0.5, 0.5, 0.5, 0.5, 0.5, 0.5, 0.5, 0.5 * 0.02867, 0.02867, 0.99918 *   0
0.97358, 0.43315, 0.5, 0.5, 0.5, 0.5, 0.5, 0.5, 0.5, 0.5, 0.5, 0.5 * 0.02934, 0.02934, 0.99914 *   0
0.97350, 0.59562, 0.5, 0.5, 0.5, 0.5, 0.5, 0.5, 0.5, 0.5, 0.5, 0.5 * 0.02943, 0.02943, 0.99913 *   0
0.97315, 0.41504, 0.5, 0.5, 0.5, 0.5, 0.5, 0.5, 0.5, 0.5, 0.5, 0.5 * 0.02981, 0.02981, 0.99911 *   0
0.97282, 0.91320, 0.5, 0.5, 0.5, 0.5, 0.5, 0.5, 0.5, 0.5, 0.5, 0.5 * 0.03018, 0.03018, 0.99909 *   0
0.97250, 0.14111, 0.5, 0.5, 0.5, 0.5, 0.5, 0.5, 0.5, 0.5, 0.5, 0.5 * 0.03054, 0.03054, 0.99907 *   0
0.97030, 0.62676, 0.5, 0.5, 0.5, 0.5, 0.5, 0.5, 0.5, 0.5, 0.5, 0.5 * 0.03298, 0.03298, 0.99891 *   0
0.96869, 0.84779, 0.5, 0.5, 0.5, 0.5, 0.5, 0.5, 0.5, 0.5, 0.5, 0.5 * 0.03476, 0.03476, 0.99879 *   0
0.96784, 0.09131, 0.5, 0.5, 0.5, 0.5, 0.5, 0.5, 0.5, 0.5, 0.5, 0.5 * 0.03571, 0.03571, 0.99872 *   0
0.96778, 0.14665, 0.5, 0.5, 0.5, 0.5, 0.5, 0.5, 0.5, 0.5, 0.5, 0.5 * 0.03577, 0.03577, 0.99872 *   0
0.96685, 0.68878, 0.5, 0.5, 0.5, 0.5, 0.5, 0.5, 0.5, 0.5, 0.5, 0.5 * 0.03680, 0.03680, 0.99864 *   0
0.96676, 0.48978, 0.5, 0.5, 0.5, 0.5, 0.5, 0.5, 0.5, 0.5, 0.5, 0.5 * 0.03690, 0.03690, 0.99864 *   0
0.96654, 0.01344, 0.5, 0.5, 0.5, 0.5, 0.5, 0.5, 0.5, 0.5, 0.5, 0.5 * 0.03715, 0.03715, 0.99862 *   0
0.96619, 0.23273, 0.5, 0.5, 0.5, 0.5, 0.5, 0.5, 0.5, 0.5, 0.5, 0.5 * 0.03754, 0.03754, 0.99859 *   0
0.96618, 0.20260, 0.5, 0.5, 0.5, 0.5, 0.5, 0.5, 0.5, 0.5, 0.5, 0.5 * 0.03755, 0.03755, 0.99859 *   0
0.96499, 0.37657, 0.5, 0.5, 0.5, 0.5, 0.5, 0.5, 0.5, 0.5, 0.5, 0.5 * 0.03887, 0.03887, 0.99849 *   0
0.96484, 0.12961, 0.5, 0.5, 0.5, 0.5, 0.5, 0.5, 0.5, 0.5, 0.5, 0.5 * 0.03903, 0.03903, 0.99848 *   0
0.96414, 0.42033, 0.5, 0.5, 0.5, 0.5, 0.5, 0.5, 0.5, 0.5, 0.5, 0.5 * 0.03981, 0.03981, 0.99841 *   0
0.96399, 0.98254, 0.5, 0.5, 0.5, 0.5, 0.5, 0.5, 0.5, 0.5, 0.5, 0.5 * 0.03998, 0.03998, 0.99840 *   0
0.96374, 0.39306, 0.5, 0.5, 0.5, 0.5, 0.5, 0.5, 0.5, 0.5, 0.5, 0.5 * 0.04025, 0.04025, 0.99838 *   0
0.96276, 0.96768, 0.5, 0.5, 0.5, 0.5, 0.5, 0.5, 0.5, 0.5, 0.5, 0.5 * 0.04134, 0.04134, 0.99829 *   0
0.96263, 0.15902, 0.5, 0.5, 0.5, 0.5, 0.5, 0.5, 0.5, 0.5, 0.5, 0.5 * 0.04148, 0.04148, 0.99828 *   0
0.96250, 0.53682, 0.5, 0.5, 0.5, 0.5, 0.5, 0.5, 0.5, 0.5, 0.5, 0.5 * 0.04163, 0.04163, 0.99827 *   0
0.96245, 0.00160, 0.5, 0.5, 0.5, 0.5, 0.5, 0.5, 0.5, 0.5, 0.5, 0.5 * 0.04168, 0.04168, 0.99826 *   0
0.96230, 0.12705, 0.5, 0.5, 0.5, 0.5, 0.5, 0.5, 0.5, 0.5, 0.5, 0.5 * 0.04185, 0.04185, 0.99825 *   0
0.96200, 0.09223, 0.5, 0.5, 0.5, 0.5, 0.5, 0.5, 0.5, 0.5, 0.5, 0.5 * 0.04218, 0.04218, 0.99822 *   0
0.96173, 0.39355, 0.5, 0.5, 0.5, 0.5, 0.5, 0.5, 0.5, 0.5, 0.5, 0.5 * 0.04248, 0.04248, 0.99819 *   0
0.96171, 0.54350, 0.5, 0.5, 0.5, 0.5, 0.5, 0.5, 0.5, 0.5, 0.5, 0.5 * 0.04250, 0.04250, 0.99819 *   0
0.96170, 0.17956, 0.5, 0.5, 0.5, 0.5, 0.5, 0.5, 0.5, 0.5, 0.5, 0.5 * 0.04251, 0.04251, 0.99819 *   0
0.96133, 0.32174, 0.5, 0.5, 0.5, 0.5, 0.5, 0.5, 0.5, 0.5, 0.5, 0.5 * 0.04293, 0.04293, 0.99816 *   0
0.96101, 0.71297, 0.5, 0.5, 0.5, 0.5, 0.5, 0.5, 0.5, 0.5, 0.5, 0.5 * 0.04328, 0.04328, 0.99813 *   0
0.96062, 0.29258, 0.5, 0.5, 0.5, 0.5, 0.5, 0.5, 0.5, 0.5, 0.5, 0.5 * 0.04371, 0.04371, 0.99809 *   0
0.96001, 0.71509, 0.5, 0.5, 0.5, 0.5, 0.5, 0.5, 0.5, 0.5, 0.5, 0.5 * 0.04439, 0.04439, 0.99803 *   0
0.95985, 0.35723, 0.5, 0.5, 0.5, 0.5, 0.5, 0.5, 0.5, 0.5, 0.5, 0.5 * 0.04457, 0.04457, 0.99801 *   0
0.95969, 0.05870, 0.5, 0.5, 0.5, 0.5, 0.5, 0.5, 0.5, 0.5, 0.5, 0.5 * 0.04474, 0.04474, 0.99800 *   0
0.95950, 0.62915, 0.5, 0.5, 0.5, 0.5, 0.5, 0.5, 0.5, 0.5, 0.5, 0.5 * 0.04495, 0.04495, 0.99798 *   0
0.95941, 0.26671, 0.5, 0.5, 0.5, 0.5, 0.5, 0.5, 0.5, 0.5, 0.5, 0.5 * 0.04505, 0.04505, 0.99797 *   0
0.95939, 0.15820, 0.5, 0.5, 0.5, 0.5, 0.5, 0.5, 0.5, 0.5, 0.5, 0.5 * 0.04508, 0.04508, 0.99797 *   0
0.95932, 0.16758, 0.5, 0.5, 0.5, 0.5, 0.5, 0.5, 0.5, 0.5, 0.5, 0.5 * 0.04515, 0.04515, 0.99796 *   0
0.95853, 0.17135, 0.5, 0.5, 0.5, 0.5, 0.5, 0.5, 0.5, 0.5, 0.5, 0.5 * 0.04603, 0.04603, 0.99788 *   0
0.95813, 0.03563, 0.5, 0.5, 0.5, 0.5, 0.5, 0.5, 0.5, 0.5, 0.5, 0.5 * 0.04647, 0.04647, 0.99784 *   0
0.95797, 0.59316, 0.5, 0.5, 0.5, 0.5, 0.5, 0.5, 0.5, 0.5, 0.5, 0.5 * 0.04665, 0.04665, 0.99782 *   0
0.95737, 0.53159, 0.5, 0.5, 0.5, 0.5, 0.5, 0.5, 0.5, 0.5, 0.5, 0.5 * 0.04731, 0.04731, 0.99776 *   0
0.95714, 0.29702, 0.5, 0.5, 0.5, 0.5, 0.5, 0.5, 0.5, 0.5, 0.5, 0.5 * 0.04757, 0.04757, 0.99773 *   0
0.95711, 0.17028, 0.5, 0.5, 0.5, 0.5, 0.5, 0.5, 0.5, 0.5, 0.5, 0.5 * 0.04760, 0.04760, 0.99773 *   0
0.95711, 0.26872, 0.5, 0.5, 0.5, 0.5, 0.5, 0.5, 0.5, 0.5, 0.5, 0.5 * 0.04760, 0.04760, 0.99773 *   0
0.95677, 0.91834, 0.5, 0.5, 0.5, 0.5, 0.5, 0.5, 0.5, 0.5, 0.5, 0.5 * 0.04798, 0.04798, 0.99770 *   0
0.95675, 0.40549, 0.5, 0.5, 0.5, 0.5, 0.5, 0.5, 0.5, 0.5, 0.5, 0.5 * 0.04800, 0.04800, 0.99769 *   0
0.95639, 0.60643, 0.5, 0.5, 0.5, 0.5, 0.5, 0.5, 0.5, 0.5, 0.5, 0.5 * 0.04840, 0.04840, 0.99765 *   0
0.95588, 0.19689, 0.5, 0.5, 0.5, 0.5, 0.5, 0.5, 0.5, 0.5, 0.5, 0.5 * 0.04897, 0.04897, 0.99760 *   0
0.95464, 0.52809, 0.5, 0.5, 0.5, 0.5, 0.5, 0.5, 0.5, 0.5, 0.5, 0.5 * 0.05034, 0.05034, 0.99746 *   0
0.95463, 0.95227, 0.5, 0.5, 0.5, 0.5, 0.5, 0.5, 0.5, 0.5, 0.5, 0.5 * 0.05035, 0.05035, 0.99746 *   0
0.95215, 0.13740, 0.5, 0.5, 0.5, 0.5, 0.5, 0.5, 0.5, 0.5, 0.5, 0.5 * 0.05310, 0.05310, 0.99718 *   0
0.95167, 0.53761, 0.5, 0.5, 0.5, 0.5, 0.5, 0.5, 0.5, 0.5, 0.5, 0.5 * 0.05363, 0.05363, 0.99712 *   0
0.95159, 0.39422, 0.5, 0.5, 0.5, 0.5, 0.5, 0.5, 0.5, 0.5, 0.5, 0.5 * 0.05372, 0.05372, 0.99711 *   0
0.94942, 0.27824, 0.5, 0.5, 0.5, 0.5, 0.5, 0.5, 0.5, 0.5, 0.5, 0.5 * 0.05612, 0.05612, 0.99685 *   0
0.94872, 0.99100, 0.5, 0.5, 0.5, 0.5, 0.5, 0.5, 0.5, 0.5, 0.5, 0.5 * 0.05690, 0.05690, 0.99676 *   0
0.94848, 0.85132, 0.5, 0.5, 0.5, 0.5, 0.5, 0.5, 0.5, 0.5, 0.5, 0.5 * 0.05716, 0.05716, 0.99673 *   0
0.94792, 0.09075, 0.5, 0.5, 0.5, 0.5, 0.5, 0.5, 0.5, 0.5, 0.5, 0.5 * 0.05778, 0.05778, 0.99666 *   0
0.94783, 0.19185, 0.5, 0.5, 0.5, 0.5, 0.5, 0.5, 0.5, 0.5, 0.5, 0.5 * 0.05788, 0.05788, 0.99664 *   0
0.94745, 0.11146, 0.5, 0.5, 0.5, 0.5, 0.5, 0.5, 0.5, 0.5, 0.5, 0.5 * 0.05830, 0.05830, 0.99660 *   0
0.94611, 0.36507, 0.5, 0.5, 0.5, 0.5, 0.5, 0.5, 0.5, 0.5, 0.5, 0.5 * 0.05979, 0.05979, 0.99642 *   0
0.94328, 0.80805, 0.5, 0.5, 0.5, 0.5, 0.5, 0.5, 0.5, 0.5, 0.5, 0.5 * 0.06292, 0.06292, 0.99603 *   0
0.94049, 0.22691, 0.5, 0.5, 0.5, 0.5, 0.5, 0.5, 0.5, 0.5, 0.5, 0.5 * 0.06600, 0.06600, 0.99563 *   0
0.93989, 0.01573, 0.5, 0.5, 0.5, 0.5, 0.5, 0.5, 0.5, 0.5, 0.5, 0.5 * 0.06667, 0.06667, 0.99555 *   0
0.93867, 0.99449, 0.5, 0.5, 0.5, 0.5, 0.5, 0.5, 0.5, 0.5, 0.5, 0.5 * 0.06802, 0.06802, 0.99536 *   0
0.93734, 0.13744, 0.5, 0.5, 0.5, 0.5, 0.5, 0.5, 0.5, 0.5, 0.5, 0.5 * 0.06949, 0.06949, 0.99516 *   0
0.93473, 0.95577, 0.5, 0.5, 0.5, 0.5, 0.5, 0.5, 0.5, 0.5, 0.5, 0.5 * 0.07237, 0.07237, 0.99475 *   0
0.93472, 0.14659, 0.5, 0.5, 0.5, 0.5, 0.5, 0.5, 0.5, 0.5, 0.5, 0.5 * 0.07238, 0.07238, 0.99475 *   0
0.93272, 0.22599, 0.5, 0.5, 0.5, 0.5, 0.5, 0.5, 0.5, 0.5, 0.5, 0.5 * 0.07459, 0.07459, 0.99442 *   0
0.93252, 0.95478, 0.5, 0.5, 0.5, 0.5, 0.5, 0.5, 0.5, 0.5, 0.5, 0.5 * 0.07481, 0.07481, 0.99439 *   0
0.93196, 0.02505, 0.5, 0.5, 0.5, 0.5, 0.5, 0.5, 0.5, 0.5, 0.5, 0.5 * 0.07543, 0.07543, 0.99429 *   0
0.92846, 0.70858, 0.5, 0.5, 0.5, 0.5, 0.5, 0.5, 0.5, 0.5, 0.5, 0.5 * 0.07929, 0.07929, 0.99369 *   0
0.92734, 0.85931, 0.5, 0.5, 0.5, 0.5, 0.5, 0.5, 0.5, 0.5, 0.5, 0.5 * 0.08053, 0.08053, 0.99349 *   0
0.92696, 0.77977, 0.5, 0.5, 0.5, 0.5, 0.5, 0.5, 0.5, 0.5, 0.5, 0.5 * 0.08095, 0.08095, 0.99343 *   0
0.92688, 0.98122, 0.5, 0.5, 0.5, 0.5, 0.5, 0.5, 0.5, 0.5, 0.5, 0.5 * 0.08104, 0.08104, 0.99341 *   0
0.92570, 0.92373, 0.5, 0.5, 0.5, 0.5, 0.5, 0.5, 0.5, 0.5, 0.5, 0.5 * 0.08234, 0.08234, 0.99320 *   0
0.92459, 0.61721, 0.5, 0.5, 0.5, 0.5, 0.5, 0.5, 0.5, 0.5, 0.5, 0.5 * 0.08356, 0.08356, 0.99299 *   0
0.92434, 0.08920, 0.5, 0.5, 0.5, 0.5, 0.5, 0.5, 0.5, 0.5, 0.5, 0.5 * 0.08384, 0.08384, 0.99295 *   0
0.92401, 0.93621, 0.5, 0.5, 0.5, 0.5, 0.5, 0.5, 0.5, 0.5, 0.5, 0.5 * 0.08420, 0.08420, 0.99288 *   0
0.92341, 0.29305, 0.5, 0.5, 0.5, 0.5, 0.5, 0.5, 0.5, 0.5, 0.5, 0.5 * 0.08487, 0.08487, 0.99277 *   0
0.92307, 0.19521, 0.5, 0.5, 0.5, 0.5, 0.5, 0.5, 0.5, 0.5, 0.5, 0.5 * 0.08524, 0.08524, 0.99271 *   0
0.92291, 0.29347, 0.5, 0.5, 0.5, 0.5, 0.5, 0.5, 0.5, 0.5, 0.5, 0.5 * 0.08542, 0.08542, 0.99268 *   0
0.92159, 0.83748, 0.5, 0.5, 0.5, 0.5, 0.5, 0.5, 0.5, 0.5, 0.5, 0.5 * 0.08687, 0.08687, 0.99242 *   0
0.92134, 0.37038, 0.5, 0.5, 0.5, 0.5, 0.5, 0.5, 0.5, 0.5, 0.5, 0.5 * 0.08715, 0.08715, 0.99238 *   0
0.92011, 0.55022, 0.5, 0.5, 0.5, 0.5, 0.5, 0.5, 0.5, 0.5, 0.5, 0.5 * 0.08850, 0.08850, 0.99214 *   0
0.91956, 0.34555, 0.5, 0.5, 0.5, 0.5, 0.5, 0.5, 0.5, 0.5, 0.5, 0.5 * 0.08911, 0.08911, 0.99203 *   0
0.91848, 0.29944, 0.5, 0.5, 0.5, 0.5, 0.5, 0.5, 0.5, 0.5, 0.5, 0.5 * 0.09030, 0.09030, 0.99181 *   0
0.91804, 0.52675, 0.5, 0.5, 0.5, 0.5, 0.5, 0.5, 0.5, 0.5, 0.5, 0.5 * 0.09078, 0.09078, 0.99172 *   0
0.91696, 0.91692, 0.5, 0.5, 0.5, 0.5, 0.5, 0.5, 0.5, 0.5, 0.5, 0.5 * 0.09197, 0.09197, 0.99150 *   0
0.91689, 0.19455, 0.5, 0.5, 0.5, 0.5, 0.5, 0.5, 0.5, 0.5, 0.5, 0.5 * 0.09205, 0.09205, 0.99149 *   0
0.91395, 0.18577, 0.5, 0.5, 0.5, 0.5, 0.5, 0.5, 0.5, 0.5, 0.5, 0.5 * 0.09529, 0.09529, 0.99088 *   0
0.91392, 0.28827, 0.5, 0.5, 0.5, 0.5, 0.5, 0.5, 0.5, 0.5, 0.5, 0.5 * 0.09532, 0.09532, 0.99087 *   0
0.91365, 0.81042, 0.5, 0.5, 0.5, 0.5, 0.5, 0.5, 0.5, 0.5, 0.5, 0.5 * 0.09562, 0.09562, 0.99082 *   0
0.91264, 0.87037, 0.5, 0.5, 0.5, 0.5, 0.5, 0.5, 0.5, 0.5, 0.5, 0.5 * 0.09673, 0.09673, 0.99060 *   0
0.91240, 0.13943, 0.5, 0.5, 0.5, 0.5, 0.5, 0.5, 0.5, 0.5, 0.5, 0.5 * 0.09699, 0.09699, 0.99055 *   0
0.91211, 0.85458, 0.5, 0.5, 0.5, 0.5, 0.5, 0.5, 0.5, 0.5, 0.5, 0.5 * 0.09731, 0.09731, 0.99049 *   0
0.91123, 0.28716, 0.5, 0.5, 0.5, 0.5, 0.5, 0.5, 0.5, 0.5, 0.5, 0.5 * 0.09828, 0.09828, 0.99029 *   0
0.91002, 0.29976, 0.5, 0.5, 0.5, 0.5, 0.5, 0.5, 0.5, 0.5, 0.5, 0.5 * 0.09961, 0.09961, 0.99003 *   0
0.90890, 0.95019, 0.5, 0.5, 0.5, 0.5, 0.5, 0.5, 0.5, 0.5, 0.5, 0.5 * 0.10084, 0.10084, 0.98978 *   0
0.90857, 0.60303, 0.5, 0.5, 0.5, 0.5, 0.5, 0.5, 0.5, 0.5, 0.5, 0.5 * 0.10120, 0.10120, 0.98970 *   0
0.90637, 0.19200, 0.5, 0.5, 0.5, 0.5, 0.5, 0.5, 0.5, 0.5, 0.5, 0.5 * 0.10362, 0.10362, 0.98920 *   0
0.90531, 0.16246, 0.5, 0.5, 0.5, 0.5, 0.5, 0.5, 0.5, 0.5, 0.5, 0.5 * 0.10479, 0.10479, 0.98896 *   0
0.90430, 0.66735, 0.5, 0.5, 0.5, 0.5, 0.5, 0.5, 0.5, 0.5, 0.5, 0.5 * 0.10590, 0.10590, 0.98872 *   0
0.90407, 0.07271, 0.5, 0.5, 0.5, 0.5, 0.5, 0.5, 0.5, 0.5, 0.5, 0.5 * 0.10615, 0.10615, 0.98867 *   0
0.90248, 0.23619, 0.5, 0.5, 0.5, 0.5, 0.5, 0.5, 0.5, 0.5, 0.5, 0.5 * 0.10789, 0.10789, 0.98829 *   0
0.90096, 0.33718, 0.5, 0.5, 0.5, 0.5, 0.5, 0.5, 0.5, 0.5, 0.5, 0.5 * 0.10956, 0.10956, 0.98792 *   0
0.90048, 0.34975, 0.5, 0.5, 0.5, 0.5, 0.5, 0.5, 0.5, 0.5, 0.5, 0.5 * 0.11009, 0.11009, 0.98781 *   0
0.89961, 0.37778, 0.5, 0.5, 0.5, 0.5, 0.5, 0.5, 0.5, 0.5, 0.5, 0.5 * 0.11104, 0.11104, 0.98759 *   0
0.89337, 0.66529, 0.5, 0.5, 0.5, 0.5, 0.5, 0.5, 0.5, 0.5, 0.5, 0.5 * 0.11788, 0.11788, 0.98601 *   0
0.89317, 0.13104, 0.5, 0.5, 0.5, 0.5, 0.5, 0.5, 0.5, 0.5, 0.5, 0.5 * 0.11810, 0.11810, 0.98595 *   0
0.89313, 0.18274, 0.5, 0.5, 0.5, 0.5, 0.5, 0.5, 0.5, 0.5, 0.5, 0.5 * 0.11815, 0.11815, 0.98594 *   0
0.89155, 0.22735, 0.5, 0.5, 0.5, 0.5, 0.5, 0.5, 0.5, 0.5, 0.5, 0.5 * 0.11988, 0.11988, 0.98553 *   0
0.88925, 0.49791, 0.5, 0.5, 0.5, 0.5, 0.5, 0.5, 0.5, 0.5, 0.5, 0.5 * 0.12239, 0.12239, 0.98491 *   0
0.88766, 0.42630, 0.5, 0.5, 0.5, 0.5, 0.5, 0.5, 0.5, 0.5, 0.5, 0.5 * 0.12413, 0.12413, 0.98447 *   0
0.88665, 0.17258, 0.5, 0.5, 0.5, 0.5, 0.5, 0.5, 0.5, 0.5, 0.5, 0.5 * 0.12524, 0.12524, 0.98419 *   0
0.88557, 0.82829, 0.5, 0.5, 0.5, 0.5, 0.5, 0.5, 0.5, 0.5, 0.5, 0.5 * 0.12642, 0.12642, 0.98389 *   0
0.88533, 0.38004, 0.5, 0.5, 0.5, 0.5, 0.5, 0.5, 0.5, 0.5, 0.5, 0.5 * 0.12668, 0.12668, 0.98382 *   0
0.88470, 0.63493, 0.5, 0.5, 0.5, 0.5, 0.5, 0.5, 0.5, 0.5, 0.5, 0.5 * 0.12737, 0.12737, 0.98364 *   0
0.88470, 0.52774, 0.5, 0.5, 0.5, 0.5, 0.5, 0.5, 0.5, 0.5, 0.5, 0.5 * 0.12737, 0.12737, 0.98364 *   0
0.88143, 0.19222, 0.5, 0.5, 0.5, 0.5, 0.5, 0.5, 0.5, 0.5, 0.5, 0.5 * 0.13094, 0.13094, 0.98271 *   0
0.87916, 0.61728, 0.5, 0.5, 0.5, 0.5, 0.5, 0.5, 0.5, 0.5, 0.5, 0.5 * 0.13341, 0.13341, 0.98204 *   0
0.86662, 0.27675, 0.5, 0.5, 0.5, 0.5, 0.5, 0.5, 0.5, 0.5, 0.5, 0.5 * 0.14707, 0.14707, 0.97813 *   0
0.86648, 0.78275, 0.5, 0.5, 0.5, 0.5, 0.5, 0.5, 0.5, 0.5, 0.5, 0.5 * 0.14722, 0.14722, 0.97809 *   0
0.86341, 0.77732, 0.5, 0.5, 0.5, 0.5, 0.5, 0.5, 0.5, 0.5, 0.5, 0.5 * 0.15055, 0.15055, 0.97707 *   0
0.85710, 0.92019, 0.5, 0.5, 0.5, 0.5, 0.5, 0.5, 0.5, 0.5, 0.5, 0.5 * 0.15739, 0.15739, 0.97491 *   0
0.85388, 0.81848, 0.5, 0.5, 0.5, 0.5, 0.5, 0.5, 0.5, 0.5, 0.5, 0.5 * 0.16088, 0.16088, 0.97377 *   0
0.85386, 0.95957, 0.5, 0.5, 0.5, 0.5, 0.5, 0.5, 0.5, 0.5, 0.5, 0.5 * 0.16090, 0.16090, 0.97377 *   0
0.84381, 0.45472, 0.5, 0.5, 0.5, 0.5, 0.5, 0.5, 0.5, 0.5, 0.5, 0.5 * 0.17175, 0.17175, 0.97005 *   0
0.84009, 0.75704, 0.5, 0.5, 0.5, 0.5, 0.5, 0.5, 0.5, 0.5, 0.5, 0.5 * 0.17575, 0.17575, 0.96862 *   0
0.83976, 0.67955, 0.5, 0.5, 0.5, 0.5, 0.5, 0.5, 0.5, 0.5, 0.5, 0.5 * 0.17611, 0.17611, 0.96849 *   0
0.83709, 0.70685, 0.5, 0.5, 0.5, 0.5, 0.5, 0.5, 0.5, 0.5, 0.5, 0.5 * 0.17898, 0.17898, 0.96744 *   0
0.83539, 0.64719, 0.5, 0.5, 0.5, 0.5, 0.5, 0.5, 0.5, 0.5, 0.5, 0.5 * 0.18081, 0.18081, 0.96676 *   0
0.83376, 0.18941, 0.5, 0.5, 0.5, 0.5, 0.5, 0.5, 0.5, 0.5, 0.5, 0.5 * 0.18255, 0.18255, 0.96610 *   0
0.83216, 0.74308, 0.5, 0.5, 0.5, 0.5, 0.5, 0.5, 0.5, 0.5, 0.5, 0.5 * 0.18427, 0.18427, 0.96545 *   0
0.82173, 0.50507, 0.5, 0.5, 0.5, 0.5, 0.5, 0.5, 0.5, 0.5, 0.5, 0.5 * 0.19543, 0.19543, 0.96105 *   0
0.81168, 0.16889, 0.5, 0.5, 0.5, 0.5, 0.5, 0.5, 0.5, 0.5, 0.5, 0.5 * 0.20613, 0.20613, 0.95657 *   0
0.81068, 0.95145, 0.5, 0.5, 0.5, 0.5, 0.5, 0.5, 0.5, 0.5, 0.5, 0.5 * 0.20720, 0.20720, 0.95611 *   0
0.80658, 0.73972, 0.5, 0.5, 0.5, 0.5, 0.5, 0.5, 0.5, 0.5, 0.5, 0.5 * 0.21155, 0.21155, 0.95420 *   0
0.80064, 0.42592, 0.5, 0.5, 0.5, 0.5, 0.5, 0.5, 0.5, 0.5, 0.5, 0.5 * 0.21783, 0.21783, 0.95137 *   0
0.79819, 0.43741, 0.5, 0.5, 0.5, 0.5, 0.5, 0.5, 0.5, 0.5, 0.5, 0.5 * 0.22042, 0.22042, 0.95017 *   0
0.79545, 0.65582, 0.5, 0.5, 0.5, 0.5, 0.5, 0.5, 0.5, 0.5, 0.5, 0.5 * 0.22331, 0.22331, 0.94882 *   0
0.79417, 0.47052, 0.5, 0.5, 0.5, 0.5, 0.5, 0.5, 0.5, 0.5, 0.5, 0.5 * 0.22466, 0.22466, 0.94819 *   0
0.79074, 0.89582, 0.5, 0.5, 0.5, 0.5, 0.5, 0.5, 0.5, 0.5, 0.5, 0.5 * 0.22827, 0.22827, 0.94646 *   0
0.78962, 0.04177, 0.5, 0.5, 0.5, 0.5, 0.5, 0.5, 0.5, 0.5, 0.5, 0.5 * 0.22944, 0.22944, 0.94589 *   0
0.77134, 0.97288, 0.5, 0.5, 0.5, 0.5, 0.5, 0.5, 0.5, 0.5, 0.5, 0.5 * 0.24855, 0.24855, 0.93619 *   0
0.76372, 0.24750, 0.5, 0.5, 0.5, 0.5, 0.5, 0.5, 0.5, 0.5, 0.5, 0.5 * 0.25646, 0.25646, 0.93191 *   0
0.74894, 0.48010, 0.5, 0.5, 0.5, 0.5, 0.5, 0.5, 0.5, 0.5, 0.5, 0.5 * 0.27169, 0.27169, 0.92324 *   0
0.74551, 0.45005, 0.5, 0.5, 0.5, 0.5, 0.5, 0.5, 0.5, 0.5, 0.5, 0.5 * 0.27520, 0.27520, 0.92116 *   0
0.74330, 0.42399, 0.5, 0.5, 0.5, 0.5, 0.5, 0.5, 0.5, 0.5, 0.5, 0.5 * 0.27746, 0.27746, 0.91980 *   0
0.73520, 0.27342, 0.5, 0.5, 0.5, 0.5, 0.5, 0.5, 0.5, 0.5, 0.5, 0.5 * 0.28571, 0.28571, 0.91473 *   0
0.72398, 0.40974, 0.5, 0.5, 0.5, 0.5, 0.5, 0.5, 0.5, 0.5, 0.5, 0.5 * 0.29707, 0.29707, 0.90747 *   0
0.71667, 0.18621, 0.5, 0.5, 0.5, 0.5, 0.5, 0.5, 0.5, 0.5, 0.5, 0.5 * 0.30441, 0.30441, 0.90259 *   0
0.71375, 0.51659, 0.5, 0.5, 0.5, 0.5, 0.5, 0.5, 0.5, 0.5, 0.5, 0.5 * 0.30734, 0.30734, 0.90060 *   0
0.71193, 0.45707, 0.5, 0.5, 0.5, 0.5, 0.5, 0.5, 0.5, 0.5, 0.5, 0.5 * 0.30916, 0.30916, 0.89936 *   0
0.70753, 0.90833, 0.5, 0.5, 0.5, 0.5, 0.5, 0.5, 0.5, 0.5, 0.5, 0.5 * 0.31355, 0.31355, 0.89631 *   0
0.69831, 0.65657, 0.5, 0.5, 0.5, 0.5, 0.5, 0.5, 0.5, 0.5, 0.5, 0.5 * 0.32269, 0.32269, 0.88980 *   0
0.68818, 0.93207, 0.5, 0.5, 0.5, 0.5, 0.5, 0.5, 0.5, 0.5, 0.5, 0.5 * 0.33266, 0.33266, 0.88242 *   0
0.66763, 0.11962, 0.5, 0.5, 0.5, 0.5, 0.5, 0.5, 0.5, 0.5, 0.5, 0.5 * 0.35263, 0.35263, 0.86678 *   0
0.63498, 0.36768, 0.5, 0.5, 0.5, 0.5, 0.5, 0.5, 0.5, 0.5, 0.5, 0.5 * 0.38358, 0.38358, 0.84008 *   0
0.63288, 0.24583, 0.5, 0.5, 0.5, 0.5, 0.5, 0.5, 0.5, 0.5, 0.5, 0.5 * 0.38554, 0.38554, 0.83828 *   0
0.62236, 0.05292, 0.5, 0.5, 0.5, 0.5, 0.5, 0.5, 0.5, 0.5, 0.5, 0.5 * 0.39528, 0.39528, 0.82916 *   0
0.62047, 0.96129, 0.5, 0.5, 0.5, 0.5, 0.5, 0.5, 0.5, 0.5, 0.5, 0.5 * 0.39702, 0.39702, 0.82750 *   0
0.40129, 0.00353, 0.5, 0.5, 0.5, 0.5, 0.5, 0.5, 0.5, 0.5, 0.5, 0.5 * 0.57122, 0.57122, 0.58942 *   0
0.36422, 0.20097, 0.5, 0.5, 0.5, 0.5, 0.5, 0.5, 0.5, 0.5, 0.5, 0.5 * 0.59451, 0.59451, 0.54141 *   0
