0.8850273065664933, 0.5937944821053159, 0.5, 0.5, 0.5, 0.5, 0.5, 0.5, 0.5, 0.5, 0.5, 0.5 * 0.9999999999696231, 0.0000000000000000, 0.0000077944762205 *   0
0.9819871508432493, 0.0718532959333869, 0.5, 0.5, 0.5, 0.5, 0.5, 0.5, 0.5, 0.5, 0.5, 0.5 * 0.9676395584491237, 0.0000000000000000, 0.2523364518344205 *   0
0.9127965974215402, 0.3914346631576469, 0.5, 0.5, 0.5, 0.5, 0.5, 0.5, 0.5, 0.5, 0.5, 0.5 * 0.9999999853441078, 0.0000000000000000, 0.0001712068460449 *   0
0.8999617793131441, 0.5575167618494093, 0.5, 0.5, 0.5, 0.5, 0.5, 0.5, 0.5, 0.5, 0.5, 0.5 * 0.9999999991369760, 0.0000000000000000, 0.0000415457348090 *   0
0.1411921792389789, 0.9510361617203039, 0.5, 0.5, 0.5, 0.5, 0.5, 0.5, 0.5, 0.5, 0.5, 0.5 * 0.9999462210900846, 0.0103708691853522, 0.0000000000000000 *   0
0.7685755732322930, 0.9078651596363005, 0.5, 0.5, 0.5, 0.5, 0.5, 0.5, 0.5, 0.5, 0.5, 0.5 * 0.9999999950400222, 0.0000995989737115, 0.0000000000058181 *   0
0.2722254871727086, 0.9713465049729434, 0.5, 0.5, 0.5, 0.5, 0.5, 0.5, 0.5, 0.5, 0.5, 0.5 * 0.9963205777796452, 0.0857047623696258, 0.0000000000000000 *   0
0.8720427341163357, 0.2634714773220343, 0.5, 0.5, 0.5, 0.5, 0.5, 0.5, 0.5, 0.5, 0.5, 0.5 * 0.9999999999984196, 0.0000000000000000, 0.0000017778563437 *   0
0.8880632752031382, 0.5516258303782091, 0.5, 0.5, 0.5, 0.5, 0.5, 0.5, 0.5, 0.5, 0.5, 0.5 * 0.9999999999397452, 0.0000000000000000, 0.0000109776896145 *   0
0.3731383287222769, 0.8929920070306361, 0.5, 0.5, 0.5, 0.5, 0.5, 0.5, 0.5, 0.5, 0.5, 0.5 * 0.9999999998177262, 0.0000190931260817, 0.0000000000000000 *   0
0.9747526938909444, 0.8475799098832439, 0.5, 0.5, 0.5, 0.5, 0.5, 0.5, 0.5, 0.5, 0.5, 0.5 * 0.9925943733544682, 0.0000001025550611, 0.1214759646392651 *   0
0.6447871647052407, 0.8487775823328539, 0.5, 0.5, 0.5, 0.5, 0.5, 0.5, 0.5, 0.5, 0.5, 0.5 * 0.9999999999999929, 0.0000001189898551, 0.0000000000000000 *   0
0.3476140230650148, 0.9677892867325755, 0.5, 0.5, 0.5, 0.5, 0.5, 0.5, 0.5, 0.5, 0.5, 0.5 * 0.9982329702505669, 0.0594216888411199, 0.0000000000000000 *   0
0.9246868779532085, 0.2165439586232155, 0.5, 0.5, 0.5, 0.5, 0.5, 0.5, 0.5, 0.5, 0.5, 0.5 * 0.9999998049487753, 0.0000000000000000, 0.0006245817891629 *   0
0.9119883062839453, 0.1311527412064153, 0.5, 0.5, 0.5, 0.5, 0.5, 0.5, 0.5, 0.5, 0.5, 0.5 * 0.9999999877238070, 0.0000000000000000, 0.0001566920093015 *   0
0.9302990887920833, 0.9374353475577363, 0.5, 0.5, 0.5, 0.5, 0.5, 0.5, 0.5, 0.5, 0.5, 0.5 * 0.9999963294739855, 0.0024561318962835, 0.0011438770319609 *   0
0.6447165634691326, 0.9618252939366854, 0.5, 0.5, 0.5, 0.5, 0.5, 0.5, 0.5, 0.5, 0.5, 0.5 * 0.9994866525874840, 0.0320379665313842, 0.0000000000000000 *   0
0.9165323990939802, 0.8087725810747466, 0.5, 0.5, 0.5, 0.5, 0.5, 0.5, 0.5, 0.5, 0.5, 0.5 * 0.9999999668278133, 0.0000000009522737, 0.0002575740132331 *   0
0.5729918715418278, 0.8722298270427761, 0.5, 0.5, 0.5, 0.5, 0.5, 0.5, 0.5, 0.5, 0.5, 0.5 * 0.9999999999983503, 0.0000018164074023, 0.0000000000000000 *   0
0.9884994504919739, 0.2840509085376053, 0.5, 0.5, 0.5, 0.5, 0.5, 0.5, 0.5, 0.5, 0.5, 0.5 * 0.8804238025342169, 0.0000000000000000, 0.4741876505469013 *   0
0.8999094748403456, 0.5632995798081624, 0.5, 0.5, 0.5, 0.5, 0.5, 0.5, 0.5, 0.5, 0.5, 0.5 * 0.9999999991469497, 0.0000000000000000, 0.0000413049703518 *   0
0.8557302397004004, 0.6369824538179591, 0.5, 0.5, 0.5, 0.5, 0.5, 0.5, 0.5, 0.5, 0.5, 0.5 * 0.9999999999999638, 0.0000000000000000, 0.0000002690343960 *   0
0.9079381376076202, 0.9831972555179136, 0.5, 0.5, 0.5, 0.5, 0.5, 0.5, 0.5, 0.5, 0.5, 0.5 * 0.9586641942450288, 0.2845398963094813, 0.0001004027856693 *   0
0.9532010308248927, 0.1813442866231055, 0.5, 0.5, 0.5, 0.5, 0.5, 0.5, 0.5, 0.5, 0.5, 0.5 * 0.9999152569108054, 0.0000000000000000, 0.0130184099258713 *   0
0.8601193683501889, 0.2768934198081928, 0.5, 0.5, 0.5, 0.5, 0.5, 0.5, 0.5, 0.5, 0.5, 0.5 * 0.9999999999998993, 0.0000000000000000, 0.0000004487377522 *   0
0.8775644213322384, 0.7729795769662501, 0.5, 0.5, 0.5, 0.5, 0.5, 0.5, 0.5, 0.5, 0.5, 0.5 * 0.9999999999944151, 0.0000000000103020, 0.0000033421091574 *   0
0.9641554644164422, 0.2550908100116490, 0.5, 0.5, 0.5, 0.5, 0.5, 0.5, 0.5, 0.5, 0.5, 0.5 * 0.9991671575295582, 0.0000000000000000, 0.0408043050952101 *   0
0.1825485090643859, 0.9768825890388725, 0.5, 0.5, 0.5, 0.5, 0.5, 0.5, 0.5, 0.5, 0.5, 0.5 * 0.9885487474379997, 0.1509018685727980, 0.0000000000000000 *   0
0.4017715763308907, 0.8675232147181049, 0.5, 0.5, 0.5, 0.5, 0.5, 0.5, 0.5, 0.5, 0.5, 0.5 * 0.9999999999994410, 0.0000010573783179, 0.0000000000000000 *   0
0.8916139718571743, 0.5824230483651268, 0.5, 0.5, 0.5, 0.5, 0.5, 0.5, 0.5, 0.5, 0.5, 0.5 * 0.9999999998661609, 0.0000000000000000, 0.0000163608708190 *   0
0.8726272195915818, 0.4708003869609909, 0.5, 0.5, 0.5, 0.5, 0.5, 0.5, 0.5, 0.5, 0.5, 0.5 * 0.9999999999981930, 0.0000000000000000, 0.0000019010583393 *   0
0.8851751204976697, 0.0904142568308926, 0.5, 0.5, 0.5, 0.5, 0.5, 0.5, 0.5, 0.5, 0.5, 0.5 * 0.9999999999685913, 0.0000000000000000, 0.0000079257387666 *   0
0.4127033121943023, 0.8676094090880870, 0.5, 0.5, 0.5, 0.5, 0.5, 0.5, 0.5, 0.5, 0.5, 0.5 * 0.9999999999994298, 0.0000010679359326, 0.0000000000000000 *   0
0.8923571756539667, 0.0887074466276483, 0.5, 0.5, 0.5, 0.5, 0.5, 0.5, 0.5, 0.5, 0.5, 0.5 * 0.9999999998418920, 0.0000000000000000, 0.0000177824625558 *   0
0.4871122061680593, 0.8937782411900248, 0.5, 0.5, 0.5, 0.5, 0.5, 0.5, 0.5, 0.5, 0.5, 0.5 * 0.9999999997826472, 0.0000208495959528, 0.0000000000000000 *   0
0.8798418547398605, 0.2816578984640808, 0.5, 0.5, 0.5, 0.5, 0.5, 0.5, 0.5, 0.5, 0.5, 0.5 * 0.9999999999906215, 0.0000000000000000, 0.0000043309349608 *   0
0.8708899597967462, 0.0493591153292726, 0.5, 0.5, 0.5, 0.5, 0.5, 0.5, 0.5, 0.5, 0.5, 0.5 * 0.9999999999987870, 0.0000000000000000, 0.0000015575724299 *   0
0.9934301841973467, 0.1374360612302255, 0.5, 0.5, 0.5, 0.5, 0.5, 0.5, 0.5, 0.5, 0.5, 0.5 * 0.6876425767043824, 0.0000000000000000, 0.7260493693292196 *   0
0.4752938963823458, 0.9167431327126655, 0.5, 0.5, 0.5, 0.5, 0.5, 0.5, 0.5, 0.5, 0.5, 0.5 * 0.9999999652669574, 0.0002635641930714, 0.0000000000000000 *   0
0.9425291106768554, 0.6185114204969776, 0.5, 0.5, 0.5, 0.5, 0.5, 0.5, 0.5, 0.5, 0.5, 0.5 * 0.9999910841320356, 0.0000000000000000, 0.0042227546028635 *   0
0.6605077388978133, 0.8842746791822252, 0.5, 0.5, 0.5, 0.5, 0.5, 0.5, 0.5, 0.5, 0.5, 0.5 * 0.9999999999743759, 0.0000071587766543, 0.0000000000000000 *   0
0.8327660289745620, 0.9346153689243902, 0.5, 0.5, 0.5, 0.5, 0.5, 0.5, 0.5, 0.5, 0.5, 0.5 * 0.9999983488242331, 0.0018172365853410, 0.0000000177182141 *   0
0.9759092428609306, 0.7531880027396548, 0.5, 0.5, 0.5, 0.5, 0.5, 0.5, 0.5, 0.5, 0.5, 0.5 * 0.9906154045904185, 0.0000000000007627, 0.1366788944503186 *   0
0.8931786212572729, 0.2392336662110098, 0.5, 0.5, 0.5, 0.5, 0.5, 0.5, 0.5, 0.5, 0.5, 0.5 * 0.9999999998099475, 0.0000000000000000, 0.0000194962830163 *   0
0.5047785982046177, 0.9037480083777327, 0.5, 0.5, 0.5, 0.5, 0.5, 0.5, 0.5, 0.5, 0.5, 0.5 * 0.9999999980016093, 0.0000632201031435, 0.0000000000000000 *   0
0.1355525060256722, 0.9030089335995768, 0.5, 0.5, 0.5, 0.5, 0.5, 0.5, 0.5, 0.5, 0.5, 0.5 * 0.9999999983032450, 0.0000582538407390, 0.0000000000000000 *   0
0.3064693232562716, 0.8603018600774472, 0.5, 0.5, 0.5, 0.5, 0.5, 0.5, 0.5, 0.5, 0.5, 0.5 * 0.9999999999998950, 0.0000004583593205, 0.0000000000000000 *   0
0.5262954414478948, 0.8526065632945888, 0.5, 0.5, 0.5, 0.5, 0.5, 0.5, 0.5, 0.5, 0.5, 0.5 * 0.9999999999999826, 0.0000001866323935, 0.0000000000000000 *   0
0.9574372884619223, 0.4814979515417935, 0.5, 0.5, 0.5, 0.5, 0.5, 0.5, 0.5, 0.5, 0.5, 0.5 * 0.9997942866960771, 0.0000000000000000, 0.0202826105292804 *   0
0.9273227429610317, 0.1100592031656109, 0.5, 0.5, 0.5, 0.5, 0.5, 0.5, 0.5, 0.5, 0.5, 0.5 * 0.9999996553391416, 0.0000000000000000, 0.0008302539358687 *   0
0.9240228994395691, 0.3031178020421033, 0.5, 0.5, 0.5, 0.5, 0.5, 0.5, 0.5, 0.5, 0.5, 0.5 * 0.9999998310506277, 0.0000000000000000, 0.0005812905608116 *   0
