0.0402076342330350, 0.0001191240735907, 0.0943394042990820, 0.0461362851998472, 0.0156034054307283, 0.5616260960519436, 0.5796048839481570, 0.0402199886926543, 0.8078683497420830, 0.5, 0.5, 0.5, 0.5, 0.5 * 0.0000000000017203, 0.0000000000004091, 0.0000000000508141, 0.0000000000384006, 0.0000000000712981, 0.0000000102608636, 0.0000002155050835, 0.0000021689200003, 0.0201014222679278, 0.4798961828834825 *   0
0.3949578038393323, 0.0001217084937364, 0.0206555333084685, 0.0543810967609198, 0.0105160237338934, 0.8355670589187960, 0.2188110175630129, 0.5718115896786617, 0.2878183048627425, 0.5, 0.5, 0.5, 0.5, 0.5 * 0.0000000000085428, 0.0000000000211384, 0.0000000000222261, 0.0000000001853169, 0.0000000000466838, 0.0000000267137423, 0.0000004694551948, 0.0000235384068523, 0.1974548670599688, 0.3025210980803338 *   0
0.1067207875227187, 0.0252892491525455, 0.0004936987536464, 0.0089075253386551, 0.2108865390582413, 0.9284039633015189, 0.1762686777749419, 0.0197773845958418, 0.1984040407456476, 0.5, 0.5, 0.5, 0.5, 0.5 * 0.0000000000008036, 0.0000000000032468, 0.0000000002007519, 0.0000000009570739, 0.0000000000896008, 0.0000000046828852, 0.0000006602846031, 0.0013487780737435, 0.0520109494686504, 0.4466396062386407 *   0
0.0525159812776912, 0.0000580861233445, 0.0171542340038131, 0.9019094579396347, 0.1405247576257795, 0.6809689917978686, 0.2916725060398097, 0.2313235887472162, 0.7691595525337195, 0.5, 0.5, 0.5, 0.5, 0.5 * 0.0000000001171872, 0.0000000000351703, 0.0000000005062760, 0.0000000015994933, 0.0000000010579226, 0.0000000202815678, 0.0000000025664473, 0.0000014990608185, 0.0262564654139626, 0.4737420093611544 *   0
0.0018737437212252, 0.0037173163163091, 0.0871013398687827, 0.4169136394825362, 0.0954379877519971, 0.0633283206556590, 0.3511637585941533, 0.0538864289661341, 0.6171780115073444, 0.5, 0.5, 0.5, 0.5, 0.5 * 0.0000000000089269, 0.0000000000055371, 0.0000000002539527, 0.0000000004959467, 0.0000000113054881, 0.0000001143981490, 0.0000001768753984, 0.0000031793056549, 0.0009333892115588, 0.4990631281393874 *   0
0.0003730459140488, 0.1172881415659972, 0.2718292722812990, 0.2589387596859312, 0.0071196402456237, 0.8096892138988195, 0.3704689873244935, 0.4360173179004422, 0.3207535018775395, 0.5, 0.5, 0.5, 0.5, 0.5 * 0.0000000004599208, 0.0000000009739554, 0.0000000018547002, 0.0000000055882164, 0.0000000020864171, 0.0000015288912764, 0.0000044069357441, 0.0000159301407584, 0.0001646460260356, 0.4998134770429756 *   0
0.0231003002371175, 0.0082073998675716, 0.0109244557148425, 0.0321816578657281, 0.5954932163448508, 0.8144062430664926, 0.3906583298885535, 0.8935111076075170, 0.6228270207638047, 0.5, 0.5, 0.5, 0.5, 0.5 * 0.0000000035138551, 0.0000000021279282, 0.0000000006723892, 0.0000000098487301, 0.0000000036833384, 0.0000000134811597, 0.0000010022749564, 0.0000937610981964, 0.0114553534180052, 0.4884498498814412 *   0
0.0046931449345747, 0.0060032620122671, 0.5232327503726039, 0.0156274936234707, 0.1763034845592005, 0.3642719613221809, 0.2949961974727903, 0.5577345297475040, 0.1373818801424382, 0.5, 0.5, 0.5, 0.5, 0.5 * 0.0000000001672113, 0.0000000010499163, 0.0000000009651429, 0.0000000052153519, 0.0000000129103430, 0.0000000948795788, 0.0000072556389621, 0.0000067162628456, 0.0023324853779354, 0.4976534275327127 *   0
0.6157458897753366, 0.0164354164229871, 0.0007666773166352, 0.5053432860902246, 0.0101235676603967, 0.6935386223222775, 0.8660757154533992, 0.8319817007668231, 0.5479946818891888, 0.5, 0.5, 0.5, 0.5, 0.5 * 0.0000000054350253, 0.0000000044830004, 0.0000000020029405, 0.0000000018433802, 0.0000000060821999, 0.0000019405835104, 0.0000019189725409, 0.0050561406520026, 0.3028129248330682, 0.1921270551123317 *   0
0.0361271747556176, 0.0046197120121772, 0.3620314432131273, 0.2499230887042000, 0.0012730318127540, 0.9178815963295668, 0.7440864870995686, 0.4033495697208445, 0.5316860003078757, 0.5, 0.5, 0.5, 0.5, 0.5 * 0.0000000014078544, 0.0000000012400513, 0.0000000039168855, 0.0000000022578273, 0.0000000007893168, 0.0000075408161990, 0.0000226605786734, 0.0000532375647847, 0.0179801388062165, 0.4819364126221912 *   0
0.1777866138973211, 0.0049310605995967, 0.0103619969498189, 0.6805857846888648, 0.0148261333884793, 0.1728012222670024, 0.0154065140594759, 0.6982628068412946, 0.1355724605431652, 0.5, 0.5, 0.5, 0.5, 0.5 * 0.0000000000115506, 0.0000000000736482, 0.0000000000368166, 0.0000000077977159, 0.0000000379117231, 0.0000030454299850, 0.0000014507985168, 0.0004337962235062, 0.0884549686651982, 0.4111066930513395 *   0
0.0262692477676409, 0.0007690037604277, 0.2722379030996179, 0.7452921437776145, 0.0696739042502241, 0.5706954736126100, 0.7292154048239884, 0.9253197693849540, 0.9619384775692310, 0.5, 0.5, 0.5, 0.5, 0.5 * 0.0000000528920971, 0.0000000020928092, 0.0000000044376935, 0.0000000220658046, 0.0000000612994889, 0.0000019065861857, 0.0000007003853222, 0.0000073508157572, 0.0131245233086620, 0.4868653761161796 *   0
0.0261907959478864, 0.0059787039672857, 0.1093982914972111, 0.6504220951583339, 0.0129064372800786, 0.5592505650405076, 0.2585547148522710, 0.2647233732346089, 0.6917286416011530, 0.5, 0.5, 0.5, 0.5, 0.5 * 0.0000000019038156, 0.0000000008484423, 0.0000000076444740, 0.0000000298142227, 0.0000000316905456, 0.0000054990782131, 0.0000029941962775, 0.0000697283318292, 0.0130171044661232, 0.4869046020260568 *   0
0.0919624809603963, 0.1746923351542523, 0.0024374667566444, 0.7691029728246401, 0.0030484292670379, 0.0295770336080236, 0.9068421702398184, 0.3526485121588449, 0.2532376080068003, 0.5, 0.5, 0.5, 0.5, 0.5 * 0.0000000001099538, 0.0000000003242386, 0.0000000007970404, 0.0000000001264817, 0.0000000445466360, 0.0000150124573620, 0.0000045207612978, 0.0080129911497648, 0.0379486702074231, 0.4540187595198018 *   0
0.0911933132871954, 0.0140871196119520, 0.1403615670932278, 0.0044923569096682, 0.0417033480674510, 0.9481125273500162, 0.4120147113744238, 0.7324498736916342, 0.3320570496525881, 0.5, 0.5, 0.5, 0.5, 0.5 * 0.0000000016047663, 0.0000000032280368, 0.0000000017653318, 0.0000000094161839, 0.0000000008764176, 0.0000003881303765, 0.0000897528005173, 0.0005521677344132, 0.0449543310875542, 0.4544033433564023 *   0
0.0524708731344300, 0.9580328371180374, 0.0014722826897503, 0.1597936396299832, 0.0184716316957360, 0.7549370670481292, 0.2526318138710371, 0.1961136545036517, 0.7068415250195383, 0.5, 0.5, 0.5, 0.5, 0.5 * 0.0000000028877083, 0.0000000011976605, 0.0000000167462699, 0.0000000616268546, 0.0000000267671586, 0.0000058039310089, 0.0000310917996980, 0.0250974047711604, 0.0011010268396957, 0.4737645634327850 *   0
0.0008384468969137, 0.0398763865418157, 0.1804440352974665, 0.5710609199344464, 0.4722310944796685, 0.5397423121797583, 0.0455045928459170, 0.2644394413868149, 0.4316980966514433, 0.5, 0.5, 0.5, 0.5, 0.5 * 0.0000000022808093, 0.0000000030025341, 0.0000000146960644, 0.0000004190841375, 0.0000003744052813, 0.0000009091386767, 0.0000012938964164, 0.0000137006123583, 0.0004025063321788, 0.4995807765515431 *   0
0.2977920958296359, 0.0016582985416326, 0.0780846197521708, 0.2634789777283925, 0.0928563829943800, 0.9450633031991605, 0.6811164182988537, 0.2109130845455979, 0.6890489019868192, 0.5, 0.5, 0.5, 0.5, 0.5 * 0.0000000441270545, 0.0000000199134720, 0.0000002395941514, 0.0000001421550135, 0.0000000259138335, 0.0000046082221595, 0.0000142002678561, 0.0002276339055714, 0.1486491338157060, 0.3511039520851821 *   0
0.3535286860324111, 0.0477765435575398, 0.0040747793410322, 0.0939177293767769, 0.1158281625787859, 0.8607075576953159, 0.0727572376247296, 0.0254413117773092, 0.7881739394684201, 0.5, 0.5, 0.5, 0.5, 0.5 * 0.0000000004700766, 0.0000000001263357, 0.0000000228462568, 0.0000002987612762, 0.0000000521438136, 0.0000028575757258, 0.0000311803595428, 0.0084107770505063, 0.1683191536826719, 0.3232356569837945 *   0
0.0163508011104310, 0.8458419711542511, 0.0004082852976435, 0.5407202921531723, 0.7220435830401459, 0.1241852050294099, 0.7543083004440685, 0.9733012583913753, 0.4308423192383918, 0.5, 0.5, 0.5, 0.5, 0.5 * 0.0000000432994599, 0.0000000572000917, 0.0000000027568151, 0.0000000336324447, 0.0000009654068385, 0.0000004243374728, 0.0000012966992819, 0.0069122735881946, 0.0012603036346165, 0.4918245994447845 *   0
0.0078325481190498, 0.1146911923376337, 0.1274706428532818, 0.0131043209755348, 0.9242587117125554, 0.4797678354567698, 0.1037195181025749, 0.5945724582274317, 0.8515009520815224, 0.5, 0.5, 0.5, 0.5, 0.5 * 0.0000000174704037, 0.0000000030467826, 0.0000000139902753, 0.0000002981923257, 0.0000003607601796, 0.0000000568277589, 0.0000565046991847, 0.0003919071544972, 0.0034671119181170, 0.4960837259404751 *   0
0.3966929928384223, 0.5026609578647935, 0.0000111269764654, 0.6567188173796603, 0.9843738228009892, 0.4858633291376118, 0.9359646825752987, 0.5097683479589262, 0.5326010638534097, 0.5, 0.5, 0.5, 0.5, 0.5 * 0.0000000885451653, 0.0000000777052824, 0.0000001598789567, 0.0000000223125940, 0.0000003687185228, 0.0000000113843716, 0.0000003808262315, 0.0996999305080822, 0.0986454565400046, 0.3016535035807889 *   0
0.7884682332111840, 0.0013936921029322, 0.0180893093431784, 0.6791374002020515, 0.0964484014997484, 0.4842311541942093, 0.9305088701334358, 0.5989455774421550, 0.7329078292161728, 0.5, 0.5, 0.5, 0.5, 0.5 * 0.0000001287673269, 0.0000000469264258, 0.0000001176446729, 0.0000000219067429, 0.0000003357769018, 0.0000060989298225, 0.0000031890558702, 0.0005395019672567, 0.3936846756305723, 0.1057658833944080 *   0
0.0539263864298940, 0.2918151082898561, 0.0009884778414799, 0.3931383371321197, 0.3074511859135009, 0.0448347516566677, 0.6113629818946882, 0.0128334541864849, 0.3114115909260752, 0.5, 0.5, 0.5, 0.5, 0.5 * 0.0000000001029817, 0.0000000002277114, 0.0000000254373544, 0.0000000163804768, 0.0000008979375170, 0.0000021175897273, 0.0000047199319580, 0.0078604895401336, 0.0190949260670869, 0.4730368067850530 *   0
0.0305550950721628, 0.0665420596797681, 0.0063644275098873, 0.4549332547257344, 0.3442241774612219, 0.3331434579254796, 0.4311033675591943, 0.4901508742431882, 0.4140160206770599, 0.5, 0.5, 0.5, 0.5, 0.5 * 0.0000000295296239, 0.0000000417952100, 0.0000000741912462, 0.0000001920272819, 0.0000006756638733, 0.0000019302444499, 0.0000035266220114, 0.0010101294062100, 0.0142609480561750, 0.4847224524639186 *   0
0.0034970799477292, 0.4591534479796670, 0.0483269756884905, 0.8838955093565841, 0.0448805582918602, 0.2755568401308529, 0.0059188171317423, 0.0643568379172854, 0.6680879791584275, 0.5, 0.5, 0.5, 0.5, 0.5 * 0.0000000001079336, 0.0000000000536224, 0.0000000023487596, 0.0000004216142298, 0.0000011150299361, 0.0000327553048571, 0.0000045047640714, 0.0007640489345204, 0.0009456918159344, 0.4982514600261354 *   0
0.0446970961264787, 0.0092654428487948, 0.1369609987069671, 0.0898886393242928, 0.7141819012883035, 0.4602729261202146, 0.8353930752889221, 0.8922395212073995, 0.8361008352768146, 0.5, 0.5, 0.5, 0.5, 0.5 * 0.0000005222428104, 0.0000001023742075, 0.0000000754382958, 0.0000001379397983, 0.0000009826531695, 0.0000007286298201, 0.0000258111256242, 0.0001787087911076, 0.0221414788684058, 0.4776514519367607 *   0
0.5290575793613947, 0.9811971811490120, 0.0004973332399956, 0.0316280657572802, 0.2830190622634343, 0.1028160979518742, 0.4108934283307257, 0.6358980776909264, 0.2640429755039713, 0.5, 0.5, 0.5, 0.5, 0.5 * 0.0000000081962932, 0.0000000228452189, 0.0000000177737198, 0.0000000699874273, 0.0000010366842892, 0.0000029272307994, 0.0001250025630022, 0.2594258174867101, 0.0049738869132373, 0.2354712103193026 *   0
0.0094136414161947, 0.5735466333914300, 0.0209715021871829, 0.1607391280870601, 0.5702980335663529, 0.9663058896392146, 0.7560943126474015, 0.3592324989658001, 0.5537557502061854, 0.5, 0.5, 0.5, 0.5, 0.5 * 0.0000007542822346, 0.0000006078385819, 0.0000024296319354, 0.0000012231675940, 0.0000001748652072, 0.0000039103432352, 0.0000475141436460, 0.0026429668986720, 0.0020072395369910, 0.4952931792919026 *   0
0.0015283986001873, 0.8894335878498077, 0.0103640705395323, 0.6784854138635497, 0.8188130319206105, 0.3046391877833005, 0.8445140266998271, 0.3351016162592459, 0.6736609105363772, 0.5, 0.5, 0.5, 0.5, 0.5 * 0.0000002272931198, 0.0000001101067742, 0.0000006694585563, 0.0000001853756849, 0.0000027213599886, 0.0000008660002051, 0.0000022649113174, 0.0006726600196682, 0.0000844947747790, 0.4992358006999063 *   0
0.4730909920637920, 0.0131867807419909, 0.0069968346538939, 0.1536745969921698, 0.8623300263948412, 0.5887287843919958, 0.9056661794454167, 0.2117526066544245, 0.2591204216047751, 0.5, 0.5, 0.5, 0.5, 0.5 * 0.0000000846144426, 0.0000002419304204, 0.0000012155606541, 0.0000001606250829, 0.0000011894850435, 0.0000004617388228, 0.0000184710870950, 0.0030974485501169, 0.2334262224402179, 0.2634545039681040 *   0
0.0006590639244109, 0.9902195515996868, 0.6585657487896112, 0.6649864724208537, 0.0441459375639194, 0.9503808570794672, 0.6659749502623337, 0.4372842751617004, 0.2578320425273068, 0.5, 0.5, 0.5, 0.5, 0.5 * 0.0000004501819315, 0.0000012958459365, 0.0000022468618086, 0.0000020026656743, 0.0000003130264205, 0.0001365943017018, 0.0000719930420830, 0.0001114130662965, 0.0000032229703526, 0.4996704680377946 *   0
0.0635450044942764, 0.0135110574837360, 0.2174998881376814, 0.2350601405999903, 0.2121559261400979, 0.7809552330435046, 0.6899207032704356, 0.0077106324060404, 0.3993610019792621, 0.5, 0.5, 0.5, 0.5, 0.5 * 0.0000000077252924, 0.0000000116188408, 0.0000024894167797, 0.0000011275423622, 0.0000010199217187, 0.0000172909582807, 0.0000714211913825, 0.0003359117296062, 0.0313432221428750, 0.4682274977528618 *   0
0.2271962199486774, 0.0927086384467355, 0.0043337666449760, 0.4195770045833555, 0.2307486809933319, 0.8906270306979432, 0.7273090913553298, 0.4450395477214081, 0.2340539392242459, 0.5, 0.5, 0.5, 0.5, 0.5 * 0.0000002981516282, 0.0000009757069924, 0.0000015884906405, 0.0000010731841938, 0.0000004833010507, 0.0000147311536402, 0.0000264911884122, 0.0104858849292853, 0.1030665838684953, 0.3864018900256613 *   0
0.0350992665789552, 0.6701606822526831, 0.0120306778755182, 0.0905102249656386, 0.2254791498302851, 0.2203056398873709, 0.3482243960482182, 0.7710687698661670, 0.5534161532080808, 0.5, 0.5, 0.5, 0.5, 0.5 * 0.0000000945302652, 0.0000000762819972, 0.0000000507143628, 0.0000004146339302, 0.0000022514666326, 0.0000099189990132, 0.0001286870691923, 0.0116195805231672, 0.0057885590709169, 0.4824503667105224 *   0
0.2309548692921898, 0.6400559375249110, 0.9044852242360288, 0.0000065136700899, 0.9388645812584387, 0.1475795838737765, 0.1744321268864125, 0.7674000462365337, 0.0544667458415342, 0.5, 0.5, 0.5, 0.5, 0.5 * 0.0000000004398973, 0.0000000076365401, 0.0000000024479787, 0.0000000498108914, 0.0000003484970381, 0.0000000266216632, 0.0668518924449325, 0.0070596897964367, 0.0415654169507170, 0.3845225653539051 *   0
0.0991910389155108, 0.6729997832668013, 0.0070001566815191, 0.0506025296871562, 0.2954552100484517, 0.6034109651126950, 0.8357616480606429, 0.5295548390269069, 0.0955839460229426, 0.5, 0.5, 0.5, 0.5, 0.5 * 0.0000000891703645, 0.0000008437306952, 0.0000008287692924, 0.0000003461918072, 0.0000013853825465, 0.0000083300184727, 0.0002218263834242, 0.0331441241994710, 0.0162177456116816, 0.4504044805422446 *   0
0.0027684732353168, 0.6837323469499742, 0.0923199188394099, 0.1700489950226848, 0.4548022199677314, 0.1598825781419327, 0.3346146211654947, 0.4589582637226946, 0.6479262442551210, 0.5, 0.5, 0.5, 0.5, 0.5 * 0.0000001075061580, 0.0000000584172923, 0.0000001955984209, 0.0000007188907837, 0.0000056771257051, 0.0000081006528785, 0.0000725177514216, 0.0008590714086655, 0.0004377892663327, 0.4986157633823416 *   0
0.1610504496661250, 0.0042718043570741, 0.0713727958832741, 0.8627874687606411, 0.7031693070676035, 0.8544487635858584, 0.1139832977736291, 0.6239341830946199, 0.8435529353299890, 0.5, 0.5, 0.5, 0.5, 0.5 * 0.0000007635159410, 0.0000001416032389, 0.0000005455453363, 0.0000112763274603, 0.0000021679818580, 0.0000062876541397, 0.0000033687577855, 0.0003194366205366, 0.0801812368267662, 0.4194747751669375 *   0
0.0319618182405652, 0.3321489507016488, 0.4214896934207015, 0.0966069163273121, 0.0064984667145174, 0.8571695633498810, 0.7388512043928966, 0.5158273463676811, 0.7392062594831019, 0.5, 0.5, 0.5, 0.5, 0.5 * 0.0000003391830724, 0.0000001196646011, 0.0000004306896431, 0.0000003144091767, 0.0000002006139866, 0.0002147326518190, 0.0020211478653720, 0.0030707571178894, 0.0106728669247223, 0.4840190908797174 *   0
0.2056501545969630, 0.0104814623531333, 0.2241749904231052, 0.1187810418749140, 0.1253331425252059, 0.2877035906015447, 0.6847957040578107, 0.2671188243046025, 0.4625087266147643, 0.5, 0.5, 0.5, 0.5, 0.5 * 0.0000000875491387, 0.0000001017427247, 0.0000005193510557, 0.0000003261809194, 0.0000025620163551, 0.0000251013965308, 0.0002129079680322, 0.0008361509719054, 0.1017473201218195, 0.3971749227015185 *   0
0.1631451394237322, 0.0308437375495414, 0.0107470531997956, 0.6048184584848668, 0.6897895767771590, 0.3947316340146268, 0.4042353305985384, 0.9788539106859145, 0.2611733843857298, 0.5, 0.5, 0.5, 0.5, 0.5 * 0.0000004601773133, 0.0000013017836704, 0.0000000380634780, 0.0000026528878036, 0.0000068279476445, 0.0000050731997768, 0.0000106855576683, 0.0024889633140795, 0.0790565667804316, 0.4184274302881339 *   0
0.1815168555739880, 0.0245035709927341, 0.1559063830207597, 0.4373592196206372, 0.0813397700345795, 0.9528030790168807, 0.0986445304465687, 0.6301667367248641, 0.2883283003644684, 0.5, 0.5, 0.5, 0.5, 0.5 * 0.0000002106397718, 0.0000005199155414, 0.0000004287494718, 0.0000105930425546, 0.0000005821503110, 0.0001393071611018, 0.0001950794161662, 0.0018771845035490, 0.0885345222085265, 0.4092415722130060 *   0
0.1064620810125312, 0.4096511115364969, 0.0198104130196434, 0.5001208854374107, 0.0253970008461722, 0.0362458294426304, 0.5008875627540460, 0.5307402869363969, 0.0463693975686885, 0.5, 0.5, 0.5, 0.5, 0.5 * 0.0000000024515562, 0.0000000504185757, 0.0000000467456937, 0.0000000992627911, 0.0000052880593205, 0.0002105597508191, 0.0002159422464135, 0.0213741659764662, 0.0314248855946296, 0.4467689594937344 *   0
0.1571128946529296, 0.3960760903526452, 0.1083366945890415, 0.2403200921790302, 0.0003082323820834, 0.2158402596674116, 0.0540800602427125, 0.3810514478856006, 0.3164806879667941, 0.5, 0.5, 0.5, 0.5, 0.5 * 0.0000000003514834, 0.0000000007591165, 0.0000000018039669, 0.0000000509789894, 0.0000001957983049, 0.0008098269761785, 0.0025607470558297, 0.0277435068051905, 0.0474421167974051, 0.4214435526735352 *   0
0.1660473980782774, 0.0375439189549274, 0.0125125232210907, 0.5537014382675762, 0.6917595647702737, 0.4731876195749210, 0.9626055117522392, 0.9312083231896201, 0.6340845323326459, 0.5, 0.5, 0.5, 0.5, 0.5 * 0.0000040178445435, 0.0000023186048392, 0.0000004680960932, 0.0000002643372521, 0.0000078699754237, 0.0000066565904876, 0.0000174065245303, 0.0030780330548941, 0.0799066640110750, 0.4169763009608613 *   0
0.0540147223761374, 0.0746112899270892, 0.1648357008420097, 0.1332171224678015, 0.1532040523147229, 0.6240714758746658, 0.4284816330431409, 0.6074653731693818, 0.8455310202415711, 0.5, 0.5, 0.5, 0.5, 0.5 * 0.0000009310776403, 0.0000001700973823, 0.0000007115620835, 0.0000024178692170, 0.0000025484349994, 0.0000374694052432, 0.0002879044009514, 0.0016829012082515, 0.0249923071323001, 0.4729926388119313 *   0
0.0080579682290824, 0.3718403202350439, 0.0400746460259308, 0.4817094968081030, 0.5901042365422958, 0.3626437938598189, 0.0684065143896297, 0.7203955863231772, 0.0910677919588367, 0.5, 0.5, 0.5, 0.5, 0.5 * 0.0000000277746908, 0.0000002772144849, 0.0000001183742950, 0.0000057655715219, 0.0000108772194470, 0.0000118544215921, 0.0000311168038068, 0.0014381013635345, 0.0025308453711683, 0.4959710158854588 *   0
0.2068031887555510, 0.9704175125669769, 0.0180911962027155, 0.0057734465253416, 0.9809432267122637, 0.9925111010635789, 0.1739233882045016, 0.5244086494317318, 0.9166254386848889, 0.5, 0.5, 0.5, 0.5, 0.5 * 0.0000008530751225, 0.0000000775941416, 0.0000008440330889, 0.0000084292292246, 0.0000000769928037, 0.0000001997274050, 0.0018048391472743, 0.0985273982124799, 0.0030588763662351, 0.3965984056222245 *   0
0.8837904226425060, 0.1633934570305950, 0.0048407120652686, 0.0169678670433200, 0.5509046355965104, 0.4458308929790887, 0.5000416866969511, 0.4561242598370296, 0.8946536220119584, 0.5, 0.5, 0.5, 0.5, 0.5 * 0.0000002972222744, 0.0000000349982265, 0.0000003961347526, 0.0000007282338127, 0.0000018105444794, 0.0000026633548447, 0.0003435824100257, 0.0718532733246289, 0.3696924250982081, 0.0581047886787470 *   0
0.0104122725363878, 0.0735357590362131, 0.4735453517518683, 0.3107225859121990, 0.9168165498025792, 0.8899826174089605, 0.0323219620773205, 0.8237875200918817, 0.8904516514811905, 0.5, 0.5, 0.5, 0.5, 0.5 * 0.0000010897722595, 0.0000001340698859, 0.0000002617862667, 0.0000444778068700, 0.0000056818827084, 0.0000046858182675, 0.0001249596318162, 0.0002015464140533, 0.0048232990860663, 0.4947938637318061 *   0
0.1678964435904736, 0.8869137078928360, 0.0020105000594680, 0.5932896791926071, 0.1147569665288352, 0.3343816820226524, 0.2325867145474007, 0.6677782021778534, 0.4471324023078812, 0.5, 0.5, 0.5, 0.5, 0.5 * 0.0000002366674740, 0.0000002926331824, 0.0000002633287746, 0.0000026152583864, 0.0000067837225507, 0.0000786187745378, 0.0000608810525496, 0.0743051372259682, 0.0094933931318131, 0.4160517782047632 *   0
0.0786742833809342, 0.0272085457235615, 0.5361370889172596, 0.0223742295160770, 0.9845418310652216, 0.2440057370085296, 0.3490245758318457, 0.8732675699858310, 0.1820406719027277, 0.5, 0.5, 0.5, 0.5, 0.5 * 0.0000001711346895, 0.0000007689557183, 0.0000001364300541, 0.0000020078481940, 0.0000095561892822, 0.0000001984678293, 0.0005609919415999, 0.0004964754509521, 0.0382668352721478, 0.4606628583095329 *   0
0.0748070595203000, 0.0496350815750822, 0.1772570354758096, 0.0957890628351779, 0.8881987700649532, 0.8496712813385163, 0.9242764589955454, 0.8371993982406331, 0.3954218110979636, 0.5, 0.5, 0.5, 0.5, 0.5 * 0.0000072790258474, 0.0000111292299521, 0.0000035796431863, 0.0000018014107730, 0.0000042089411899, 0.0000035242549276, 0.0002975600108879, 0.0015274447340769, 0.0355470025093090, 0.4625964702398500 *   0
0.5283910466955933, 0.0512776933849220, 0.0037242048437354, 0.7163480816950780, 0.7498581929830174, 0.4263462277251976, 0.0362710193899791, 0.8648726883646439, 0.6294586237657157, 0.5, 0.5, 0.5, 0.5, 0.5 * 0.0000002281562113, 0.0000001343079804, 0.0000000566312388, 0.0000111354579726, 0.0000155467850202, 0.0000090406130509, 0.0000143111067495, 0.0134968839816736, 0.2506481863078994, 0.2358044766522033 *   0
0.1066650338967634, 0.6938716558245345, 0.0422630608278620, 0.0785329514548802, 0.1346329190463912, 0.9452202417632659, 0.5467304841367204, 0.6062095200671859, 0.0646450980867469, 0.5, 0.5, 0.5, 0.5, 0.5 * 0.0000003348883270, 0.0000048455249902, 0.0000033651689373, 0.0000070847557319, 0.0000009058482862, 0.0001062880560428, 0.0014411592835799, 0.0354419383183684, 0.0163265951041180, 0.4466674830516183 *   0
0.4010517850523124, 0.0140807875497643, 0.6540414768522799, 0.2547660769218421, 0.0234944289659590, 0.2275881097780485, 0.2757375791090250, 0.1842335570530191, 0.7978861438100627, 0.5, 0.5, 0.5, 0.5, 0.5 * 0.0000001019681114, 0.0000000258297106, 0.0000005658750573, 0.0000018220265821, 0.0000085380390831, 0.0004594296496844, 0.0013762435932961, 0.0009768355093628, 0.1977023300352685, 0.2994741074738438 *   0
0.0235313605626725, 0.8335109179995539, 0.4463183779485144, 0.2105130372617920, 0.0150277731078806, 0.4708219494069097, 0.3664194207482130, 0.4523869927285178, 0.5521617194414892, 0.5, 0.5, 0.5, 0.5, 0.5 * 0.0000005967031371, 0.0000004839642038, 0.0000013081443585, 0.0000041305253339, 0.0000073273772959, 0.0009075615495470, 0.0034555570578980, 0.0054298576504116, 0.0019588573091504, 0.4882343197186637 *   0
0.2310675183455774, 0.0044508287703855, 0.9775088876381092, 0.1261088331817225, 0.4654906398921696, 0.4495068972229524, 0.3877581625188506, 0.6736825502820697, 0.4673462060593749, 0.5, 0.5, 0.5, 0.5, 0.5 * 0.0000016192663627, 0.0000018455448238, 0.0000016782805932, 0.0000081205665436, 0.0000162434713898, 0.0000338821786518, 0.0004392662690884, 0.0000115654018238, 0.1150195381935117, 0.3844662408272113 *   0
0.0539578451094953, 0.1546698497397219, 0.0777360480640717, 0.7156122092695963, 0.2395152013001569, 0.7360149280801485, 0.8524129827750907, 0.1613970432250747, 0.2050314863235836, 0.5, 0.5, 0.5, 0.5, 0.5 * 0.0000011542937914, 0.0000044755429330, 0.0000292520707250, 0.0000060394630063, 0.0000146771899736, 0.0001765310084979, 0.0000922494256181, 0.0038484469031372, 0.0228060966570652, 0.4730210774452523 *   0
0.0078373695760208, 0.8764849602600955, 0.0481201168373786, 0.5457900634714355, 0.8203212562111771, 0.4323300623485493, 0.7826933836483831, 0.6047496067382161, 0.4102323001298273, 0.5, 0.5, 0.5, 0.5, 0.5 * 0.0000062120308989, 0.0000089306843308, 0.0000098969293786, 0.0000069519949423, 0.0000420065445608, 0.0000162081631594, 0.0000750702916937, 0.0032693916417266, 0.0004840165073193, 0.4960813152119896 *   0
0.0518856807853494, 0.1122902273723344, 0.1601948720217659, 0.2277345649095879, 0.8529803891912943, 0.8379306582910617, 0.1990197273898030, 0.7986424503841635, 0.7860323580848204, 0.5, 0.5, 0.5, 0.5, 0.5 * 0.0000094901508536, 0.0000025833353789, 0.0000030440250226, 0.0000608423518870, 0.0000146918660798, 0.0000156247225824, 0.0003603916266513, 0.0024464593679221, 0.0230297129462971, 0.4740571596073253 *   0
0.0552816298116379, 0.3439516282379402, 0.0341266626651057, 0.6097917270892261, 0.7520282272026074, 0.8912872671574761, 0.2199582821782484, 0.9264170913614412, 0.2742633555430283, 0.5, 0.5, 0.5, 0.5, 0.5 * 0.0000074112261817, 0.0000196110720289, 0.0000021463111151, 0.0001034411248334, 0.0000161747700581, 0.0000490598037959, 0.0001266013989785, 0.0091826575856883, 0.0181337116131390, 0.4723591850941811 *   0
0.0391148333619883, 0.1652126061568095, 0.3355103388128385, 0.3194623362829268, 0.1152870981559563, 0.4892320602616445, 0.2422759846049715, 0.6529272038736041, 0.9729660479225991, 0.5, 0.5, 0.5, 0.5, 0.5 * 0.0000030064132412, 0.0000000835334713, 0.0000016425053804, 0.0000148008586505, 0.0000203931624583, 0.0003063956551228, 0.0007377559897852, 0.0021470536614520, 0.0163262849014325, 0.4804425833190058 *   0
0.0858477671099118, 0.4320824148282792, 0.3592146175723591, 0.0133950244697719, 0.3571340853148764, 0.7885462752490054, 0.8645654836970220, 0.7778976283864573, 0.4273961346724053, 0.5, 0.5, 0.5, 0.5, 0.5 * 0.0000072239133670, 0.0000096782361401, 0.0000048258374289, 0.0000034036975294, 0.0000067392218520, 0.0000573698232233, 0.0065729889470104, 0.0118844255836822, 0.0243772282947227, 0.4570761164450441 *   0
0.3254161050195881, 0.1230167598105114, 0.0095272609077055, 0.7945085478920995, 0.3245592705554139, 0.2966008127185520, 0.2635285562200139, 0.6110170248947185, 0.9530127965626366, 0.5, 0.5, 0.5, 0.5, 0.5 * 0.0000022381337944, 0.0000001103486210, 0.0000014950805620, 0.0000107414331709, 0.0000345888278026, 0.0001023357103995, 0.0000391863804417, 0.0198251215000413, 0.1426922350949606, 0.3372919474902060 *   0
0.0119359679575711, 0.1480621030312321, 0.8464067004837127, 0.4039703064616632, 0.2643131992147831, 0.6926815950743302, 0.7889502885699972, 0.2603451201041905, 0.8467701588975126, 0.5, 0.5, 0.5, 0.5, 0.5 * 0.0000096209337522, 0.0000017409850059, 0.0000322798393574, 0.0000116744750462, 0.0000245418626143, 0.0002222762509506, 0.0004457779178478, 0.0001357199941813, 0.0050843517200299, 0.4940320160212144 *   0
0.0348415589122295, 0.2614357388864438, 0.1965947478062449, 0.7049006203677973, 0.2029413311755943, 0.9321447466184127, 0.5363567250484399, 0.3494784102539897, 0.1448381185274749, 0.5, 0.5, 0.5, 0.5, 0.5 * 0.0000032414786130, 0.0000191385318838, 0.0000416583101551, 0.0000553566969944, 0.0000086913316889, 0.0005030632966886, 0.0002642242943402, 0.0036590404087232, 0.0128663651070276, 0.4825792205438852 *   0
0.0422004703628833, 0.3958710825051512, 0.1385838697378449, 0.1775527299277264, 0.2850913965539501, 0.1326162936783472, 0.0558690028525279, 0.2779035671976877, 0.5517902013621248, 0.5, 0.5, 0.5, 0.5, 0.5 * 0.0000000665734611, 0.0000000540764905, 0.0000003134932760, 0.0000073365919825, 0.0000508248942903, 0.0001469371582605, 0.0009520545264111, 0.0071953856282186, 0.0127472622390511, 0.4788997648185583 *   0
0.0207322766169590, 0.1359502506144113, 0.6853291022988638, 0.7536401058331319, 0.2221378484843941, 0.8339454428450882, 0.9225793191802591, 0.8063448303408663, 0.1438634950406214, 0.5, 0.5, 0.5, 0.5, 0.5 * 0.0000144309697647, 0.0000858791871698, 0.0000240909096564, 0.0000104394441431, 0.0000268493358751, 0.0005661908261906, 0.0002379393083371, 0.0004434591198047, 0.0089568592075381, 0.4896338616915205 *   0
0.0789344916487739, 0.1991516762409134, 0.0816226778932021, 0.8133641205790285, 0.2082376373970125, 0.7877819406743077, 0.4828951007141243, 0.9370584231508237, 0.4489894720953840, 0.5, 0.5, 0.5, 0.5, 0.5 * 0.0000173915188193, 0.0000213432843335, 0.0000026017903784, 0.0000442650070443, 0.0000230599416048, 0.0004131535510878, 0.0001197365563137, 0.0072184165129571, 0.0316072776618481, 0.4605327541756131 *   0
0.3096708032813253, 0.6337555226095745, 0.0653538322380529, 0.0658369963363917, 0.0431437641583121, 0.1528966502067152, 0.8587739555438859, 0.9531872900916204, 0.4536888308141794, 0.5, 0.5, 0.5, 0.5, 0.5 * 0.0000010343423077, 0.0000012455073104, 0.0000001119674380, 0.0000003933361739, 0.0000154307673033, 0.0004039985266457, 0.0059908127362258, 0.0917147637018367, 0.0567076107554211, 0.3451645983593373 *   0
0.4320514427647234, 0.3870182882002640, 0.0509851170009864, 0.0056782281052685, 0.9832687205557100, 0.5836307269444833, 0.6154625944865227, 0.8041354486738032, 0.4786996946105266, 0.5, 0.5, 0.5, 0.5, 0.5 * 0.0000032907705383, 0.0000035836239419, 0.0000016744072068, 0.0000053412409632, 0.0000099093256986, 0.0000004049695410, 0.0042384525052382, 0.0793432480535008, 0.1324198164857329, 0.2839742786176383 *   0
0.1102586114361224, 0.1299403003090714, 0.4104328637059931, 0.0444186008742166, 0.8791080284300763, 0.9002097253222995, 0.3000442363787648, 0.8916987380439876, 0.9949227562150558, 0.5, 0.5, 0.5, 0.5, 0.5 * 0.0000275113653046, 0.0000001403947268, 0.0000033584442581, 0.0000723419035986, 0.0000114568138341, 0.0000157881357603, 0.0028095463714437, 0.0042233751119094, 0.0479657871772257, 0.4448706942819388 *   0
0.0723162941040081, 0.9953226582125401, 0.0397086045889690, 0.6065493117117087, 0.1371495379773665, 0.7218727053710599, 0.6243475585357973, 0.2113602371939273, 0.5323569572215699, 0.5, 0.5, 0.5, 0.5, 0.5 * 0.0000060287657133, 0.0000052959021275, 0.0000422552674923, 0.0000322375466136, 0.0000330642562160, 0.0007479220434315, 0.0005622701038382, 0.0345599491544083, 0.0001691240121635, 0.4638418529479960 *   0
0.0152853615653167, 0.5027395512455793, 0.2682651520093275, 0.9567919662021063, 0.3216505452625689, 0.8506535728697915, 0.2825780498248422, 0.1460785135375701, 0.1833278342072516, 0.5, 0.5, 0.5, 0.5, 0.5 * 0.0000020420235639, 0.0000090966208911, 0.0000651124357707, 0.0001935896957051, 0.0000473750502726, 0.0006689967914202, 0.0000445366491562, 0.0028115286402070, 0.0038004028756715, 0.4923573192173417 *   0
0.0230902670990165, 0.1349026994476573, 0.5840479543358311, 0.9518831399976663, 0.9513915204216686, 0.0231043188940288, 0.0182858645069813, 0.6649952887860104, 0.6293754086966512, 0.5, 0.5, 0.5, 0.5, 0.5 * 0.0000001456625891, 0.0000000857773228, 0.0000001165924965, 0.0000186848335649, 0.0008047467079052, 0.0000420885321494, 0.0000437688752827, 0.0006478327000018, 0.0099876638681959, 0.4884548664504917 *   0
0.1770724734184670, 0.1497158432145211, 0.0678608822952308, 0.9619034086176675, 0.1971738297479105, 0.6773600381227955, 0.9016429585878006, 0.5723958888893927, 0.3912954532500801, 0.5, 0.5, 0.5, 0.5, 0.5 * 0.0000233369733460, 0.0000363033141968, 0.0000445538352671, 0.0000113661683425, 0.0000550436486263, 0.0006946424268246, 0.0000342684483475, 0.0123557625190126, 0.0752809593752702, 0.4114637632907665 *   0
0.7295375465087302, 0.0341713912944176, 0.7311003639973236, 0.0092565417332838, 0.7175085398915729, 0.4107579460417656, 0.0929062832579512, 0.2932989798920690, 0.4998114907647537, 0.5, 0.5, 0.5, 0.5, 0.5 * 0.0000003385953590, 0.0000003388507687, 0.0000016322998111, 0.0000225512845288, 0.0000356637401597, 0.0000238293063798, 0.0090285608147132, 0.0033517415911393, 0.3523041167715055, 0.1352312267456349 *   0
0.3292689767336794, 0.7665390087135784, 0.0211003259853927, 0.2358754776585267, 0.1007812503263267, 0.2984959591638744, 0.4936405217711071, 0.3243085752820171, 0.4396579002214865, 0.5, 0.5, 0.5, 0.5, 0.5 * 0.0000013299317414, 0.0000016949922751, 0.0000063023779639, 0.0000095676257434, 0.0000444055195476, 0.0005647970119923, 0.0020347374632076, 0.1235359225903132, 0.0384357308540552, 0.3353655116331603 *   0
0.2839939106646897, 0.0986864786123328, 0.0425401530426648, 0.4291350112432311, 0.7758897821306669, 0.6899007557378619, 0.6041928402167711, 0.9692291645189883, 0.4326002827997321, 0.5, 0.5, 0.5, 0.5, 0.5 * 0.0000346900704355, 0.0000454995915106, 0.0000025458405353, 0.0000542000865794, 0.0000615503350695, 0.0000573312405000, 0.0003403056357192, 0.0134170566950723, 0.1279837758369230, 0.3580030446676551 *   0
0.1849988080491306, 0.0124296206107501, 0.3648483550012337, 0.8864284851059451, 0.5404649956805934, 0.3215011448233859, 0.5563353162986856, 0.0914579695516536, 0.2988845777227006, 0.5, 0.5, 0.5, 0.5, 0.5 * 0.0000009825726923, 0.0000023048926557, 0.0000326576290398, 0.0000286653902152, 0.0001363545372742, 0.0001708722358237, 0.0000476407531580, 0.0007302544878870, 0.0913496715258195, 0.4075005959754347 *   0
0.2729310850952431, 0.3486517185106183, 0.8887295927334249, 0.0069981310549183, 0.6750580932363207, 0.9702524491447269, 0.8919504661541201, 0.0120941880215398, 0.7952329748287951, 0.5, 0.5, 0.5, 0.5, 0.5 * 0.0000016626630986, 0.0000004281243200, 0.0001707845982461, 0.0000209418634143, 0.0000059423591032, 0.0000961550844696, 0.0419889025434808, 0.0052941286905796, 0.0888865966209094, 0.3635344574523784 *   0
0.2984829984132587, 0.1135669616579856, 0.2758740099500278, 0.1277546166105916, 0.1675248067674808, 0.4305438596897497, 0.2054906646746633, 0.8831370165027385, 0.6700590614555678, 0.5, 0.5, 0.5, 0.5, 0.5 * 0.0000052391254321, 0.0000025797755178, 0.0000010346526933, 0.0000342313896909, 0.0000569860305387, 0.0004972792084899, 0.0040784118230410, 0.0122731416127758, 0.1322925955884498, 0.3507585007933707 *   0
0.4806544140356846, 0.0547027318061808, 0.5282596910969632, 0.6162268745788498, 0.0285249026625067, 0.7254510581146232, 0.6495176295980427, 0.3525377471710265, 0.4835725880617148, 0.5, 0.5, 0.5, 0.5, 0.5 * 0.0000098059707724, 0.0000104722067225, 0.0000372424076272, 0.0000310383430746, 0.0000335153691747, 0.0041574949904114, 0.0026652256640888, 0.0062017597993538, 0.2271806522666168, 0.2596727929821577 *   0
0.3585529482730445, 0.1144154295858068, 0.1929204208743388, 0.9564112219756521, 0.3445135663936443, 0.9545353902292137, 0.9745427844927380, 0.0665820427548988, 0.1841901583523444, 0.5, 0.5, 0.5, 0.5, 0.5 * 0.0000148748834614, 0.0000658834132602, 0.0011321557771054, 0.0000316840014215, 0.0000592803225442, 0.0024808155155463, 0.0001724887570201, 0.0165548121325999, 0.1587644793335633, 0.3207235258634777 *   0
0.1193161532838438, 0.1931212503430998, 0.1340778284399201, 0.6727323064919246, 0.5631122093475946, 0.7278380276299259, 0.0070808744090986, 0.1242070193980853, 0.1358177797569976, 0.5, 0.5, 0.5, 0.5, 0.5 * 0.0000000508765799, 0.0000003237178213, 0.0000026412931305, 0.0004229043247718, 0.0001592652220031, 0.0004540131918155, 0.0005055445296528, 0.0099764991983776, 0.0481368342877695, 0.4403419233580781 *   0
0.0166204883794396, 0.2942650715328124, 0.9165464820882988, 0.8505760989387409, 0.2960803244710343, 0.0863907770656006, 0.5215921232111715, 0.5680308558829272, 0.0419051479743352, 0.5, 0.5, 0.5, 0.5, 0.5 * 0.0000006054348687, 0.0000138423095722, 0.0000109870436367, 0.0000233289622662, 0.0005156917621559, 0.0013419714461580, 0.0003349091910840, 0.0002040784512013, 0.0058648295887768, 0.4916897558102802 *   0
0.1933209263688516, 0.4525546275323977, 0.4725557842629756, 0.4667935592433408, 0.0114736273006879, 0.0560455420315478, 0.0454120678107310, 0.7433157794844898, 0.4402699817159539, 0.5, 0.5, 0.5, 0.5, 0.5 * 0.0000000922153754, 0.0000001172365046, 0.0000000723286038, 0.0000059231887538, 0.0001045080154642, 0.0095386317081613, 0.0110222016508877, 0.0230725935697861, 0.0529163232708890, 0.4033395368155742 *   0
0.3455168932422609, 0.8420847811932139, 0.6435548493841453, 0.9748923019389121, 0.0031352303936776, 0.6478266537412194, 0.0462650973565248, 0.8659226996199799, 0.3509959603431616, 0.5, 0.5, 0.5, 0.5, 0.5 * 0.0000026067555885, 0.0000048199839841, 0.0000011499377403, 0.0001768044804697, 0.0001007774260176, 0.0909857888868698, 0.0023506478551358, 0.0518546633964284, 0.0272811878988963, 0.3272415533788696 *   0
0.0732447286477521, 0.3816008769821380, 0.3783841679703370, 0.1349096517706800, 0.9990063388827286, 0.0152492332343241, 0.7426748842665343, 0.3697818472840739, 0.2528681891285200, 0.5, 0.5, 0.5, 0.5, 0.5 * 0.0000007547211055, 0.0000022299212416, 0.0000050867174804, 0.0000027965986810, 0.0007018208922354, 0.0000007088755818, 0.0045745688273076, 0.0086871597895171, 0.0226472379807256, 0.4633776356761239 *   0
0.9193916786086707, 0.0402415739559762, 0.1183378031097063, 0.6543841514058337, 0.4508046929029770, 0.7826031156734577, 0.1497245715696945, 0.7624871184874732, 0.0266083893490063, 0.5, 0.5, 0.5, 0.5, 0.5 * 0.0000015352389661, 0.0000561623144630, 0.0000179726474571, 0.0004297258078846, 0.0001403923846678, 0.0007867352772448, 0.0007565936354217, 0.0163097668085148, 0.4411969551897154, 0.0403041606956647 *   0
0.2948899317043321, 0.4317605804799872, 0.1266309107312145, 0.3250041205086764, 0.1032399470467306, 0.0546725681306201, 0.4052358192416075, 0.7076699932607217, 0.7710473084687476, 0.5, 0.5, 0.5, 0.5, 0.5 * 0.0000032699296995, 0.0000009709640350, 0.0000017518624582, 0.0000087955618882, 0.0002557004953502, 0.0023495126605011, 0.0054414393159000, 0.0555994832553509, 0.0837840418069829, 0.3525550341478340 *   0
0.3725393346382954, 0.9953210963845817, 0.0691482988508177, 0.0572009869186212, 0.3750518534216340, 0.3378167070158835, 0.5269696156154245, 0.4112491195142498, 0.9324483638314756, 0.5, 0.5, 0.5, 0.5, 0.5 * 0.0000187749227197, 0.0000013601576214, 0.0000288257061644, 0.0000439492884869, 0.0001821209494147, 0.0004582836410132, 0.0120866505995788, 0.1725781642342862, 0.0008715378198623, 0.3137303326808523 *   0
0.2964683516400253, 0.1679514088518691, 0.1633806522765107, 0.9829758969056308, 0.4859854422910071, 0.9634448541158088, 0.6943088880247944, 0.2177980901756315, 0.3252556507127619, 0.5, 0.5, 0.5, 0.5, 0.5 * 0.0000920782915563, 0.0001910168410094, 0.0010167102621345, 0.0005722798070289, 0.0000710308922867, 0.0020551849350349, 0.0000692463458516, 0.0208285912940645, 0.1233380371510459, 0.3517658241799874 *   0
0.8007346819158340, 0.0413348735502618, 0.3548906591510823, 0.2374519287782963, 0.3880164704229759, 0.7574081545497329, 0.6260277305850889, 0.8825080468703564, 0.7196504225580257, 0.5, 0.5, 0.5, 0.5, 0.5 * 0.0001629519248139, 0.0000634801312317, 0.0000301458378882, 0.0001532727906261, 0.0001312719348599, 0.0008534641073497, 0.0044785461382476, 0.0106760005471329, 0.3838182075457670, 0.0996326590420830 *   0
0.7063167987886428, 0.2799222186579938, 0.0273200757928752, 0.2875155724061260, 0.7254818425166801, 0.1031692000586396, 0.9506338173293666, 0.5669143821890067, 0.9411908434430095, 0.5, 0.5, 0.5, 0.5, 0.5 * 0.0000294805255617, 0.0000018420545155, 0.0000239284085399, 0.0000028691703862, 0.0005052278069624, 0.0002131676309119, 0.0019242619310289, 0.0961561051682578, 0.2543015166981571, 0.1468416006056786 *   0
0.0457732486751737, 0.8783370046309833, 0.9533557253672535, 0.8150130933220560, 0.4029801797135641, 0.9819506006231301, 0.9177068676416329, 0.4024604323331548, 0.9508240930507071, 0.5, 0.5, 0.5, 0.5, 0.5 * 0.0021705168487360, 0.0001122574989059, 0.0033892723040205, 0.0005086269944210, 0.0001136080032799, 0.0093250514251248, 0.0035451848976373, 0.0009376510946653, 0.0027844552707963, 0.4771133756624131 *   0
0.9738221713219872, 0.1971913670176600, 0.0332907545535316, 0.3240128445085198, 0.7581215304127529, 0.6844175349382765, 0.6455778333570705, 0.1889048471063864, 0.3394446174332149, 0.5, 0.5, 0.5, 0.5, 0.5 * 0.0000222455947917, 0.0000432896756153, 0.0002813868515545, 0.0001904602106342, 0.0002477850618138, 0.0002505074451931, 0.0021607257264724, 0.0928182620314693, 0.3908964230634493, 0.0130889143390064 *   0
0.7320548141058789, 0.3311011341079609, 0.0315565052589199, 0.8433164073356038, 0.6288932299375968, 0.0332148042662138, 0.9214010270877746, 0.8923722081316505, 0.1260711872605939, 0.5, 0.5, 0.5, 0.5, 0.5 * 0.0000069834963852, 0.0000484097821027, 0.0000066809075783, 0.0000052951615266, 0.0019609234297143, 0.0011968854894527, 0.0005992205457209, 0.1173676907773437, 0.2448353174631149, 0.1339725929470605 *   0
0.7222210833440633, 0.1770425206874695, 0.1676549525780859, 0.6364791270515319, 0.3722381593530244, 0.5738757772249522, 0.3679261870532884, 0.8616552412797023, 0.9278684188275916, 0.5, 0.5, 0.5, 0.5, 0.5 * 0.0004286844368673, 0.0000333255078283, 0.0000741789189727, 0.0009211384007011, 0.0010821199857245, 0.0042826562508142, 0.0038963996061950, 0.0532134174373310, 0.2971786211275977, 0.1388894583279683 *   0
