0.0, 0.137, 0.5, 0.5, 0.5, 0.5, 0.5 * 0.00000, 0.00000, 0.50000 *   0
0.0, 0.497, 0.5, 0.5, 0.5, 0.5, 0.5 * 0.00000, 0.00000, 0.50000 *   0
0.0, 0.296, 0.5, 0.5, 0.5, 0.5, 0.5 * 0.00000, 0.00000, 0.50000 *   0
0.0, 0.655, 0.5, 0.5, 0.5, 0.5, 0.5 * 0.00000, 0.00000, 0.50000 *   0
0.0, 0.537, 0.5, 0.5, 0.5, 0.5, 0.5 * 0.00000, 0.00000, 0.50000 *   0
0.0, 0.565, 0.5, 0.5, 0.5, 0.5, 0.5 * 0.00000, 0.00000, 0.50000 *   0
0.0, 0.813, 0.5, 0.5, 0.5, 0.5, 0.5 * 0.00000, 0.00000, 0.50000 *   0
0.0, 0.085, 0.5, 0.5, 0.5, 0.5, 0.5 * 0.00000, 0.00000, 0.50000 *   0
0.001, 0.442, 0.5, 0.5, 0.5, 0.5, 0.5 * 0.00022, 0.00028, 0.49950 *   0
0.001, 0.474, 0.5, 0.5, 0.5, 0.5, 0.5 * 0.00024, 0.00026, 0.49950 *   0
0.001, 0.448, 0.5, 0.5, 0.5, 0.5, 0.5 * 0.00022, 0.00028, 0.49950 *   0
0.001, 0.356, 0.5, 0.5, 0.5, 0.5, 0.5 * 0.00018, 0.00032, 0.49950 *   0
0.001, 0.515, 0.5, 0.5, 0.5, 0.5, 0.5 * 0.00026, 0.00024, 0.49950 *   0
0.001, 0.224, 0.5, 0.5, 0.5, 0.5, 0.5 * 0.00011, 0.00039, 0.49950 *   0
0.001, 0.116, 0.5, 0.5, 0.5, 0.5, 0.5 * 0.00006, 0.00044, 0.49950 *   0
0.001, 0.074, 0.5, 0.5, 0.5, 0.5, 0.5 * 0.00004, 0.00046, 0.49950 *   0
0.001, 0.654, 0.5, 0.5, 0.5, 0.5, 0.5 * 0.00033, 0.00017, 0.49950 *   0
0.001, 0.031, 0.5, 0.5, 0.5, 0.5, 0.5 * 0.00002, 0.00048, 0.49950 *   0
0.001, 0.015, 0.5, 0.5, 0.5, 0.5, 0.5 * 0.00001, 0.00049, 0.49950 *   0
0.002, 0.299, 0.5, 0.5, 0.5, 0.5, 0.5 * 0.00030, 0.00070, 0.49900 *   0
0.002, 0.269, 0.5, 0.5, 0.5, 0.5, 0.5 * 0.00027, 0.00073, 0.49900 *   0
0.002, 0.318, 0.5, 0.5, 0.5, 0.5, 0.5 * 0.00032, 0.00068, 0.49900 *   0
0.002, 0.168, 0.5, 0.5, 0.5, 0.5, 0.5 * 0.00017, 0.00083, 0.49900 *   0
0.002, 0.640, 0.5, 0.5, 0.5, 0.5, 0.5 * 0.00064, 0.00036, 0.49900 *   0
0.002, 0.781, 0.5, 0.5, 0.5, 0.5, 0.5 * 0.00078, 0.00022, 0.49900 *   0
0.002, 0.384, 0.5, 0.5, 0.5, 0.5, 0.5 * 0.00038, 0.00062, 0.49900 *   0
0.002, 0.029, 0.5, 0.5, 0.5, 0.5, 0.5 * 0.00003, 0.00097, 0.49900 *   0
0.002, 0.969, 0.5, 0.5, 0.5, 0.5, 0.5 * 0.00097, 0.00003, 0.49900 *   0
0.003, 0.856, 0.5, 0.5, 0.5, 0.5, 0.5 * 0.00128, 0.00022, 0.49850 *   0
0.003, 0.808, 0.5, 0.5, 0.5, 0.5, 0.5 * 0.00121, 0.00029, 0.49850 *   0
0.004, 0.778, 0.5, 0.5, 0.5, 0.5, 0.5 * 0.00156, 0.00044, 0.49800 *   0
0.004, 0.370, 0.5, 0.5, 0.5, 0.5, 0.5 * 0.00074, 0.00126, 0.49800 *   0
0.005, 0.791, 0.5, 0.5, 0.5, 0.5, 0.5 * 0.00198, 0.00052, 0.49750 *   0
0.005, 0.444, 0.5, 0.5, 0.5, 0.5, 0.5 * 0.00111, 0.00139, 0.49750 *   0
0.006, 0.956, 0.5, 0.5, 0.5, 0.5, 0.5 * 0.00287, 0.00013, 0.49700 *   0
0.006, 0.054, 0.5, 0.5, 0.5, 0.5, 0.5 * 0.00016, 0.00284, 0.49700 *   0
0.006, 0.809, 0.5, 0.5, 0.5, 0.5, 0.5 * 0.00243, 0.00057, 0.49700 *   0
0.006, 0.183, 0.5, 0.5, 0.5, 0.5, 0.5 * 0.00055, 0.00245, 0.49700 *   0
0.006, 0.688, 0.5, 0.5, 0.5, 0.5, 0.5 * 0.00206, 0.00094, 0.49700 *   0
0.006, 0.602, 0.5, 0.5, 0.5, 0.5, 0.5 * 0.00181, 0.00119, 0.49700 *   0
0.007, 0.885, 0.5, 0.5, 0.5, 0.5, 0.5 * 0.00310, 0.00040, 0.49650 *   0
0.007, 0.212, 0.5, 0.5, 0.5, 0.5, 0.5 * 0.00074, 0.00276, 0.49650 *   0
0.008, 0.022, 0.5, 0.5, 0.5, 0.5, 0.5 * 0.00009, 0.00391, 0.49600 *   0
0.008, 0.085, 0.5, 0.5, 0.5, 0.5, 0.5 * 0.00034, 0.00366, 0.49600 *   0
0.008, 0.908, 0.5, 0.5, 0.5, 0.5, 0.5 * 0.00363, 0.00037, 0.49600 *   0
0.008, 0.227, 0.5, 0.5, 0.5, 0.5, 0.5 * 0.00091, 0.00309, 0.49600 *   0
0.009, 0.029, 0.5, 0.5, 0.5, 0.5, 0.5 * 0.00013, 0.00437, 0.49550 *   0
0.008, 0.733, 0.5, 0.5, 0.5, 0.5, 0.5 * 0.00293, 0.00107, 0.49600 *   0
0.008, 0.252, 0.5, 0.5, 0.5, 0.5, 0.5 * 0.00101, 0.00299, 0.49600 *   0
0.008, 0.285, 0.5, 0.5, 0.5, 0.5, 0.5 * 0.00114, 0.00286, 0.49600 *   0
0.008, 0.272, 0.5, 0.5, 0.5, 0.5, 0.5 * 0.00109, 0.00291, 0.49600 *   0
0.008, 0.427, 0.5, 0.5, 0.5, 0.5, 0.5 * 0.00171, 0.00229, 0.49600 *   0
0.008, 0.483, 0.5, 0.5, 0.5, 0.5, 0.5 * 0.00193, 0.00207, 0.49600 *   0
0.008, 0.532, 0.5, 0.5, 0.5, 0.5, 0.5 * 0.00213, 0.00187, 0.49600 *   0
0.009, 0.139, 0.5, 0.5, 0.5, 0.5, 0.5 * 0.00063, 0.00387, 0.49550 *   0
0.009, 0.177, 0.5, 0.5, 0.5, 0.5, 0.5 * 0.00080, 0.00370, 0.49550 *   0
0.009, 0.189, 0.5, 0.5, 0.5, 0.5, 0.5 * 0.00085, 0.00365, 0.49550 *   0
0.009, 0.579, 0.5, 0.5, 0.5, 0.5, 0.5 * 0.00261, 0.00189, 0.49550 *   0
0.011, 0.013, 0.5, 0.5, 0.5, 0.5, 0.5 * 0.00007, 0.00543, 0.49450 *   0
0.010, 0.178, 0.5, 0.5, 0.5, 0.5, 0.5 * 0.00089, 0.00411, 0.49500 *   0
0.010, 0.258, 0.5, 0.5, 0.5, 0.5, 0.5 * 0.00129, 0.00371, 0.49500 *   0
0.010, 0.360, 0.5, 0.5, 0.5, 0.5, 0.5 * 0.00180, 0.00320, 0.49500 *   0
0.011, 0.155, 0.5, 0.5, 0.5, 0.5, 0.5 * 0.00085, 0.00465, 0.49450 *   0
0.012, 0.983, 0.5, 0.5, 0.5, 0.5, 0.5 * 0.00590, 0.00010, 0.49400 *   0
0.012, 0.027, 0.5, 0.5, 0.5, 0.5, 0.5 * 0.00016, 0.00584, 0.49400 *   0
0.011, 0.338, 0.5, 0.5, 0.5, 0.5, 0.5 * 0.00186, 0.00364, 0.49450 *   0
0.013, 0.982, 0.5, 0.5, 0.5, 0.5, 0.5 * 0.00638, 0.00012, 0.49350 *   0
0.011, 0.477, 0.5, 0.5, 0.5, 0.5, 0.5 * 0.00262, 0.00288, 0.49450 *   0
0.012, 0.846, 0.5, 0.5, 0.5, 0.5, 0.5 * 0.00508, 0.00092, 0.49400 *   0
0.013, 0.825, 0.5, 0.5, 0.5, 0.5, 0.5 * 0.00536, 0.00114, 0.49350 *   0
0.013, 0.796, 0.5, 0.5, 0.5, 0.5, 0.5 * 0.00517, 0.00133, 0.49350 *   0
0.013, 0.253, 0.5, 0.5, 0.5, 0.5, 0.5 * 0.00164, 0.00486, 0.49350 *   0
1.000, 0.988, 0.5, 0.5, 0.5, 0.5, 0.5 * 0.49400, 0.00600, 0.00000 *   0
0.013, 0.515, 0.5, 0.5, 0.5, 0.5, 0.5 * 0.00335, 0.00315, 0.49350 *   0
0.967, 0.994, 0.5, 0.5, 0.5, 0.5, 0.5 * 0.48060, 0.00290, 0.01650 *   0
0.015, 0.117, 0.5, 0.5, 0.5, 0.5, 0.5 * 0.00088, 0.00662, 0.49250 *   0
0.016, 0.090, 0.5, 0.5, 0.5, 0.5, 0.5 * 0.00072, 0.00728, 0.49200 *   0
0.016, 0.095, 0.5, 0.5, 0.5, 0.5, 0.5 * 0.00076, 0.00724, 0.49200 *   0
0.015, 0.729, 0.5, 0.5, 0.5, 0.5, 0.5 * 0.00547, 0.00203, 0.49250 *   0
0.018, 0.997, 0.5, 0.5, 0.5, 0.5, 0.5 * 0.00897, 0.00003, 0.49100 *   0
0.015, 0.684, 0.5, 0.5, 0.5, 0.5, 0.5 * 0.00513, 0.00237, 0.49250 *   0
0.017, 0.915, 0.5, 0.5, 0.5, 0.5, 0.5 * 0.00778, 0.00072, 0.49150 *   0
0.015, 0.595, 0.5, 0.5, 0.5, 0.5, 0.5 * 0.00446, 0.00304, 0.49250 *   0
0.019, 1.000, 0.5, 0.5, 0.5, 0.5, 0.5 * 0.00950, 0.00000, 0.49050 *   0
0.018, 0.069, 0.5, 0.5, 0.5, 0.5, 0.5 * 0.00062, 0.00838, 0.49100 *   0
0.016, 0.623, 0.5, 0.5, 0.5, 0.5, 0.5 * 0.00498, 0.00302, 0.49200 *   0
0.016, 0.376, 0.5, 0.5, 0.5, 0.5, 0.5 * 0.00301, 0.00499, 0.49200 *   0
0.017, 0.213, 0.5, 0.5, 0.5, 0.5, 0.5 * 0.00181, 0.00669, 0.49150 *   0
0.016, 0.482, 0.5, 0.5, 0.5, 0.5, 0.5 * 0.00386, 0.00414, 0.49200 *   0
0.935, 0.001, 0.5, 0.5, 0.5, 0.5, 0.5 * 0.00047, 0.46703, 0.03250 *   0
0.980, 0.009, 0.5, 0.5, 0.5, 0.5, 0.5 * 0.00441, 0.48559, 0.01000 *   0
0.020, 0.007, 0.5, 0.5, 0.5, 0.5, 0.5 * 0.00007, 0.00993, 0.49000 *   0
0.017, 0.472, 0.5, 0.5, 0.5, 0.5, 0.5 * 0.00401, 0.00449, 0.49150 *   0
0.017, 0.558, 0.5, 0.5, 0.5, 0.5, 0.5 * 0.00474, 0.00376, 0.49150 *   0
0.020, 0.861, 0.5, 0.5, 0.5, 0.5, 0.5 * 0.00861, 0.00139, 0.49000 *   0
0.984, 0.986, 0.5, 0.5, 0.5, 0.5, 0.5 * 0.48511, 0.00689, 0.00800 *   0
0.019, 0.586, 0.5, 0.5, 0.5, 0.5, 0.5 * 0.00557, 0.00393, 0.49050 *   0
0.021, 0.158, 0.5, 0.5, 0.5, 0.5, 0.5 * 0.00166, 0.00884, 0.48950 *   0
0.020, 0.267, 0.5, 0.5, 0.5, 0.5, 0.5 * 0.00267, 0.00733, 0.49000 *   0
0.021, 0.669, 0.5, 0.5, 0.5, 0.5, 0.5 * 0.00702, 0.00348, 0.48950 *   0
0.022, 0.830, 0.5, 0.5, 0.5, 0.5, 0.5 * 0.00913, 0.00187, 0.48900 *   0
0.024, 0.048, 0.5, 0.5, 0.5, 0.5, 0.5 * 0.00058, 0.01142, 0.48800 *   0
0.022, 0.779, 0.5, 0.5, 0.5, 0.5, 0.5 * 0.00857, 0.00243, 0.48900 *   0
0.023, 0.205, 0.5, 0.5, 0.5, 0.5, 0.5 * 0.00236, 0.00914, 0.48850 *   0
0.024, 0.841, 0.5, 0.5, 0.5, 0.5, 0.5 * 0.01009, 0.00191, 0.48800 *   0
0.024, 0.652, 0.5, 0.5, 0.5, 0.5, 0.5 * 0.00782, 0.00418, 0.48800 *   0
0.024, 0.435, 0.5, 0.5, 0.5, 0.5, 0.5 * 0.00522, 0.00678, 0.48800 *   0
0.028, 0.058, 0.5, 0.5, 0.5, 0.5, 0.5 * 0.00081, 0.01319, 0.48600 *   0
0.028, 0.085, 0.5, 0.5, 0.5, 0.5, 0.5 * 0.00119, 0.01281, 0.48600 *   0
0.026, 0.262, 0.5, 0.5, 0.5, 0.5, 0.5 * 0.00341, 0.00959, 0.48700 *   0
0.939, 0.008, 0.5, 0.5, 0.5, 0.5, 0.5 * 0.00376, 0.46574, 0.03050 *   0
0.026, 0.344, 0.5, 0.5, 0.5, 0.5, 0.5 * 0.00447, 0.00853, 0.48700 *   0
0.029, 0.875, 0.5, 0.5, 0.5, 0.5, 0.5 * 0.01269, 0.00181, 0.48550 *   0
0.032, 0.953, 0.5, 0.5, 0.5, 0.5, 0.5 * 0.01525, 0.00075, 0.48400 *   0
0.029, 0.816, 0.5, 0.5, 0.5, 0.5, 0.5 * 0.01183, 0.00267, 0.48550 *   0
0.028, 0.492, 0.5, 0.5, 0.5, 0.5, 0.5 * 0.00689, 0.00711, 0.48600 *   0
0.032, 0.062, 0.5, 0.5, 0.5, 0.5, 0.5 * 0.00099, 0.01501, 0.48400 *   0
0.028, 0.333, 0.5, 0.5, 0.5, 0.5, 0.5 * 0.00466, 0.00934, 0.48600 *   0
0.030, 0.815, 0.5, 0.5, 0.5, 0.5, 0.5 * 0.01222, 0.00277, 0.48500 *   0
0.029, 0.309, 0.5, 0.5, 0.5, 0.5, 0.5 * 0.00448, 0.01002, 0.48550 *   0
0.030, 0.719, 0.5, 0.5, 0.5, 0.5, 0.5 * 0.01078, 0.00422, 0.48500 *   0
0.037, 0.922, 0.5, 0.5, 0.5, 0.5, 0.5 * 0.01706, 0.00144, 0.48150 *   0
0.041, 0.989, 0.5, 0.5, 0.5, 0.5, 0.5 * 0.02027, 0.00023, 0.47950 *   0
0.035, 0.134, 0.5, 0.5, 0.5, 0.5, 0.5 * 0.00235, 0.01516, 0.48250 *   0
0.034, 0.764, 0.5, 0.5, 0.5, 0.5, 0.5 * 0.01299, 0.00401, 0.48300 *   0
0.033, 0.438, 0.5, 0.5, 0.5, 0.5, 0.5 * 0.00723, 0.00927, 0.48350 *   0
0.034, 0.678, 0.5, 0.5, 0.5, 0.5, 0.5 * 0.01153, 0.00547, 0.48300 *   0
0.040, 0.928, 0.5, 0.5, 0.5, 0.5, 0.5 * 0.01856, 0.00144, 0.48000 *   0
0.035, 0.391, 0.5, 0.5, 0.5, 0.5, 0.5 * 0.00684, 0.01066, 0.48250 *   0
0.040, 0.886, 0.5, 0.5, 0.5, 0.5, 0.5 * 0.01772, 0.00228, 0.48000 *   0
0.036, 0.631, 0.5, 0.5, 0.5, 0.5, 0.5 * 0.01136, 0.00664, 0.48200 *   0
0.036, 0.398, 0.5, 0.5, 0.5, 0.5, 0.5 * 0.00716, 0.01084, 0.48200 *   0
0.041, 0.129, 0.5, 0.5, 0.5, 0.5, 0.5 * 0.00264, 0.01786, 0.47950 *   0
0.038, 0.415, 0.5, 0.5, 0.5, 0.5, 0.5 * 0.00788, 0.01111, 0.48100 *   0
0.906, 0.987, 0.5, 0.5, 0.5, 0.5, 0.5 * 0.44711, 0.00589, 0.04700 *   0
0.043, 0.832, 0.5, 0.5, 0.5, 0.5, 0.5 * 0.01789, 0.00361, 0.47850 *   0
0.051, 0.989, 0.5, 0.5, 0.5, 0.5, 0.5 * 0.02522, 0.00028, 0.47450 *   0
0.049, 0.967, 0.5, 0.5, 0.5, 0.5, 0.5 * 0.02369, 0.00081, 0.47550 *   0
0.040, 0.498, 0.5, 0.5, 0.5, 0.5, 0.5 * 0.00996, 0.01004, 0.48000 *   0
0.961, 0.025, 0.5, 0.5, 0.5, 0.5, 0.5 * 0.01201, 0.46849, 0.01950 *   0
0.895, 0.010, 0.5, 0.5, 0.5, 0.5, 0.5 * 0.00447, 0.44302, 0.05250 *   0
0.041, 0.413, 0.5, 0.5, 0.5, 0.5, 0.5 * 0.00847, 0.01203, 0.47950 *   0
0.983, 0.031, 0.5, 0.5, 0.5, 0.5, 0.5 * 0.01524, 0.47626, 0.00850 *   0
0.043, 0.636, 0.5, 0.5, 0.5, 0.5, 0.5 * 0.01367, 0.00783, 0.47850 *   0
0.056, 0.994, 0.5, 0.5, 0.5, 0.5, 0.5 * 0.02783, 0.00017, 0.47200 *   0
0.044, 0.667, 0.5, 0.5, 0.5, 0.5, 0.5 * 0.01467, 0.00733, 0.47800 *   0
0.050, 0.118, 0.5, 0.5, 0.5, 0.5, 0.5 * 0.00295, 0.02205, 0.47500 *   0
0.055, 0.046, 0.5, 0.5, 0.5, 0.5, 0.5 * 0.00126, 0.02623, 0.47250 *   0
0.047, 0.641, 0.5, 0.5, 0.5, 0.5, 0.5 * 0.01506, 0.00844, 0.47650 *   0
0.046, 0.461, 0.5, 0.5, 0.5, 0.5, 0.5 * 0.01060, 0.01240, 0.47700 *   0
0.885, 0.012, 0.5, 0.5, 0.5, 0.5, 0.5 * 0.00531, 0.43719, 0.05750 *   0
0.929, 0.022, 0.5, 0.5, 0.5, 0.5, 0.5 * 0.01022, 0.45428, 0.03550 *   0
0.050, 0.179, 0.5, 0.5, 0.5, 0.5, 0.5 * 0.00448, 0.02053, 0.47500 *   0
0.048, 0.474, 0.5, 0.5, 0.5, 0.5, 0.5 * 0.01138, 0.01262, 0.47600 *   0
0.049, 0.431, 0.5, 0.5, 0.5, 0.5, 0.5 * 0.01056, 0.01394, 0.47550 *   0
0.981, 0.038, 0.5, 0.5, 0.5, 0.5, 0.5 * 0.01864, 0.47186, 0.00950 *   0
0.051, 0.332, 0.5, 0.5, 0.5, 0.5, 0.5 * 0.00847, 0.01703, 0.47450 *   0
0.059, 0.895, 0.5, 0.5, 0.5, 0.5, 0.5 * 0.02640, 0.00310, 0.47050 *   0
0.053, 0.592, 0.5, 0.5, 0.5, 0.5, 0.5 * 0.01569, 0.01081, 0.47350 *   0
0.064, 0.064, 0.5, 0.5, 0.5, 0.5, 0.5 * 0.00205, 0.02995, 0.46800 *   0
0.071, 0.985, 0.5, 0.5, 0.5, 0.5, 0.5 * 0.03497, 0.00053, 0.46450 *   0
0.054, 0.579, 0.5, 0.5, 0.5, 0.5, 0.5 * 0.01563, 0.01137, 0.47300 *   0
0.862, 0.985, 0.5, 0.5, 0.5, 0.5, 0.5 * 0.42454, 0.00646, 0.06900 *   0
0.056, 0.281, 0.5, 0.5, 0.5, 0.5, 0.5 * 0.00787, 0.02013, 0.47200 *   0
0.059, 0.804, 0.5, 0.5, 0.5, 0.5, 0.5 * 0.02372, 0.00578, 0.47050 *   0
0.077, 0.996, 0.5, 0.5, 0.5, 0.5, 0.5 * 0.03835, 0.00015, 0.46150 *   0
0.842, 0.987, 0.5, 0.5, 0.5, 0.5, 0.5 * 0.41553, 0.00547, 0.07900 *   0
0.059, 0.399, 0.5, 0.5, 0.5, 0.5, 0.5 * 0.01177, 0.01773, 0.47050 *   0
0.074, 0.042, 0.5, 0.5, 0.5, 0.5, 0.5 * 0.00155, 0.03545, 0.46300 *   0
0.073, 0.051, 0.5, 0.5, 0.5, 0.5, 0.5 * 0.00186, 0.03464, 0.46350 *   0
0.080, 0.010, 0.5, 0.5, 0.5, 0.5, 0.5 * 0.00040, 0.03960, 0.46000 *   0
0.063, 0.253, 0.5, 0.5, 0.5, 0.5, 0.5 * 0.00797, 0.02353, 0.46850 *   0
0.829, 0.011, 0.5, 0.5, 0.5, 0.5, 0.5 * 0.00456, 0.40994, 0.08550 *   0
0.062, 0.441, 0.5, 0.5, 0.5, 0.5, 0.5 * 0.01367, 0.01733, 0.46900 *   0
0.074, 0.896, 0.5, 0.5, 0.5, 0.5, 0.5 * 0.03315, 0.00385, 0.46300 *   0
0.823, 0.986, 0.5, 0.5, 0.5, 0.5, 0.5 * 0.40574, 0.00576, 0.08850 *   0
0.073, 0.853, 0.5, 0.5, 0.5, 0.5, 0.5 * 0.03113, 0.00537, 0.46350 *   0
0.065, 0.615, 0.5, 0.5, 0.5, 0.5, 0.5 * 0.01999, 0.01251, 0.46750 *   0
0.068, 0.648, 0.5, 0.5, 0.5, 0.5, 0.5 * 0.02203, 0.01197, 0.46600 *   0
0.752, 0.995, 0.5, 0.5, 0.5, 0.5, 0.5 * 0.37412, 0.00188, 0.12400 *   0
0.074, 0.301, 0.5, 0.5, 0.5, 0.5, 0.5 * 0.01114, 0.02586, 0.46300 *   0
0.082, 0.126, 0.5, 0.5, 0.5, 0.5, 0.5 * 0.00517, 0.03583, 0.45900 *   0
0.848, 0.974, 0.5, 0.5, 0.5, 0.5, 0.5 * 0.41298, 0.01102, 0.07600 *   0
0.077, 0.317, 0.5, 0.5, 0.5, 0.5, 0.5 * 0.01220, 0.02630, 0.46150 *   0
0.078, 0.705, 0.5, 0.5, 0.5, 0.5, 0.5 * 0.02749, 0.01151, 0.46100 *   0
0.926, 0.951, 0.5, 0.5, 0.5, 0.5, 0.5 * 0.44031, 0.02269, 0.03700 *   0
0.087, 0.822, 0.5, 0.5, 0.5, 0.5, 0.5 * 0.03576, 0.00774, 0.45650 *   0
0.080, 0.386, 0.5, 0.5, 0.5, 0.5, 0.5 * 0.01544, 0.02456, 0.46000 *   0
0.085, 0.208, 0.5, 0.5, 0.5, 0.5, 0.5 * 0.00884, 0.03366, 0.45750 *   0
0.079, 0.565, 0.5, 0.5, 0.5, 0.5, 0.5 * 0.02232, 0.01718, 0.46050 *   0
0.098, 0.083, 0.5, 0.5, 0.5, 0.5, 0.5 * 0.00407, 0.04493, 0.45100 *   0
0.083, 0.624, 0.5, 0.5, 0.5, 0.5, 0.5 * 0.02590, 0.01560, 0.45850 *   0
0.084, 0.573, 0.5, 0.5, 0.5, 0.5, 0.5 * 0.02407, 0.01793, 0.45800 *   0
0.829, 0.028, 0.5, 0.5, 0.5, 0.5, 0.5 * 0.01161, 0.40289, 0.08550 *   0
0.090, 0.251, 0.5, 0.5, 0.5, 0.5, 0.5 * 0.01129, 0.03371, 0.45500 *   0
0.831, 0.029, 0.5, 0.5, 0.5, 0.5, 0.5 * 0.01205, 0.40345, 0.08450 *   0
0.089, 0.324, 0.5, 0.5, 0.5, 0.5, 0.5 * 0.01442, 0.03008, 0.45550 *   0
0.117, 0.952, 0.5, 0.5, 0.5, 0.5, 0.5 * 0.05569, 0.00281, 0.44150 *   0
0.088, 0.639, 0.5, 0.5, 0.5, 0.5, 0.5 * 0.02812, 0.01588, 0.45600 *   0
0.671, 0.0, 0.5, 0.5, 0.5, 0.5, 0.5 * 0.00000, 0.33550, 0.16450 *   0
0.782, 0.020, 0.5, 0.5, 0.5, 0.5, 0.5 * 0.00782, 0.38318, 0.10900 *   0
0.121, 0.954, 0.5, 0.5, 0.5, 0.5, 0.5 * 0.05772, 0.00278, 0.43950 *   0
0.134, 0.983, 0.5, 0.5, 0.5, 0.5, 0.5 * 0.06586, 0.00114, 0.43300 *   0
0.145, 0.999, 0.5, 0.5, 0.5, 0.5, 0.5 * 0.07243, 0.00007, 0.42750 *   0
0.107, 0.868, 0.5, 0.5, 0.5, 0.5, 0.5 * 0.04644, 0.00706, 0.44650 *   0
0.097, 0.414, 0.5, 0.5, 0.5, 0.5, 0.5 * 0.02008, 0.02842, 0.45150 *   0
0.098, 0.418, 0.5, 0.5, 0.5, 0.5, 0.5 * 0.02048, 0.02852, 0.45100 *   0
0.773, 0.025, 0.5, 0.5, 0.5, 0.5, 0.5 * 0.00966, 0.37684, 0.11350 *   0
0.101, 0.376, 0.5, 0.5, 0.5, 0.5, 0.5 * 0.01899, 0.03151, 0.44950 *   0
0.895, 0.056, 0.5, 0.5, 0.5, 0.5, 0.5 * 0.02506, 0.42244, 0.05250 *   0
0.104, 0.410, 0.5, 0.5, 0.5, 0.5, 0.5 * 0.02132, 0.03068, 0.44800 *   0
0.111, 0.756, 0.5, 0.5, 0.5, 0.5, 0.5 * 0.04196, 0.01354, 0.44450 *   0
0.119, 0.211, 0.5, 0.5, 0.5, 0.5, 0.5 * 0.01255, 0.04695, 0.44050 *   0
0.675, 0.012, 0.5, 0.5, 0.5, 0.5, 0.5 * 0.00405, 0.33345, 0.16250 *   0
0.118, 0.740, 0.5, 0.5, 0.5, 0.5, 0.5 * 0.04366, 0.01534, 0.44100 *   0
0.133, 0.123, 0.5, 0.5, 0.5, 0.5, 0.5 * 0.00818, 0.05832, 0.43350 *   0
0.119, 0.253, 0.5, 0.5, 0.5, 0.5, 0.5 * 0.01505, 0.04445, 0.44050 *   0
0.111, 0.476, 0.5, 0.5, 0.5, 0.5, 0.5 * 0.02642, 0.02908, 0.44450 *   0
0.145, 0.907, 0.5, 0.5, 0.5, 0.5, 0.5 * 0.06576, 0.00674, 0.42750 *   0
0.816, 0.045, 0.5, 0.5, 0.5, 0.5, 0.5 * 0.01836, 0.38964, 0.09200 *   0
0.155, 0.925, 0.5, 0.5, 0.5, 0.5, 0.5 * 0.07169, 0.00581, 0.42250 *   0
0.118, 0.619, 0.5, 0.5, 0.5, 0.5, 0.5 * 0.03652, 0.02248, 0.44100 *   0
0.118, 0.595, 0.5, 0.5, 0.5, 0.5, 0.5 * 0.03511, 0.02389, 0.44100 *   0
0.722, 0.027, 0.5, 0.5, 0.5, 0.5, 0.5 * 0.00975, 0.35125, 0.13900 *   0
0.129, 0.212, 0.5, 0.5, 0.5, 0.5, 0.5 * 0.01367, 0.05083, 0.43550 *   0
0.208, 0.002, 0.5, 0.5, 0.5, 0.5, 0.5 * 0.00021, 0.10379, 0.39600 *   0
0.131, 0.196, 0.5, 0.5, 0.5, 0.5, 0.5 * 0.01284, 0.05266, 0.43450 *   0
0.847, 0.057, 0.5, 0.5, 0.5, 0.5, 0.5 * 0.02414, 0.39936, 0.07650 *   0
0.141, 0.148, 0.5, 0.5, 0.5, 0.5, 0.5 * 0.01043, 0.06007, 0.42950 *   0
0.837, 0.058, 0.5, 0.5, 0.5, 0.5, 0.5 * 0.02427, 0.39423, 0.08150 *   0
0.183, 0.035, 0.5, 0.5, 0.5, 0.5, 0.5 * 0.00320, 0.08830, 0.40850 *   0
0.125, 0.355, 0.5, 0.5, 0.5, 0.5, 0.5 * 0.02219, 0.04031, 0.43750 *   0
0.128, 0.303, 0.5, 0.5, 0.5, 0.5, 0.5 * 0.01939, 0.04461, 0.43600 *   0
0.135, 0.245, 0.5, 0.5, 0.5, 0.5, 0.5 * 0.01654, 0.05096, 0.43250 *   0
0.888, 0.923, 0.5, 0.5, 0.5, 0.5, 0.5 * 0.40981, 0.03419, 0.05600 *   0
0.258, 0.999, 0.5, 0.5, 0.5, 0.5, 0.5 * 0.12887, 0.00013, 0.37100 *   0
0.669, 0.024, 0.5, 0.5, 0.5, 0.5, 0.5 * 0.00803, 0.32647, 0.16550 *   0
0.223, 0.011, 0.5, 0.5, 0.5, 0.5, 0.5 * 0.00123, 0.11027, 0.38850 *   0
0.175, 0.917, 0.5, 0.5, 0.5, 0.5, 0.5 * 0.08024, 0.00726, 0.41250 *   0
0.186, 0.930, 0.5, 0.5, 0.5, 0.5, 0.5 * 0.08649, 0.00651, 0.40700 *   0
0.178, 0.073, 0.5, 0.5, 0.5, 0.5, 0.5 * 0.00650, 0.08250, 0.41100 *   0
0.140, 0.274, 0.5, 0.5, 0.5, 0.5, 0.5 * 0.01918, 0.05082, 0.43000 *   0
0.231, 0.979, 0.5, 0.5, 0.5, 0.5, 0.5 * 0.11307, 0.00243, 0.38450 *   0
0.945, 0.097, 0.5, 0.5, 0.5, 0.5, 0.5 * 0.04583, 0.42667, 0.02750 *   0
0.147, 0.750, 0.5, 0.5, 0.5, 0.5, 0.5 * 0.05512, 0.01837, 0.42650 *   0
0.147, 0.240, 0.5, 0.5, 0.5, 0.5, 0.5 * 0.01764, 0.05586, 0.42650 *   0
0.145, 0.684, 0.5, 0.5, 0.5, 0.5, 0.5 * 0.04959, 0.02291, 0.42750 *   0
0.230, 0.960, 0.5, 0.5, 0.5, 0.5, 0.5 * 0.11040, 0.00460, 0.38500 *   0
0.188, 0.090, 0.5, 0.5, 0.5, 0.5, 0.5 * 0.00846, 0.08554, 0.40600 *   0
0.196, 0.904, 0.5, 0.5, 0.5, 0.5, 0.5 * 0.08859, 0.00941, 0.40200 *   0
0.156, 0.247, 0.5, 0.5, 0.5, 0.5, 0.5 * 0.01927, 0.05873, 0.42200 *   0
0.277, 0.978, 0.5, 0.5, 0.5, 0.5, 0.5 * 0.13545, 0.00305, 0.36150 *   0
0.427, 0.005, 0.5, 0.5, 0.5, 0.5, 0.5 * 0.00107, 0.21243, 0.28650 *   0
0.212, 0.926, 0.5, 0.5, 0.5, 0.5, 0.5 * 0.09816, 0.00784, 0.39400 *   0
0.723, 0.051, 0.5, 0.5, 0.5, 0.5, 0.5 * 0.01844, 0.34306, 0.13850 *   0
0.149, 0.492, 0.5, 0.5, 0.5, 0.5, 0.5 * 0.03665, 0.03785, 0.42550 *   0
0.176, 0.178, 0.5, 0.5, 0.5, 0.5, 0.5 * 0.01566, 0.07234, 0.41200 *   0
0.570, 0.025, 0.5, 0.5, 0.5, 0.5, 0.5 * 0.00713, 0.27787, 0.21500 *   0
0.871, 0.091, 0.5, 0.5, 0.5, 0.5, 0.5 * 0.03963, 0.39587, 0.06450 *   0
0.615, 0.963, 0.5, 0.5, 0.5, 0.5, 0.5 * 0.29612, 0.01138, 0.19250 *   0
0.714, 0.053, 0.5, 0.5, 0.5, 0.5, 0.5 * 0.01892, 0.33808, 0.14300 *   0
0.369, 0.011, 0.5, 0.5, 0.5, 0.5, 0.5 * 0.00203, 0.18247, 0.31550 *   0
0.906, 0.895, 0.5, 0.5, 0.5, 0.5, 0.5 * 0.40543, 0.04757, 0.04700 *   0
0.175, 0.759, 0.5, 0.5, 0.5, 0.5, 0.5 * 0.06641, 0.02109, 0.41250 *   0
0.208, 0.884, 0.5, 0.5, 0.5, 0.5, 0.5 * 0.09194, 0.01206, 0.39600 *   0
0.157, 0.497, 0.5, 0.5, 0.5, 0.5, 0.5 * 0.03901, 0.03949, 0.42150 *   0
0.176, 0.223, 0.5, 0.5, 0.5, 0.5, 0.5 * 0.01962, 0.06838, 0.41200 *   0
0.768, 0.926, 0.5, 0.5, 0.5, 0.5, 0.5 * 0.35558, 0.02842, 0.11600 *   0
0.236, 0.070, 0.5, 0.5, 0.5, 0.5, 0.5 * 0.00826, 0.10974, 0.38200 *   0
0.606, 0.037, 0.5, 0.5, 0.5, 0.5, 0.5 * 0.01121, 0.29179, 0.19700 *   0
0.247, 0.060, 0.5, 0.5, 0.5, 0.5, 0.5 * 0.00741, 0.11609, 0.37650 *   0
0.197, 0.835, 0.5, 0.5, 0.5, 0.5, 0.5 * 0.08225, 0.01625, 0.40150 *   0
0.760, 0.923, 0.5, 0.5, 0.5, 0.5, 0.5 * 0.35074, 0.02926, 0.12000 *   0
0.277, 0.051, 0.5, 0.5, 0.5, 0.5, 0.5 * 0.00706, 0.13144, 0.36150 *   0
0.888, 0.108, 0.5, 0.5, 0.5, 0.5, 0.5 * 0.04795, 0.39605, 0.05600 *   0
0.996, 0.854, 0.5, 0.5, 0.5, 0.5, 0.5 * 0.42529, 0.07271, 0.00200 *   0
0.210, 0.176, 0.5, 0.5, 0.5, 0.5, 0.5 * 0.01848, 0.08652, 0.39500 *   0
0.273, 0.917, 0.5, 0.5, 0.5, 0.5, 0.5 * 0.12517, 0.01133, 0.36350 *   0
0.196, 0.266, 0.5, 0.5, 0.5, 0.5, 0.5 * 0.02607, 0.07193, 0.40200 *   0
0.927, 0.133, 0.5, 0.5, 0.5, 0.5, 0.5 * 0.06165, 0.40185, 0.03650 *   0
0.229, 0.823, 0.5, 0.5, 0.5, 0.5, 0.5 * 0.09423, 0.02027, 0.38550 *   0
0.250, 0.129, 0.5, 0.5, 0.5, 0.5, 0.5 * 0.01612, 0.10888, 0.37500 *   0
0.478, 0.949, 0.5, 0.5, 0.5, 0.5, 0.5 * 0.22681, 0.01219, 0.26100 *   0
0.285, 0.090, 0.5, 0.5, 0.5, 0.5, 0.5 * 0.01283, 0.12967, 0.35750 *   0
0.619, 0.931, 0.5, 0.5, 0.5, 0.5, 0.5 * 0.28814, 0.02136, 0.19050 *   0
0.196, 0.535, 0.5, 0.5, 0.5, 0.5, 0.5 * 0.05243, 0.04557, 0.40200 *   0
0.261, 0.854, 0.5, 0.5, 0.5, 0.5, 0.5 * 0.11145, 0.01905, 0.36950 *   0
0.243, 0.181, 0.5, 0.5, 0.5, 0.5, 0.5 * 0.02199, 0.09951, 0.37850 *   0
0.218, 0.703, 0.5, 0.5, 0.5, 0.5, 0.5 * 0.07663, 0.03237, 0.39100 *   0
0.246, 0.185, 0.5, 0.5, 0.5, 0.5, 0.5 * 0.02276, 0.10025, 0.37700 *   0
0.580, 0.076, 0.5, 0.5, 0.5, 0.5, 0.5 * 0.02204, 0.26796, 0.21000 *   0
0.231, 0.327, 0.5, 0.5, 0.5, 0.5, 0.5 * 0.03777, 0.07773, 0.38450 *   0
0.827, 0.137, 0.5, 0.5, 0.5, 0.5, 0.5 * 0.05665, 0.35685, 0.08650 *   0
0.259, 0.340, 0.5, 0.5, 0.5, 0.5, 0.5 * 0.04403, 0.08547, 0.37050 *   0
0.327, 0.813, 0.5, 0.5, 0.5, 0.5, 0.5 * 0.13293, 0.03057, 0.33650 *   0
0.250, 0.480, 0.5, 0.5, 0.5, 0.5, 0.5 * 0.06000, 0.06500, 0.37500 *   0
0.375, 0.136, 0.5, 0.5, 0.5, 0.5, 0.5 * 0.02550, 0.16200, 0.31250 *   0
0.260, 0.462, 0.5, 0.5, 0.5, 0.5, 0.5 * 0.06006, 0.06994, 0.37000 *   0
0.476, 0.771, 0.5, 0.5, 0.5, 0.5, 0.5 * 0.18350, 0.05450, 0.26200 *   0
0.415, 0.659, 0.5, 0.5, 0.5, 0.5, 0.5 * 0.13674, 0.07076, 0.29250 *   0
0.809, 0.369, 0.5, 0.5, 0.5, 0.5, 0.5 * 0.14926, 0.25524, 0.09550 *   0
