0.01883, 0.99957, 0.5, 0.5, 0.5, 0.5, 0.5, 0.5, 0.5, 0.5, 0.5, 0.5 * 0.00068, 0.99956, 0.02957 *   0
0.00105, 0.99659, 0.5, 0.5, 0.5, 0.5, 0.5, 0.5, 0.5, 0.5, 0.5, 0.5 * 0.00536, 0.99998, 0.00165 *   0
0.00263, 0.99659, 0.5, 0.5, 0.5, 0.5, 0.5, 0.5, 0.5, 0.5, 0.5, 0.5 * 0.00536, 0.99998, 0.00413 *   0
0.99999, 0.20433, 0.5, 0.5, 0.5, 0.5, 0.5, 0.5, 0.5, 0.5, 0.5, 0.5 * 0.00001, 0.00000, 1.00000 *   0
0.99999, 0.25511, 0.5, 0.5, 0.5, 0.5, 0.5, 0.5, 0.5, 0.5, 0.5, 0.5 * 0.00001, 0.00001, 1.00000 *   0
0.99995, 0.46870, 0.5, 0.5, 0.5, 0.5, 0.5, 0.5, 0.5, 0.5, 0.5, 0.5 * 0.00006, 0.00005, 1.00000 *   0
0.99991, 0.69515, 0.5, 0.5, 0.5, 0.5, 0.5, 0.5, 0.5, 0.5, 0.5, 0.5 * 0.00007, 0.00013, 1.00000 *   0
0.99989, 0.29799, 0.5, 0.5, 0.5, 0.5, 0.5, 0.5, 0.5, 0.5, 0.5, 0.5 * 0.00015, 0.00008, 1.00000 *   0
0.99968, 0.02786, 0.5, 0.5, 0.5, 0.5, 0.5, 0.5, 0.5, 0.5, 0.5, 0.5 * 0.00050, 0.00002, 1.00000 *   0
0.99972, 0.57020, 0.5, 0.5, 0.5, 0.5, 0.5, 0.5, 0.5, 0.5, 0.5, 0.5 * 0.00027, 0.00034, 1.00000 *   0
0.99959, 0.47581, 0.5, 0.5, 0.5, 0.5, 0.5, 0.5, 0.5, 0.5, 0.5, 0.5 * 0.00047, 0.00044, 1.00000 *   0
0.99930, 0.02651, 0.5, 0.5, 0.5, 0.5, 0.5, 0.5, 0.5, 0.5, 0.5, 0.5 * 0.00110, 0.00005, 1.00000 *   0
0.99928, 0.07900, 0.5, 0.5, 0.5, 0.5, 0.5, 0.5, 0.5, 0.5, 0.5, 0.5 * 0.00112, 0.00014, 1.00000 *   0
0.99942, 0.72731, 0.5, 0.5, 0.5, 0.5, 0.5, 0.5, 0.5, 0.5, 0.5, 0.5 * 0.00038, 0.00083, 1.00000 *   0
0.99926, 0.10344, 0.5, 0.5, 0.5, 0.5, 0.5, 0.5, 0.5, 0.5, 0.5, 0.5 * 0.00115, 0.00019, 1.00000 *   0
0.99913, 0.02422, 0.5, 0.5, 0.5, 0.5, 0.5, 0.5, 0.5, 0.5, 0.5, 0.5 * 0.00137, 0.00005, 1.00000 *   0
0.99935, 0.76473, 0.5, 0.5, 0.5, 0.5, 0.5, 0.5, 0.5, 0.5, 0.5, 0.5 * 0.00037, 0.00095, 1.00000 *   0
0.99915, 0.05704, 0.5, 0.5, 0.5, 0.5, 0.5, 0.5, 0.5, 0.5, 0.5, 0.5 * 0.00133, 0.00012, 1.00000 *   0
0.99915, 0.95136, 0.5, 0.5, 0.5, 0.5, 0.5, 0.5, 0.5, 0.5, 0.5, 0.5 * 0.00010, 0.00133, 1.00000 *   0
0.99880, 0.02867, 0.5, 0.5, 0.5, 0.5, 0.5, 0.5, 0.5, 0.5, 0.5, 0.5 * 0.00188, 0.00008, 1.00000 *   0
0.99887, 0.82445, 0.5, 0.5, 0.5, 0.5, 0.5, 0.5, 0.5, 0.5, 0.5, 0.5 * 0.00048, 0.00171, 1.00000 *   0
0.99892, 0.80946, 0.5, 0.5, 0.5, 0.5, 0.5, 0.5, 0.5, 0.5, 0.5, 0.5 * 0.00050, 0.00162, 1.00000 *   0
0.99905, 0.66770, 0.5, 0.5, 0.5, 0.5, 0.5, 0.5, 0.5, 0.5, 0.5, 0.5 * 0.00074, 0.00129, 1.00000 *   0
0.99905, 0.25452, 0.5, 0.5, 0.5, 0.5, 0.5, 0.5, 0.5, 0.5, 0.5, 0.5 * 0.00137, 0.00058, 1.00000 *   0
0.99860, 0.98094, 0.5, 0.5, 0.5, 0.5, 0.5, 0.5, 0.5, 0.5, 0.5, 0.5 * 0.00007, 0.00220, 1.00000 *   0
0.99860, 0.94639, 0.5, 0.5, 0.5, 0.5, 0.5, 0.5, 0.5, 0.5, 0.5, 0.5 * 0.00018, 0.00219, 1.00000 *   0
0.99844, 0.00138, 0.5, 0.5, 0.5, 0.5, 0.5, 0.5, 0.5, 0.5, 0.5, 0.5 * 0.00245, 0.00001, 1.00000 *   0
0.99899, 0.40531, 0.5, 0.5, 0.5, 0.5, 0.5, 0.5, 0.5, 0.5, 0.5, 0.5 * 0.00128, 0.00094, 1.00000 *   0
0.99883, 0.63528, 0.5, 0.5, 0.5, 0.5, 0.5, 0.5, 0.5, 0.5, 0.5, 0.5 * 0.00100, 0.00154, 1.00000 *   0
0.99837, 0.05763, 0.5, 0.5, 0.5, 0.5, 0.5, 0.5, 0.5, 0.5, 0.5, 0.5 * 0.00255, 0.00023, 1.00000 *   0
0.99868, 0.69218, 0.5, 0.5, 0.5, 0.5, 0.5, 0.5, 0.5, 0.5, 0.5, 0.5 * 0.00096, 0.00184, 1.00000 *   0
0.99883, 0.38424, 0.5, 0.5, 0.5, 0.5, 0.5, 0.5, 0.5, 0.5, 0.5, 0.5 * 0.00151, 0.00104, 1.00000 *   0
0.99845, 0.11280, 0.5, 0.5, 0.5, 0.5, 0.5, 0.5, 0.5, 0.5, 0.5, 0.5 * 0.00240, 0.00043, 1.00000 *   0
0.99827, 0.09625, 0.5, 0.5, 0.5, 0.5, 0.5, 0.5, 0.5, 0.5, 0.5, 0.5 * 0.00269, 0.00041, 1.00000 *   0
0.99848, 0.18242, 0.5, 0.5, 0.5, 0.5, 0.5, 0.5, 0.5, 0.5, 0.5, 0.5 * 0.00229, 0.00067, 1.00000 *   0
0.99844, 0.76217, 0.5, 0.5, 0.5, 0.5, 0.5, 0.5, 0.5, 0.5, 0.5, 0.5 * 0.00089, 0.00228, 1.00000 *   0
0.99840, 0.63589, 0.5, 0.5, 0.5, 0.5, 0.5, 0.5, 0.5, 0.5, 0.5, 0.5 * 0.00136, 0.00211, 1.00000 *   0
0.99840, 0.54967, 0.5, 0.5, 0.5, 0.5, 0.5, 0.5, 0.5, 0.5, 0.5, 0.5 * 0.00163, 0.00191, 1.00000 *   0
0.99827, 0.66891, 0.5, 0.5, 0.5, 0.5, 0.5, 0.5, 0.5, 0.5, 0.5, 0.5 * 0.00135, 0.00236, 1.00000 *   0
0.99805, 0.16847, 0.5, 0.5, 0.5, 0.5, 0.5, 0.5, 0.5, 0.5, 0.5, 0.5 * 0.00296, 0.00080, 1.00000 *   0
0.99795, 0.84333, 0.5, 0.5, 0.5, 0.5, 0.5, 0.5, 0.5, 0.5, 0.5, 0.5 * 0.00078, 0.00312, 0.99999 *   0
0.99702, 0.00694, 0.5, 0.5, 0.5, 0.5, 0.5, 0.5, 0.5, 0.5, 0.5, 0.5 * 0.00468, 0.00005, 0.99999 *   0
0.99702, 0.99381, 0.5, 0.5, 0.5, 0.5, 0.5, 0.5, 0.5, 0.5, 0.5, 0.5 * 0.00005, 0.00468, 0.99999 *   0
0.99804, 0.36803, 0.5, 0.5, 0.5, 0.5, 0.5, 0.5, 0.5, 0.5, 0.5, 0.5 * 0.00258, 0.00168, 1.00000 *   0
0.99731, 0.90870, 0.5, 0.5, 0.5, 0.5, 0.5, 0.5, 0.5, 0.5, 0.5, 0.5 * 0.00060, 0.00418, 0.99999 *   0
0.99764, 0.83912, 0.5, 0.5, 0.5, 0.5, 0.5, 0.5, 0.5, 0.5, 0.5, 0.5 * 0.00093, 0.00359, 0.99999 *   0
0.99785, 0.26112, 0.5, 0.5, 0.5, 0.5, 0.5, 0.5, 0.5, 0.5, 0.5, 0.5 * 0.00310, 0.00135, 0.99999 *   0
0.99792, 0.56668, 0.5, 0.5, 0.5, 0.5, 0.5, 0.5, 0.5, 0.5, 0.5, 0.5 * 0.00206, 0.00254, 0.99999 *   0
0.99772, 0.39090, 0.5, 0.5, 0.5, 0.5, 0.5, 0.5, 0.5, 0.5, 0.5, 0.5 * 0.00293, 0.00206, 0.99999 *   0
0.99667, 0.93380, 0.5, 0.5, 0.5, 0.5, 0.5, 0.5, 0.5, 0.5, 0.5, 0.5 * 0.00054, 0.00520, 0.99999 *   0
0.99770, 0.55069, 0.5, 0.5, 0.5, 0.5, 0.5, 0.5, 0.5, 0.5, 0.5, 0.5 * 0.00234, 0.00275, 0.99999 *   0
0.99731, 0.17942, 0.5, 0.5, 0.5, 0.5, 0.5, 0.5, 0.5, 0.5, 0.5, 0.5 * 0.00406, 0.00118, 0.99999 *   0
0.99594, 0.98788, 0.5, 0.5, 0.5, 0.5, 0.5, 0.5, 0.5, 0.5, 0.5, 0.5 * 0.00012, 0.00638, 0.99998 *   0
0.99711, 0.18680, 0.5, 0.5, 0.5, 0.5, 0.5, 0.5, 0.5, 0.5, 0.5, 0.5 * 0.00435, 0.00131, 0.99999 *   0
0.99752, 0.53934, 0.5, 0.5, 0.5, 0.5, 0.5, 0.5, 0.5, 0.5, 0.5, 0.5 * 0.00258, 0.00292, 0.99999 *   0
0.99644, 0.06008, 0.5, 0.5, 0.5, 0.5, 0.5, 0.5, 0.5, 0.5, 0.5, 0.5 * 0.00557, 0.00053, 0.99998 *   0
0.99714, 0.75872, 0.5, 0.5, 0.5, 0.5, 0.5, 0.5, 0.5, 0.5, 0.5, 0.5 * 0.00166, 0.00417, 0.99999 *   0
0.99586, 0.95768, 0.5, 0.5, 0.5, 0.5, 0.5, 0.5, 0.5, 0.5, 0.5, 0.5 * 0.00043, 0.00649, 0.99998 *   0
0.99657, 0.09762, 0.5, 0.5, 0.5, 0.5, 0.5, 0.5, 0.5, 0.5, 0.5, 0.5 * 0.00532, 0.00082, 0.99999 *   0
0.99721, 0.71479, 0.5, 0.5, 0.5, 0.5, 0.5, 0.5, 0.5, 0.5, 0.5, 0.5 * 0.00190, 0.00395, 0.99999 *   0
0.99639, 0.87149, 0.5, 0.5, 0.5, 0.5, 0.5, 0.5, 0.5, 0.5, 0.5, 0.5 * 0.00114, 0.00556, 0.99998 *   0
0.99721, 0.62086, 0.5, 0.5, 0.5, 0.5, 0.5, 0.5, 0.5, 0.5, 0.5, 0.5 * 0.00246, 0.00363, 0.99999 *   0
0.99657, 0.79657, 0.5, 0.5, 0.5, 0.5, 0.5, 0.5, 0.5, 0.5, 0.5, 0.5 * 0.00169, 0.00512, 0.99999 *   0
0.99617, 0.11734, 0.5, 0.5, 0.5, 0.5, 0.5, 0.5, 0.5, 0.5, 0.5, 0.5 * 0.00591, 0.00110, 0.99998 *   0
0.99432, 0.99590, 0.5, 0.5, 0.5, 0.5, 0.5, 0.5, 0.5, 0.5, 0.5, 0.5 * 0.00006, 0.00892, 0.99996 *   0
0.99682, 0.50751, 0.5, 0.5, 0.5, 0.5, 0.5, 0.5, 0.5, 0.5, 0.5, 0.5 * 0.00349, 0.00357, 0.99999 *   0
0.99645, 0.41497, 0.5, 0.5, 0.5, 0.5, 0.5, 0.5, 0.5, 0.5, 0.5, 0.5 * 0.00443, 0.00338, 0.99998 *   0
0.99531, 0.10801, 0.5, 0.5, 0.5, 0.5, 0.5, 0.5, 0.5, 0.5, 0.5, 0.5 * 0.00726, 0.00124, 0.99997 *   0
0.99640, 0.56944, 0.5, 0.5, 0.5, 0.5, 0.5, 0.5, 0.5, 0.5, 0.5, 0.5 * 0.00354, 0.00441, 0.99998 *   0
0.99572, 0.72880, 0.5, 0.5, 0.5, 0.5, 0.5, 0.5, 0.5, 0.5, 0.5, 0.5 * 0.00278, 0.00612, 0.99998 *   0
0.99348, 0.01654, 0.5, 0.5, 0.5, 0.5, 0.5, 0.5, 0.5, 0.5, 0.5, 0.5 * 0.01024, 0.00027, 0.99995 *   0
0.99347, 0.03207, 0.5, 0.5, 0.5, 0.5, 0.5, 0.5, 0.5, 0.5, 0.5, 0.5 * 0.01024, 0.00052, 0.99995 *   0
0.99584, 0.58329, 0.5, 0.5, 0.5, 0.5, 0.5, 0.5, 0.5, 0.5, 0.5, 0.5 * 0.00398, 0.00518, 0.99998 *   0
0.99580, 0.54054, 0.5, 0.5, 0.5, 0.5, 0.5, 0.5, 0.5, 0.5, 0.5, 0.5 * 0.00436, 0.00495, 0.99998 *   0
0.99510, 0.73407, 0.5, 0.5, 0.5, 0.5, 0.5, 0.5, 0.5, 0.5, 0.5, 0.5 * 0.00312, 0.00703, 0.99997 *   0
0.99549, 0.54059, 0.5, 0.5, 0.5, 0.5, 0.5, 0.5, 0.5, 0.5, 0.5, 0.5 * 0.00468, 0.00532, 0.99997 *   0
0.00697, 0.98915, 0.5, 0.5, 0.5, 0.5, 0.5, 0.5, 0.5, 0.5, 0.5, 0.5 * 0.01704, 0.99979, 0.01095 *   0
0.99524, 0.54114, 0.5, 0.5, 0.5, 0.5, 0.5, 0.5, 0.5, 0.5, 0.5, 0.5 * 0.00493, 0.00562, 0.99997 *   0
0.99410, 0.80172, 0.5, 0.5, 0.5, 0.5, 0.5, 0.5, 0.5, 0.5, 0.5, 0.5 * 0.00284, 0.00882, 0.99996 *   0
0.99436, 0.73013, 0.5, 0.5, 0.5, 0.5, 0.5, 0.5, 0.5, 0.5, 0.5, 0.5 * 0.00364, 0.00807, 0.99996 *   0
0.99460, 0.62641, 0.5, 0.5, 0.5, 0.5, 0.5, 0.5, 0.5, 0.5, 0.5, 0.5 * 0.00470, 0.00706, 0.99996 *   0
0.99110, 0.96726, 0.5, 0.5, 0.5, 0.5, 0.5, 0.5, 0.5, 0.5, 0.5, 0.5 * 0.00072, 0.01396, 0.99990 *   0
0.99466, 0.39845, 0.5, 0.5, 0.5, 0.5, 0.5, 0.5, 0.5, 0.5, 0.5, 0.5 * 0.00680, 0.00491, 0.99996 *   0
0.99432, 0.30116, 0.5, 0.5, 0.5, 0.5, 0.5, 0.5, 0.5, 0.5, 0.5, 0.5 * 0.00794, 0.00407, 0.99996 *   0
0.99442, 0.57172, 0.5, 0.5, 0.5, 0.5, 0.5, 0.5, 0.5, 0.5, 0.5, 0.5 * 0.00546, 0.00686, 0.99996 *   0
0.99084, 0.95465, 0.5, 0.5, 0.5, 0.5, 0.5, 0.5, 0.5, 0.5, 0.5, 0.5 * 0.00102, 0.01435, 0.99990 *   0
0.99419, 0.42412, 0.5, 0.5, 0.5, 0.5, 0.5, 0.5, 0.5, 0.5, 0.5, 0.5 * 0.00717, 0.00564, 0.99996 *   0
0.99387, 0.53673, 0.5, 0.5, 0.5, 0.5, 0.5, 0.5, 0.5, 0.5, 0.5, 0.5 * 0.00640, 0.00719, 0.99995 *   0
0.99311, 0.71138, 0.5, 0.5, 0.5, 0.5, 0.5, 0.5, 0.5, 0.5, 0.5, 0.5 * 0.00474, 0.00973, 0.99994 *   0
0.99343, 0.61681, 0.5, 0.5, 0.5, 0.5, 0.5, 0.5, 0.5, 0.5, 0.5, 0.5 * 0.00584, 0.00851, 0.99995 *   0
0.99094, 0.07862, 0.5, 0.5, 0.5, 0.5, 0.5, 0.5, 0.5, 0.5, 0.5, 0.5 * 0.01412, 0.00175, 0.99990 *   0
0.99219, 0.76533, 0.5, 0.5, 0.5, 0.5, 0.5, 0.5, 0.5, 0.5, 0.5, 0.5 * 0.00442, 0.01144, 0.99992 *   0
0.99326, 0.53006, 0.5, 0.5, 0.5, 0.5, 0.5, 0.5, 0.5, 0.5, 0.5, 0.5 * 0.00712, 0.00783, 0.99994 *   0
0.99266, 0.64901, 0.5, 0.5, 0.5, 0.5, 0.5, 0.5, 0.5, 0.5, 0.5, 0.5 * 0.00604, 0.00982, 0.99993 *   0
0.99099, 0.81423, 0.5, 0.5, 0.5, 0.5, 0.5, 0.5, 0.5, 0.5, 0.5, 0.5 * 0.00407, 0.01355, 0.99990 *   0
0.99139, 0.78049, 0.5, 0.5, 0.5, 0.5, 0.5, 0.5, 0.5, 0.5, 0.5, 0.5 * 0.00457, 0.01273, 0.99991 *   0
0.99249, 0.39616, 0.5, 0.5, 0.5, 0.5, 0.5, 0.5, 0.5, 0.5, 0.5, 0.5 * 0.00959, 0.00688, 0.99993 *   0
0.98835, 0.04084, 0.5, 0.5, 0.5, 0.5, 0.5, 0.5, 0.5, 0.5, 0.5, 0.5 * 0.01826, 0.00117, 0.99983 *   0
0.99209, 0.38277, 0.5, 0.5, 0.5, 0.5, 0.5, 0.5, 0.5, 0.5, 0.5, 0.5 * 0.01025, 0.00703, 0.99992 *   0
0.99218, 0.51315, 0.5, 0.5, 0.5, 0.5, 0.5, 0.5, 0.5, 0.5, 0.5, 0.5 * 0.00850, 0.00886, 0.99992 *   0
0.99192, 0.35818, 0.5, 0.5, 0.5, 0.5, 0.5, 0.5, 0.5, 0.5, 0.5, 0.5 * 0.01074, 0.00677, 0.99992 *   0
0.98967, 0.84997, 0.5, 0.5, 0.5, 0.5, 0.5, 0.5, 0.5, 0.5, 0.5, 0.5 * 0.00379, 0.01578, 0.99987 *   0
0.99129, 0.72171, 0.5, 0.5, 0.5, 0.5, 0.5, 0.5, 0.5, 0.5, 0.5, 0.5 * 0.00579, 0.01239, 0.99991 *   0
0.04907, 0.00173, 0.5, 0.5, 0.5, 0.5, 0.5, 0.5, 0.5, 0.5, 0.5, 0.5 * 0.99703, 0.00271, 0.07700 *   0
0.98707, 0.03962, 0.5, 0.5, 0.5, 0.5, 0.5, 0.5, 0.5, 0.5, 0.5, 0.5 * 0.02027, 0.00126, 0.99979 *   0
0.99100, 0.28458, 0.5, 0.5, 0.5, 0.5, 0.5, 0.5, 0.5, 0.5, 0.5, 0.5 * 0.01275, 0.00611, 0.99990 *   0
0.99136, 0.55773, 0.5, 0.5, 0.5, 0.5, 0.5, 0.5, 0.5, 0.5, 0.5, 0.5 * 0.00869, 0.01043, 0.99991 *   0
0.99148, 0.44429, 0.5, 0.5, 0.5, 0.5, 0.5, 0.5, 0.5, 0.5, 0.5, 0.5 * 0.01025, 0.00860, 0.99991 *   0
0.02697, 0.00605, 0.5, 0.5, 0.5, 0.5, 0.5, 0.5, 0.5, 0.5, 0.5, 0.5 * 0.99906, 0.00949, 0.04235 *   0
0.01946, 0.98588, 0.5, 0.5, 0.5, 0.5, 0.5, 0.5, 0.5, 0.5, 0.5, 0.5 * 0.02217, 0.99929, 0.03056 *   0
0.99007, 0.73098, 0.5, 0.5, 0.5, 0.5, 0.5, 0.5, 0.5, 0.5, 0.5, 0.5 * 0.00640, 0.01423, 0.99988 *   0
0.03755, 0.00457, 0.5, 0.5, 0.5, 0.5, 0.5, 0.5, 0.5, 0.5, 0.5, 0.5 * 0.99824, 0.00717, 0.05895 *   0
0.99045, 0.28586, 0.5, 0.5, 0.5, 0.5, 0.5, 0.5, 0.5, 0.5, 0.5, 0.5 * 0.01351, 0.00651, 0.99989 *   0
0.98975, 0.20404, 0.5, 0.5, 0.5, 0.5, 0.5, 0.5, 0.5, 0.5, 0.5, 0.5 * 0.01528, 0.00507, 0.99987 *   0
0.98543, 0.03736, 0.5, 0.5, 0.5, 0.5, 0.5, 0.5, 0.5, 0.5, 0.5, 0.5 * 0.02285, 0.00134, 0.99974 *   0
0.98695, 0.14387, 0.5, 0.5, 0.5, 0.5, 0.5, 0.5, 0.5, 0.5, 0.5, 0.5 * 0.01998, 0.00459, 0.99979 *   0
0.98665, 0.83476, 0.5, 0.5, 0.5, 0.5, 0.5, 0.5, 0.5, 0.5, 0.5, 0.5 * 0.00538, 0.02027, 0.99978 *   0
0.98839, 0.25047, 0.5, 0.5, 0.5, 0.5, 0.5, 0.5, 0.5, 0.5, 0.5, 0.5 * 0.01684, 0.00699, 0.99983 *   0
0.98809, 0.24591, 0.5, 0.5, 0.5, 0.5, 0.5, 0.5, 0.5, 0.5, 0.5, 0.5 * 0.01733, 0.00705, 0.99983 *   0
0.98818, 0.69959, 0.5, 0.5, 0.5, 0.5, 0.5, 0.5, 0.5, 0.5, 0.5, 0.5 * 0.00844, 0.01654, 0.99983 *   0
0.98578, 0.12162, 0.5, 0.5, 0.5, 0.5, 0.5, 0.5, 0.5, 0.5, 0.5, 0.5 * 0.02193, 0.00424, 0.99975 *   0
0.98439, 0.10553, 0.5, 0.5, 0.5, 0.5, 0.5, 0.5, 0.5, 0.5, 0.5, 0.5 * 0.02418, 0.00405, 0.99970 *   0
0.98207, 0.93502, 0.5, 0.5, 0.5, 0.5, 0.5, 0.5, 0.5, 0.5, 0.5, 0.5 * 0.00287, 0.02801, 0.99960 *   0
0.02882, 0.01006, 0.5, 0.5, 0.5, 0.5, 0.5, 0.5, 0.5, 0.5, 0.5, 0.5 * 0.99885, 0.01579, 0.04525 *   0
0.98609, 0.69286, 0.5, 0.5, 0.5, 0.5, 0.5, 0.5, 0.5, 0.5, 0.5, 0.5 * 0.01014, 0.01935, 0.99976 *   0
0.98600, 0.30185, 0.5, 0.5, 0.5, 0.5, 0.5, 0.5, 0.5, 0.5, 0.5, 0.5 * 0.01956, 0.01004, 0.99976 *   0
0.98232, 0.85607, 0.5, 0.5, 0.5, 0.5, 0.5, 0.5, 0.5, 0.5, 0.5, 0.5 * 0.00622, 0.02706, 0.99961 *   0
0.97743, 0.95982, 0.5, 0.5, 0.5, 0.5, 0.5, 0.5, 0.5, 0.5, 0.5, 0.5 * 0.00224, 0.03537, 0.99937 *   0
0.98619, 0.33674, 0.5, 0.5, 0.5, 0.5, 0.5, 0.5, 0.5, 0.5, 0.5, 0.5 * 0.01873, 0.01095, 0.99976 *   0
0.98666, 0.49586, 0.5, 0.5, 0.5, 0.5, 0.5, 0.5, 0.5, 0.5, 0.5, 0.5 * 0.01491, 0.01472, 0.99978 *   0
0.97663, 0.96115, 0.5, 0.5, 0.5, 0.5, 0.5, 0.5, 0.5, 0.5, 0.5, 0.5 * 0.00224, 0.03663, 0.99933 *   0
0.98246, 0.15481, 0.5, 0.5, 0.5, 0.5, 0.5, 0.5, 0.5, 0.5, 0.5, 0.5 * 0.02674, 0.00663, 0.99962 *   0
0.98565, 0.60535, 0.5, 0.5, 0.5, 0.5, 0.5, 0.5, 0.5, 0.5, 0.5, 0.5 * 0.01309, 0.01835, 0.99975 *   0
0.98561, 0.59327, 0.5, 0.5, 0.5, 0.5, 0.5, 0.5, 0.5, 0.5, 0.5, 0.5 * 0.01348, 0.01814, 0.99974 *   0
0.98507, 0.65013, 0.5, 0.5, 0.5, 0.5, 0.5, 0.5, 0.5, 0.5, 0.5, 0.5 * 0.01225, 0.02000, 0.99973 *   0
0.98177, 0.81182, 0.5, 0.5, 0.5, 0.5, 0.5, 0.5, 0.5, 0.5, 0.5, 0.5 * 0.00834, 0.02739, 0.99959 *   0
0.97590, 0.94789, 0.5, 0.5, 0.5, 0.5, 0.5, 0.5, 0.5, 0.5, 0.5, 0.5 * 0.00309, 0.03772, 0.99928 *   0
0.98360, 0.28414, 0.5, 0.5, 0.5, 0.5, 0.5, 0.5, 0.5, 0.5, 0.5, 0.5 * 0.02323, 0.01112, 0.99967 *   0
0.98385, 0.30619, 0.5, 0.5, 0.5, 0.5, 0.5, 0.5, 0.5, 0.5, 0.5, 0.5 * 0.02249, 0.01173, 0.99968 *   0
0.03339, 0.01263, 0.5, 0.5, 0.5, 0.5, 0.5, 0.5, 0.5, 0.5, 0.5, 0.5 * 0.99843, 0.01981, 0.05242 *   0
0.97460, 0.94485, 0.5, 0.5, 0.5, 0.5, 0.5, 0.5, 0.5, 0.5, 0.5, 0.5 * 0.00345, 0.03974, 0.99920 *   0
0.98420, 0.54635, 0.5, 0.5, 0.5, 0.5, 0.5, 0.5, 0.5, 0.5, 0.5, 0.5 * 0.01622, 0.01878, 0.99969 *   0
0.98426, 0.50525, 0.5, 0.5, 0.5, 0.5, 0.5, 0.5, 0.5, 0.5, 0.5, 0.5 * 0.01734, 0.01762, 0.99969 *   0
0.98413, 0.53146, 0.5, 0.5, 0.5, 0.5, 0.5, 0.5, 0.5, 0.5, 0.5, 0.5 * 0.01673, 0.01847, 0.99969 *   0
0.04515, 0.01125, 0.5, 0.5, 0.5, 0.5, 0.5, 0.5, 0.5, 0.5, 0.5, 0.5 * 0.99733, 0.01763, 0.07086 *   0
0.98133, 0.75759, 0.5, 0.5, 0.5, 0.5, 0.5, 0.5, 0.5, 0.5, 0.5, 0.5 * 0.01090, 0.02722, 0.99957 *   0
0.98294, 0.40765, 0.5, 0.5, 0.5, 0.5, 0.5, 0.5, 0.5, 0.5, 0.5, 0.5 * 0.02149, 0.01601, 0.99964 *   0
0.97315, 0.92150, 0.5, 0.5, 0.5, 0.5, 0.5, 0.5, 0.5, 0.5, 0.5, 0.5 * 0.00519, 0.04184, 0.99911 *   0
0.98014, 0.70121, 0.5, 0.5, 0.5, 0.5, 0.5, 0.5, 0.5, 0.5, 0.5, 0.5 * 0.01411, 0.02782, 0.99951 *   0
0.03317, 0.97416, 0.5, 0.5, 0.5, 0.5, 0.5, 0.5, 0.5, 0.5, 0.5, 0.5 * 0.04052, 0.99782, 0.05208 *   0
0.97943, 0.60138, 0.5, 0.5, 0.5, 0.5, 0.5, 0.5, 0.5, 0.5, 0.5, 0.5 * 0.01893, 0.02618, 0.99948 *   0
0.97281, 0.14209, 0.5, 0.5, 0.5, 0.5, 0.5, 0.5, 0.5, 0.5, 0.5, 0.5 * 0.04164, 0.00945, 0.99909 *   0
0.97900, 0.43015, 0.5, 0.5, 0.5, 0.5, 0.5, 0.5, 0.5, 0.5, 0.5, 0.5 * 0.02573, 0.02063, 0.99946 *   0
0.97250, 0.14111, 0.5, 0.5, 0.5, 0.5, 0.5, 0.5, 0.5, 0.5, 0.5, 0.5 * 0.04213, 0.00949, 0.99907 *   0
0.97495, 0.19487, 0.5, 0.5, 0.5, 0.5, 0.5, 0.5, 0.5, 0.5, 0.5, 0.5 * 0.03751, 0.01185, 0.99923 *   0
0.97857, 0.42270, 0.5, 0.5, 0.5, 0.5, 0.5, 0.5, 0.5, 0.5, 0.5, 0.5 * 0.02651, 0.02074, 0.99943 *   0
0.97792, 0.41441, 0.5, 0.5, 0.5, 0.5, 0.5, 0.5, 0.5, 0.5, 0.5, 0.5 * 0.02759, 0.02101, 0.99940 *   0
0.97778, 0.46205, 0.5, 0.5, 0.5, 0.5, 0.5, 0.5, 0.5, 0.5, 0.5, 0.5 * 0.02610, 0.02316, 0.99939 *   0
0.97545, 0.72065, 0.5, 0.5, 0.5, 0.5, 0.5, 0.5, 0.5, 0.5, 0.5, 0.5 * 0.01638, 0.03490, 0.99926 *   0
0.15183, 0.99375, 0.5, 0.5, 0.5, 0.5, 0.5, 0.5, 0.5, 0.5, 0.5, 0.5 * 0.00954, 0.97165, 0.23624 *   0
0.96668, 0.89458, 0.5, 0.5, 0.5, 0.5, 0.5, 0.5, 0.5, 0.5, 0.5, 0.5 * 0.00862, 0.05160, 0.99863 *   0
0.02115, 0.02450, 0.5, 0.5, 0.5, 0.5, 0.5, 0.5, 0.5, 0.5, 0.5, 0.5 * 0.99871, 0.03845, 0.03322 *   0
0.97539, 0.65915, 0.5, 0.5, 0.5, 0.5, 0.5, 0.5, 0.5, 0.5, 0.5, 0.5 * 0.01972, 0.03324, 0.99925 *   0
0.96638, 0.10669, 0.5, 0.5, 0.5, 0.5, 0.5, 0.5, 0.5, 0.5, 0.5, 0.5 * 0.05205, 0.00880, 0.99861 *   0
0.96829, 0.14119, 0.5, 0.5, 0.5, 0.5, 0.5, 0.5, 0.5, 0.5, 0.5, 0.5 * 0.04857, 0.01095, 0.99876 *   0
0.95855, 0.04277, 0.5, 0.5, 0.5, 0.5, 0.5, 0.5, 0.5, 0.5, 0.5, 0.5 * 0.06492, 0.00437, 0.99788 *   0
0.96747, 0.85371, 0.5, 0.5, 0.5, 0.5, 0.5, 0.5, 0.5, 0.5, 0.5, 0.5 * 0.01163, 0.04973, 0.99869 *   0
0.97338, 0.69241, 0.5, 0.5, 0.5, 0.5, 0.5, 0.5, 0.5, 0.5, 0.5, 0.5 * 0.01942, 0.03702, 0.99913 *   0
0.97003, 0.21712, 0.5, 0.5, 0.5, 0.5, 0.5, 0.5, 0.5, 0.5, 0.5, 0.5 * 0.04435, 0.01574, 0.99889 *   0
0.05262, 0.97199, 0.5, 0.5, 0.5, 0.5, 0.5, 0.5, 0.5, 0.5, 0.5, 0.5 * 0.04383, 0.99562, 0.08256 *   0
0.97280, 0.64953, 0.5, 0.5, 0.5, 0.5, 0.5, 0.5, 0.5, 0.5, 0.5, 0.5 * 0.02234, 0.03640, 0.99909 *   0
0.97325, 0.55819, 0.5, 0.5, 0.5, 0.5, 0.5, 0.5, 0.5, 0.5, 0.5, 0.5 * 0.02687, 0.03229, 0.99912 *   0
0.95463, 0.95227, 0.5, 0.5, 0.5, 0.5, 0.5, 0.5, 0.5, 0.5, 0.5, 0.5 * 0.00533, 0.07101, 0.99746 *   0
0.95295, 0.03639, 0.5, 0.5, 0.5, 0.5, 0.5, 0.5, 0.5, 0.5, 0.5, 0.5 * 0.07372, 0.00422, 0.99727 *   0
0.96791, 0.77886, 0.5, 0.5, 0.5, 0.5, 0.5, 0.5, 0.5, 0.5, 0.5, 0.5 * 0.01715, 0.04738, 0.99873 *   0
0.94595, 0.97713, 0.5, 0.5, 0.5, 0.5, 0.5, 0.5, 0.5, 0.5, 0.5, 0.5 * 0.00305, 0.08474, 0.99640 *   0
0.94527, 0.01271, 0.5, 0.5, 0.5, 0.5, 0.5, 0.5, 0.5, 0.5, 0.5, 0.5 * 0.08585, 0.00171, 0.99631 *   0
0.96727, 0.72581, 0.5, 0.5, 0.5, 0.5, 0.5, 0.5, 0.5, 0.5, 0.5, 0.5 * 0.02146, 0.04670, 0.99868 *   0
0.96024, 0.13696, 0.5, 0.5, 0.5, 0.5, 0.5, 0.5, 0.5, 0.5, 0.5, 0.5 * 0.06098, 0.01332, 0.99805 *   0
0.94090, 0.98111, 0.5, 0.5, 0.5, 0.5, 0.5, 0.5, 0.5, 0.5, 0.5, 0.5 * 0.00275, 0.09266, 0.99569 *   0
0.02961, 0.03090, 0.5, 0.5, 0.5, 0.5, 0.5, 0.5, 0.5, 0.5, 0.5, 0.5 * 0.99774, 0.04847, 0.04649 *   0
0.94367, 0.02385, 0.5, 0.5, 0.5, 0.5, 0.5, 0.5, 0.5, 0.5, 0.5, 0.5 * 0.08831, 0.00331, 0.99609 *   0
0.96364, 0.24142, 0.5, 0.5, 0.5, 0.5, 0.5, 0.5, 0.5, 0.5, 0.5, 0.5 * 0.05303, 0.02113, 0.99837 *   0
0.96170, 0.20720, 0.5, 0.5, 0.5, 0.5, 0.5, 0.5, 0.5, 0.5, 0.5, 0.5 * 0.05697, 0.01923, 0.99819 *   0
0.95518, 0.12472, 0.5, 0.5, 0.5, 0.5, 0.5, 0.5, 0.5, 0.5, 0.5, 0.5 * 0.06900, 0.01369, 0.99752 *   0
0.95896, 0.17287, 0.5, 0.5, 0.5, 0.5, 0.5, 0.5, 0.5, 0.5, 0.5, 0.5 * 0.06206, 0.01728, 0.99792 *   0
0.21419, 0.99426, 0.5, 0.5, 0.5, 0.5, 0.5, 0.5, 0.5, 0.5, 0.5, 0.5 * 0.00851, 0.94389, 0.33014 *   0
0.95122, 0.90467, 0.5, 0.5, 0.5, 0.5, 0.5, 0.5, 0.5, 0.5, 0.5, 0.5 * 0.01142, 0.07569, 0.99707 *   0
0.96531, 0.37130, 0.5, 0.5, 0.5, 0.5, 0.5, 0.5, 0.5, 0.5, 0.5, 0.5 * 0.04546, 0.02999, 0.99852 *   0
0.96314, 0.29705, 0.5, 0.5, 0.5, 0.5, 0.5, 0.5, 0.5, 0.5, 0.5, 0.5 * 0.05168, 0.02603, 0.99832 *   0
0.95869, 0.20848, 0.5, 0.5, 0.5, 0.5, 0.5, 0.5, 0.5, 0.5, 0.5, 0.5 * 0.06140, 0.02086, 0.99790 *   0
0.94017, 0.04056, 0.5, 0.5, 0.5, 0.5, 0.5, 0.5, 0.5, 0.5, 0.5, 0.5 * 0.09365, 0.00597, 0.99559 *   0
0.23048, 0.99304, 0.5, 0.5, 0.5, 0.5, 0.5, 0.5, 0.5, 0.5, 0.5, 0.5 * 0.01022, 0.93512, 0.35418 *   0
0.92230, 0.98501, 0.5, 0.5, 0.5, 0.5, 0.5, 0.5, 0.5, 0.5, 0.5, 0.5 * 0.00287, 0.12171, 0.99256 *   0
0.20582, 0.98852, 0.5, 0.5, 0.5, 0.5, 0.5, 0.5, 0.5, 0.5, 0.5, 0.5 * 0.01710, 0.94804, 0.31770 *   0
0.92651, 0.97500, 0.5, 0.5, 0.5, 0.5, 0.5, 0.5, 0.5, 0.5, 0.5, 0.5 * 0.00452, 0.11509, 0.99334 *   0
0.95711, 0.26872, 0.5, 0.5, 0.5, 0.5, 0.5, 0.5, 0.5, 0.5, 0.5, 0.5 * 0.06141, 0.02758, 0.99773 *   0
0.95714, 0.29702, 0.5, 0.5, 0.5, 0.5, 0.5, 0.5, 0.5, 0.5, 0.5, 0.5 * 0.06008, 0.03026, 0.99773 *   0
0.05657, 0.03669, 0.5, 0.5, 0.5, 0.5, 0.5, 0.5, 0.5, 0.5, 0.5, 0.5 * 0.99440, 0.05737, 0.08874 *   0
0.07919, 0.95966, 0.5, 0.5, 0.5, 0.5, 0.5, 0.5, 0.5, 0.5, 0.5, 0.5 * 0.06283, 0.99028, 0.12407 *   0
0.02415, 0.94532, 0.5, 0.5, 0.5, 0.5, 0.5, 0.5, 0.5, 0.5, 0.5, 0.5 * 0.08572, 0.99560, 0.03793 *   0
0.91655, 0.97799, 0.5, 0.5, 0.5, 0.5, 0.5, 0.5, 0.5, 0.5, 0.5, 0.5 * 0.00452, 0.13063, 0.99142 *   0
0.95590, 0.61759, 0.5, 0.5, 0.5, 0.5, 0.5, 0.5, 0.5, 0.5, 0.5, 0.5 * 0.03912, 0.05710, 0.99760 *   0
0.93370, 0.09359, 0.5, 0.5, 0.5, 0.5, 0.5, 0.5, 0.5, 0.5, 0.5, 0.5 * 0.10283, 0.01523, 0.99458 *   0
0.92643, 0.93205, 0.5, 0.5, 0.5, 0.5, 0.5, 0.5, 0.5, 0.5, 0.5, 0.5 * 0.01228, 0.11465, 0.99333 *   0
0.95334, 0.33690, 0.5, 0.5, 0.5, 0.5, 0.5, 0.5, 0.5, 0.5, 0.5, 0.5 * 0.06321, 0.03697, 0.99732 *   0
0.93219, 0.09129, 0.5, 0.5, 0.5, 0.5, 0.5, 0.5, 0.5, 0.5, 0.5, 0.5 * 0.10522, 0.01519, 0.99433 *   0
0.92320, 0.05812, 0.5, 0.5, 0.5, 0.5, 0.5, 0.5, 0.5, 0.5, 0.5, 0.5 * 0.11984, 0.01097, 0.99273 *   0
0.89759, 0.99087, 0.5, 0.5, 0.5, 0.5, 0.5, 0.5, 0.5, 0.5, 0.5, 0.5 * 0.00230, 0.16016, 0.98709 *   0
0.94077, 0.80965, 0.5, 0.5, 0.5, 0.5, 0.5, 0.5, 0.5, 0.5, 0.5, 0.5 * 0.02737, 0.08878, 0.99568 *   0
0.94299, 0.21077, 0.5, 0.5, 0.5, 0.5, 0.5, 0.5, 0.5, 0.5, 0.5, 0.5 * 0.08457, 0.02907, 0.99599 *   0
0.93805, 0.17095, 0.5, 0.5, 0.5, 0.5, 0.5, 0.5, 0.5, 0.5, 0.5, 0.5 * 0.09368, 0.02578, 0.99527 *   0
0.91156, 0.94829, 0.5, 0.5, 0.5, 0.5, 0.5, 0.5, 0.5, 0.5, 0.5, 0.5 * 0.01124, 0.13802, 0.99037 *   0
0.90890, 0.95019, 0.5, 0.5, 0.5, 0.5, 0.5, 0.5, 0.5, 0.5, 0.5, 0.5 * 0.01115, 0.14218, 0.98978 *   0
0.17536, 0.02337, 0.5, 0.5, 0.5, 0.5, 0.5, 0.5, 0.5, 0.5, 0.5, 0.5 * 0.96165, 0.03532, 0.27198 *   0
0.00337, 0.92492, 0.5, 0.5, 0.5, 0.5, 0.5, 0.5, 0.5, 0.5, 0.5, 0.5 * 0.11766, 0.99304, 0.00529 *   0
0.30324, 0.00283, 0.5, 0.5, 0.5, 0.5, 0.5, 0.5, 0.5, 0.5, 0.5, 0.5 * 0.88868, 0.00395, 0.45852 *   0
0.00326, 0.06721, 0.5, 0.5, 0.5, 0.5, 0.5, 0.5, 0.5, 0.5, 0.5, 0.5 * 0.99442, 0.10538, 0.00512 *   0
0.90438, 0.04543, 0.5, 0.5, 0.5, 0.5, 0.5, 0.5, 0.5, 0.5, 0.5, 0.5 * 0.14925, 0.01067, 0.98874 *   0
0.93200, 0.80624, 0.5, 0.5, 0.5, 0.5, 0.5, 0.5, 0.5, 0.5, 0.5, 0.5 * 0.03195, 0.10171, 0.99430 *   0
0.89320, 0.02595, 0.5, 0.5, 0.5, 0.5, 0.5, 0.5, 0.5, 0.5, 0.5, 0.5 * 0.16684, 0.00680, 0.98596 *   0
0.94543, 0.51684, 0.5, 0.5, 0.5, 0.5, 0.5, 0.5, 0.5, 0.5, 0.5, 0.5 * 0.05892, 0.06212, 0.99633 *   0
0.94305, 0.38566, 0.5, 0.5, 0.5, 0.5, 0.5, 0.5, 0.5, 0.5, 0.5, 0.5 * 0.07344, 0.05087, 0.99600 *   0
0.93975, 0.66441, 0.5, 0.5, 0.5, 0.5, 0.5, 0.5, 0.5, 0.5, 0.5, 0.5 * 0.04754, 0.08167, 0.99552 *   0
0.05313, 0.93413, 0.5, 0.5, 0.5, 0.5, 0.5, 0.5, 0.5, 0.5, 0.5, 0.5 * 0.10292, 0.99119, 0.08336 *   0
0.90178, 0.92450, 0.5, 0.5, 0.5, 0.5, 0.5, 0.5, 0.5, 0.5, 0.5, 0.5 * 0.01818, 0.15259, 0.98812 *   0
0.06998, 0.93630, 0.5, 0.5, 0.5, 0.5, 0.5, 0.5, 0.5, 0.5, 0.5, 0.5 * 0.09929, 0.98899, 0.10970 *   0
0.93554, 0.67529, 0.5, 0.5, 0.5, 0.5, 0.5, 0.5, 0.5, 0.5, 0.5, 0.5 * 0.04935, 0.08821, 0.99488 *   0
0.87792, 0.96570, 0.5, 0.5, 0.5, 0.5, 0.5, 0.5, 0.5, 0.5, 0.5, 0.5 * 0.01026, 0.19031, 0.98167 *   0
0.32880, 0.98774, 0.5, 0.5, 0.5, 0.5, 0.5, 0.5, 0.5, 0.5, 0.5, 0.5 * 0.01675, 0.86940, 0.49382 *   0
0.90307, 0.08656, 0.5, 0.5, 0.5, 0.5, 0.5, 0.5, 0.5, 0.5, 0.5, 0.5 * 0.15027, 0.02056, 0.98843 *   0
0.93568, 0.39829, 0.5, 0.5, 0.5, 0.5, 0.5, 0.5, 0.5, 0.5, 0.5, 0.5 * 0.08176, 0.05907, 0.99490 *   0
0.87144, 0.02685, 0.5, 0.5, 0.5, 0.5, 0.5, 0.5, 0.5, 0.5, 0.5, 0.5 * 0.20039, 0.00846, 0.97968 *   0
0.90496, 0.88323, 0.5, 0.5, 0.5, 0.5, 0.5, 0.5, 0.5, 0.5, 0.5, 0.5 * 0.02713, 0.14624, 0.98888 *   0
0.18301, 0.95753, 0.5, 0.5, 0.5, 0.5, 0.5, 0.5, 0.5, 0.5, 0.5, 0.5 * 0.06393, 0.95683, 0.28353 *   0
0.87291, 0.03254, 0.5, 0.5, 0.5, 0.5, 0.5, 0.5, 0.5, 0.5, 0.5, 0.5 * 0.19805, 0.01013, 0.98014 *   0
0.87432, 0.95688, 0.5, 0.5, 0.5, 0.5, 0.5, 0.5, 0.5, 0.5, 0.5, 0.5 * 0.01327, 0.19569, 0.98058 *   0
0.90147, 0.10305, 0.5, 0.5, 0.5, 0.5, 0.5, 0.5, 0.5, 0.5, 0.5, 0.5 * 0.15214, 0.02484, 0.98805 *   0
0.88080, 0.94235, 0.5, 0.5, 0.5, 0.5, 0.5, 0.5, 0.5, 0.5, 0.5, 0.5 * 0.01683, 0.18538, 0.98252 *   0
0.13303, 0.94442, 0.5, 0.5, 0.5, 0.5, 0.5, 0.5, 0.5, 0.5, 0.5, 0.5 * 0.08530, 0.97452, 0.20745 *   0
0.89315, 0.07947, 0.5, 0.5, 0.5, 0.5, 0.5, 0.5, 0.5, 0.5, 0.5, 0.5 * 0.16575, 0.02080, 0.98595 *   0
0.83695, 0.00159, 0.5, 0.5, 0.5, 0.5, 0.5, 0.5, 0.5, 0.5, 0.5, 0.5 * 0.25333, 0.00063, 0.96738 *   0
0.89446, 0.10522, 0.5, 0.5, 0.5, 0.5, 0.5, 0.5, 0.5, 0.5, 0.5, 0.5 * 0.16277, 0.02715, 0.98629 *   0
0.44927, 0.99624, 0.5, 0.5, 0.5, 0.5, 0.5, 0.5, 0.5, 0.5, 0.5, 0.5 * 0.00450, 0.76114, 0.64858 *   0
0.31431, 0.01627, 0.5, 0.5, 0.5, 0.5, 0.5, 0.5, 0.5, 0.5, 0.5, 0.5 * 0.88029, 0.02250, 0.47390 *   0
0.90133, 0.84430, 0.5, 0.5, 0.5, 0.5, 0.5, 0.5, 0.5, 0.5, 0.5, 0.5 * 0.03738, 0.14978, 0.98801 *   0
0.91667, 0.26205, 0.5, 0.5, 0.5, 0.5, 0.5, 0.5, 0.5, 0.5, 0.5, 0.5 * 0.11962, 0.05222, 0.99145 *   0
0.88318, 0.09148, 0.5, 0.5, 0.5, 0.5, 0.5, 0.5, 0.5, 0.5, 0.5, 0.5 * 0.18059, 0.02613, 0.98321 *   0
0.89667, 0.14422, 0.5, 0.5, 0.5, 0.5, 0.5, 0.5, 0.5, 0.5, 0.5, 0.5 * 0.15747, 0.03630, 0.98686 *   0
0.13008, 0.93272, 0.5, 0.5, 0.5, 0.5, 0.5, 0.5, 0.5, 0.5, 0.5, 0.5 * 0.10329, 0.97373, 0.20291 *   0
0.89201, 0.13266, 0.5, 0.5, 0.5, 0.5, 0.5, 0.5, 0.5, 0.5, 0.5, 0.5 * 0.16517, 0.03492, 0.98565 *   0
0.02770, 0.09079, 0.5, 0.5, 0.5, 0.5, 0.5, 0.5, 0.5, 0.5, 0.5, 0.5 * 0.98891, 0.14200, 0.04350 *   0
0.14849, 0.05818, 0.5, 0.5, 0.5, 0.5, 0.5, 0.5, 0.5, 0.5, 0.5, 0.5 * 0.96886, 0.08879, 0.23114 *   0
0.91804, 0.52675, 0.5, 0.5, 0.5, 0.5, 0.5, 0.5, 0.5, 0.5, 0.5, 0.5 * 0.08689, 0.09452, 0.99172 *   0
0.91838, 0.46053, 0.5, 0.5, 0.5, 0.5, 0.5, 0.5, 0.5, 0.5, 0.5, 0.5 * 0.09584, 0.08463, 0.99179 *   0
0.63472, 0.99966, 0.5, 0.5, 0.5, 0.5, 0.5, 0.5, 0.5, 0.5, 0.5, 0.5 * 0.00029, 0.54281, 0.83985 *   0
0.47155, 0.00540, 0.5, 0.5, 0.5, 0.5, 0.5, 0.5, 0.5, 0.5, 0.5, 0.5 * 0.73796, 0.00626, 0.67481 *   0
0.79866, 0.02074, 0.5, 0.5, 0.5, 0.5, 0.5, 0.5, 0.5, 0.5, 0.5, 0.5 * 0.31085, 0.01013, 0.95040 *   0
0.90328, 0.27327, 0.5, 0.5, 0.5, 0.5, 0.5, 0.5, 0.5, 0.5, 0.5, 0.5 * 0.13761, 0.06299, 0.98848 *   0
0.31184, 0.03099, 0.5, 0.5, 0.5, 0.5, 0.5, 0.5, 0.5, 0.5, 0.5, 0.5 * 0.88136, 0.04294, 0.47048 *   0
0.40201, 0.97587, 0.5, 0.5, 0.5, 0.5, 0.5, 0.5, 0.5, 0.5, 0.5, 0.5 * 0.03059, 0.80658, 0.59034 *   0
0.86617, 0.88300, 0.5, 0.5, 0.5, 0.5, 0.5, 0.5, 0.5, 0.5, 0.5, 0.5 * 0.03814, 0.20516, 0.97799 *   0
0.88707, 0.80368, 0.5, 0.5, 0.5, 0.5, 0.5, 0.5, 0.5, 0.5, 0.5, 0.5 * 0.05356, 0.16814, 0.98431 *   0
0.52622, 0.00379, 0.5, 0.5, 0.5, 0.5, 0.5, 0.5, 0.5, 0.5, 0.5, 0.5 * 0.67738, 0.00403, 0.73562 *   0
0.40544, 0.01841, 0.5, 0.5, 0.5, 0.5, 0.5, 0.5, 0.5, 0.5, 0.5, 0.5 * 0.80363, 0.02325, 0.59468 *   0
0.79042, 0.96648, 0.5, 0.5, 0.5, 0.5, 0.5, 0.5, 0.5, 0.5, 0.5, 0.5 * 0.01701, 0.32285, 0.94630 *   0
0.88601, 0.76320, 0.5, 0.5, 0.5, 0.5, 0.5, 0.5, 0.5, 0.5, 0.5, 0.5 * 0.06473, 0.16592, 0.98401 *   0
0.89011, 0.73041, 0.5, 0.5, 0.5, 0.5, 0.5, 0.5, 0.5, 0.5, 0.5, 0.5 * 0.07058, 0.15659, 0.98514 *   0
0.23885, 0.93676, 0.5, 0.5, 0.5, 0.5, 0.5, 0.5, 0.5, 0.5, 0.5, 0.5 * 0.09228, 0.92585, 0.36644 *   0
0.90255, 0.54090, 0.5, 0.5, 0.5, 0.5, 0.5, 0.5, 0.5, 0.5, 0.5, 0.5 * 0.10067, 0.11452, 0.98831 *   0
0.87066, 0.82188, 0.5, 0.5, 0.5, 0.5, 0.5, 0.5, 0.5, 0.5, 0.5, 0.5 * 0.05572, 0.19393, 0.97943 *   0
0.35908, 0.03528, 0.5, 0.5, 0.5, 0.5, 0.5, 0.5, 0.5, 0.5, 0.5, 0.5 * 0.84380, 0.04681, 0.53461 *   0
0.87450, 0.77873, 0.5, 0.5, 0.5, 0.5, 0.5, 0.5, 0.5, 0.5, 0.5, 0.5 * 0.06671, 0.18415, 0.98063 *   0
0.88676, 0.28959, 0.5, 0.5, 0.5, 0.5, 0.5, 0.5, 0.5, 0.5, 0.5, 0.5 * 0.15895, 0.07774, 0.98422 *   0
0.78098, 0.94553, 0.5, 0.5, 0.5, 0.5, 0.5, 0.5, 0.5, 0.5, 0.5, 0.5 * 0.02882, 0.33606, 0.94140 *   0
0.38814, 0.95639, 0.5, 0.5, 0.5, 0.5, 0.5, 0.5, 0.5, 0.5, 0.5, 0.5 * 0.05612, 0.81790, 0.57261 *   0
0.89321, 0.40770, 0.5, 0.5, 0.5, 0.5, 0.5, 0.5, 0.5, 0.5, 0.5, 0.5 * 0.13388, 0.09976, 0.98596 *   0
0.86648, 0.78275, 0.5, 0.5, 0.5, 0.5, 0.5, 0.5, 0.5, 0.5, 0.5, 0.5 * 0.06968, 0.19619, 0.97809 *   0
0.47364, 0.96201, 0.5, 0.5, 0.5, 0.5, 0.5, 0.5, 0.5, 0.5, 0.5, 0.5 * 0.04388, 0.73446, 0.67723 *   0
0.49463, 0.03190, 0.5, 0.5, 0.5, 0.5, 0.5, 0.5, 0.5, 0.5, 0.5, 0.5 * 0.71215, 0.03571, 0.70112 *   0
0.38824, 0.94440, 0.5, 0.5, 0.5, 0.5, 0.5, 0.5, 0.5, 0.5, 0.5, 0.5 * 0.07150, 0.81661, 0.57274 *   0
0.83139, 0.83785, 0.5, 0.5, 0.5, 0.5, 0.5, 0.5, 0.5, 0.5, 0.5, 0.5 * 0.06595, 0.25332, 0.96513 *   0
0.55941, 0.95817, 0.5, 0.5, 0.5, 0.5, 0.5, 0.5, 0.5, 0.5, 0.5, 0.5 * 0.04190, 0.63676, 0.76992 *   0
0.76949, 0.90060, 0.5, 0.5, 0.5, 0.5, 0.5, 0.5, 0.5, 0.5, 0.5, 0.5 * 0.05508, 0.34992, 0.93516 *   0
0.74007, 0.91767, 0.5, 0.5, 0.5, 0.5, 0.5, 0.5, 0.5, 0.5, 0.5, 0.5 * 0.05120, 0.39373, 0.91780 *   0
0.72758, 0.92065, 0.5, 0.5, 0.5, 0.5, 0.5, 0.5, 0.5, 0.5, 0.5, 0.5 * 0.05159, 0.41176, 0.90983 *   0
0.85868, 0.64983, 0.5, 0.5, 0.5, 0.5, 0.5, 0.5, 0.5, 0.5, 0.5, 0.5 * 0.11509, 0.18769, 0.97546 *   0
0.86362, 0.53998, 0.5, 0.5, 0.5, 0.5, 0.5, 0.5, 0.5, 0.5, 0.5, 0.5 * 0.14059, 0.15946, 0.97714 *   0
0.52908, 0.94174, 0.5, 0.5, 0.5, 0.5, 0.5, 0.5, 0.5, 0.5, 0.5, 0.5 * 0.06160, 0.67126, 0.73866 *   0
0.72984, 0.89974, 0.5, 0.5, 0.5, 0.5, 0.5, 0.5, 0.5, 0.5, 0.5, 0.5 * 0.06458, 0.40665, 0.91130 *   0
0.71560, 0.08670, 0.5, 0.5, 0.5, 0.5, 0.5, 0.5, 0.5, 0.5, 0.5, 0.5 * 0.42802, 0.05865, 0.90186 *   0
0.61102, 0.06945, 0.5, 0.5, 0.5, 0.5, 0.5, 0.5, 0.5, 0.5, 0.5, 0.5 * 0.57028, 0.06246, 0.81907 *   0
0.62222, 0.07068, 0.5, 0.5, 0.5, 0.5, 0.5, 0.5, 0.5, 0.5, 0.5, 0.5 * 0.55575, 0.06196, 0.82904 *   0
0.83516, 0.64644, 0.5, 0.5, 0.5, 0.5, 0.5, 0.5, 0.5, 0.5, 0.5, 0.5 * 0.13500, 0.21756, 0.96666 *   0
0.64419, 0.10058, 0.5, 0.5, 0.5, 0.5, 0.5, 0.5, 0.5, 0.5, 0.5, 0.5 * 0.52365, 0.08343, 0.84784 *   0
0.07235, 0.18277, 0.5, 0.5, 0.5, 0.5, 0.5, 0.5, 0.5, 0.5, 0.5, 0.5 * 0.95288, 0.28134, 0.11340 *   0
0.70176, 0.81746, 0.5, 0.5, 0.5, 0.5, 0.5, 0.5, 0.5, 0.5, 0.5, 0.5 * 0.12770, 0.43309, 0.89226 *   0
0.74381, 0.22517, 0.5, 0.5, 0.5, 0.5, 0.5, 0.5, 0.5, 0.5, 0.5, 0.5 * 0.36740, 0.13565, 0.92011 *   0
0.63149, 0.14083, 0.5, 0.5, 0.5, 0.5, 0.5, 0.5, 0.5, 0.5, 0.5, 0.5 * 0.53373, 0.12003, 0.83709 *   0
0.63461, 0.78119, 0.5, 0.5, 0.5, 0.5, 0.5, 0.5, 0.5, 0.5, 0.5, 0.5 * 0.18296, 0.51120, 0.83976 *   0
0.70939, 0.32807, 0.5, 0.5, 0.5, 0.5, 0.5, 0.5, 0.5, 0.5, 0.5, 0.5 * 0.38355, 0.21724, 0.89761 *   0
