76800.0 83200.0 0.5142733090604161 0.6879427826870604
2
3
13060.0 16560.0 0.5469094491990771 0.6878611495389343 46245.0 49745.0 0.4831480061801129 0.6438658984916439
13810.0 15810.0 0.48336164329389475 0.6868935398774229 47895.0 48095.0 0.5095792908641558 0.6729653562432234
13210.0 16410.0 0.5111634202993214 0.64414563138513 46545.0 49445.0 0.5392278044842318 0.6298309717208479
2
22775.0 24275.0 0.4653036508718449 0.6668054164540753 67950.0 68050.0 0.4826813592755046 0.6966645255046127
23325.0 23725.0 0.5179964113362601 0.6608072195098347 67900.0 68100.0 0.5327295169351809 0.6637362016621392
25
9308.0 10082.0 0.48890356387042355 0.6177283577984548 1.0 1.0 7642.0 8278.0 0.5377467099531004 0.6391803872051082 231.0 249.0 0.5446278144663923 0.607558644945459
8290.0 8980.0 0.5261454876010867 0.6606557714753771 2.0 1.0 8506.0 9214.0 0.4666663455626617 0.6188618676662998 404.0 436.0 0.530474719863794 0.660789360471137
5895.0 6385.0 0.45344083846642136 0.6125554575039993 3.0 1.0 3831.0 4149.0 0.5039758525645236 0.6333434600925942 111.0 119.0 0.5490705415175624 0.6458665555286682
9053.0 9807.0 0.45727360383715354 0.6576892658435243 1.0 2.0 3908.0 4232.0 0.45923075751844517 0.6789797669736939 399.0 431.0 0.4683657901571574 0.6654401937017307
6058.0 6562.0 0.5227399805256043 0.6984738580738418 1.0 2.0 5760.0 6240.0 0.535190233607877 0.6749926556202771 418.0 452.0 0.45644461113852297 0.6788517479938634
8256.0 8944.0 0.5467849711559143 0.6772414446283933 3.0 1.0 4642.0 5028.0 0.48052101745945686 0.6563001220011863 384.0 416.0 0.5464212852835605 0.628881542319074
8986.0 9734.0 0.46149049520216967 0.607272067420764 1.0 1.0 9039.0 9791.0 0.5480773840050831 0.698477544134403 293.0 317.0 0.48104339115449435 0.6085681415409524
6797.0 7363.0 0.5462337653187439 0.6148765949447175 2.0 1.0 9149.0 9911.0 0.4501945456498332 0.6052983248244741 346.0 374.0 0.5282096494065283 0.687560074372084
8367.0 9063.0 0.5403428676237731 0.628439310071641 1.0 2.0 6269.0 6791.0 0.4581231293614525 0.6041739967989788 125.0 135.0 0.4954837600413114 0.6846586805758605
8352.0 9048.0 0.45204593452237296 0.6617474440110227 3.0 1.0 5228.0 5662.0 0.5231237752196712 0.6876594725633952 360.0 390.0 0.5050370477784483 0.6550030248323369
7191.0 7789.0 0.5353727726982681 0.6125057360866122 1.0 1.0 1253.0 1357.0 0.46247761764017226 0.6276827792486357 312.0 338.0 0.5262395446873845 0.6322216449245669
5271.0 5709.0 0.45049298230651835 0.6909575345892868 1.0 2.0 5261.0 5699.0 0.5263327055070043 0.6394138473669126 288.0 312.0 0.4932358023690651 0.626757257818074
5232.0 5668.0 0.47196941064136916 0.6647486817645127 1.0 2.0 3672.0 3978.0 0.5484176790450217 0.6232544189423586 106.0 114.0 0.46212023470756025 0.6788229580704213
9202.0 9968.0 0.486714825511404 0.6347519975882371 2.0 2.0 1176.0 1274.0 0.45366936431312327 0.6042990579047088 456.0 494.0 0.5255367176501049 0.6188722134906499
5328.0 5772.0 0.46314497264450466 0.6711320847623596 3.0 1.0 3375.0 3655.0 0.5031348733245694 0.6802116504662213 111.0 119.0 0.5013755059057604 0.6192988637776924
9480.0 10270.0 0.5451422286513292 0.6415229518357428 2.0 1.0 8722.0 9448.0 0.46645331598135764 0.6906456128510067 336.0 364.0 0.5323718361613643 0.671002794570528
9528.0 10322.0 0.45993791546103086 0.6543031450281884 2.0 1.0 9288.0 10062.0 0.5260669105554845 0.6174103862413373 317.0 343.0 0.4714068735101068 0.6785754666279998
6509.0 7051.0 0.5447825169487547 0.643510271660062 2.0 1.0 5602.0 6068.0 0.4972631659873286 0.6962897110428466 298.0 322.0 0.5156924728144319 0.602727725318246
9572.0 10368.0 0.5211335900400339 0.6103023349545424 1.0 1.0 7013.0 7597.0 0.5423533421198024 0.6739246022753255 471.0 509.0 0.4852435970092806 0.6511885494284706
4997.0 5413.0 0.5408206311063462 0.6548479841245153 1.0 2.0 1608.0 1742.0 0.5248297115348088 0.6300990436060664 466.0 504.0 0.49650065991117576 0.6160735562864378
4892.0 5298.0 0.5209514894237923 0.6263499510485944 3.0 2.0 4172.0 4518.0 0.4852347594005158 0.634160099067374 322.0 348.0 0.4509906968061967 0.6115192267551848
6620.0 7170.0 0.4838508051884658 0.6552510895354813 1.0 1.0 2679.0 2901.0 0.4806762605682049 0.6396544759327678 111.0 119.0 0.4677803677233812 0.688503909702299
5736.0 6214.0 0.5466492172080445 0.6266543848801918 3.0 1.0 7604.0 8236.0 0.45632799410500785 0.6924966594477548 312.0 338.0 0.524382783877591 0.6009679160774112
7623.0 8257.0 0.5197924795485875 0.6971571501301442 3.0 1.0 5972.0 6468.0 0.4626983459136038 0.6324624867943534 418.0 452.0 0.5068782270113801 0.6987781593566974
7287.0 7893.0 0.49316900493596894 0.6366443161622001 2.0 2.0 9332.0 10108.0 0.485698076983675 0.6763275632634906 63.0 67.0 0.49037810429688683 0.6073712381009729
