80000
4
8 39 32 21 
11000 8500 550 700 
1500 1200 75 75 
3
14810 47995
14810 47995
14810 47995
2
23525 68000
23525 68000
10
9695 1 1 7960 880 240 415
8635 2 1 8860 2425 420 385
6140 3 1 3990 4900 115 470
9430 1 2 4070 4675 415 270
6310 1 2 6000 4150 435 490
8600 3 1 4835 1305 400 250
9360 1 1 9415 2200 305 405
7080 2 1 9530 3940 360 320
8715 1 2 6530 7810 130 415
8700 3 1 5445 4810 375 375
7490 1 1 1305 1375 325 385
5490 1 2 5480 6630 300 385
5450 1 2 3825 2130 110 400
9585 2 2 1225 3370 475 295
5550 3 1 3515 6190 115 335
