80000
4
2 54 18 26 
11000 8500 550 700 
1500 1200 75 75 
3
14810 47995
14810 47995
14810 47995
2
23525 68000
23525 68000
25
6035 3 1 4915 2435 245 310
8505 2 1 5330 3475 330 435
7040 1 2 5155 1000 380 335
5565 3 2 6885 2590 325 310
7905 2 1 7545 1190 340 345
5700 3 1 4210 4175 260 450
6455 1 1 8990 1020 375 440
5725 1 1 5025 6850 120 440
7865 1 1 4050 5200 485 460
7445 2 1 8085 4085 105 355
5420 1 2 1460 4090 385 465
8180 2 2 1220 6180 305 450
6115 2 1 5860 1510 220 435
5305 2 2 9810 1075 80 390
9975 3 2 3435 1645 255 470
9625 2 2 8075 1960 345 250
7580 2 2 3510 6150 160 380
6075 3 1 5655 1125 400 345
6830 3 2 1915 3160 260 200
8920 2 2 1305 4190 450 320
7340 2 1 9155 7655 485 375
9445 3 1 9350 4160 220 205
5530 3 2 8830 5775 260 320
8345 1 2 2065 3325 430 460
5100 1 2 4320 2440 260 415
5
2 24 2 
2-2 1850 420 250 175 
2 8 22 
2-2 -2360 -2130 -150 -230 
2 9 17 
2-2 5225 1090 30 225 
2 2 14 
2-2 -INFTY -INFTY -INFTY -INFTY 
2 23 5 
2-2 1330 2715 100 205 
