80000
4
27 14 27 32 
11000 8500 550 700 
1500 1200 75 75 
3
14810 47995
14810 47995
14810 47995
2
23525 68000
23525 68000
25
9690 1 2 6560 6950 185 215
6025 1 1 2850 3635 85 460
6400 2 1 7935 5250 185 305
5995 2 1 9375 1285 165 240
9820 3 1 5320 7085 410 250
7390 1 1 3695 3335 420 265
8370 3 2 7570 3820 325 330
9140 2 1 6330 4840 485 470
7010 3 1 8355 7300 255 420
7450 3 1 5860 4585 400 435
9440 2 1 7225 5400 50 340
5365 3 2 7175 3550 470 300
5995 2 2 4845 6975 245 385
9370 1 2 7900 5360 305 430
7385 3 2 1140 1640 435 270
5040 3 1 2175 3655 415 370
9885 1 1 9415 3325 430 395
7525 1 2 1680 4110 225 230
8425 3 1 8140 5725 230 430
5850 2 2 7725 2130 305 440
7670 1 2 9135 5380 440 365
7505 1 1 2720 7595 185 345
5265 3 1 5985 4175 410 310
8655 3 2 5065 3835 340 470
8410 3 2 6250 6850 385 220
5
2 10 15 
2-2 3600 1995 95 145 
4 24 1 9 22 
2-3 0 0 0 0 
4-4 2665 2680 115 225 
2 11 19 
2-2 2255 1405 265 305 
4 4 14 21 13 
2-3 0 0 0 0 
4-4 2450 4550 65 135 
5 24 12 3 13 5 
2-4 0 0 0 0 
5-5 5065 2160 120 100 
