80000
4
6 52 26 16 
11000 8500 550 700 
1500 1200 75 75 
3
14810 47995
14810 47995
14810 47995
2
23525 68000
23525 68000
25
7285 2 2 5450 5605 215 350
9500 1 2 3430 2400 205 470
5770 3 1 3170 1735 485 290
8360 2 1 6795 3880 395 315
5215 2 1 6565 4920 100 355
8760 2 2 9215 6760 255 290
7395 2 1 7760 2365 295 360
8505 1 2 9990 3415 105 350
6615 1 2 4605 4120 55 450
6760 1 2 9035 3470 135 455
5430 3 2 9815 5045 255 370
8020 1 2 8405 5440 270 460
6345 2 1 7060 7060 160 305
5830 1 2 9560 6300 315 305
9875 3 2 4400 6920 485 290
5370 1 2 3510 3045 165 240
7935 1 2 4340 6510 265 425
9425 2 1 4725 5165 120 390
5975 3 1 2340 7560 140 310
7995 2 1 7975 6420 225 375
9800 1 2 8755 5625 250 445
5835 3 2 5510 5500 120 255
6680 3 2 6180 5335 330 475
7335 3 1 1105 575 255 485
7340 1 1 3465 1750 460 440
5
3 4 7 22 
2-2 0 0 0 0 
3-3 5415 3035 150 100 
4 7 21 14 18 
2-3 0 0 0 0 
4-4 -INFTY -INFTY -INFTY -INFTY 
2 17 11 
2-2 5915 3305 150 355 
3 3 1 17 
2-2 0 0 0 0 
3-3 910 2855 140 165 
2 13 9 
2-2 5640 3835 180 195 
