80000
4
3 32 53 12 
11000 8500 550 700 
1500 1200 75 75 
3
14810 47995
14810 47995
14810 47995
2
23525 68000
23525 68000
25
5515 1 2 2030 6360 365 370
9735 2 2 8010 7230 160 225
5670 3 2 5550 1235 205 295
7830 2 1 3440 4865 195 215
5200 2 2 8030 7470 420 380
9630 2 2 2905 3325 250 475
7355 3 2 6255 4865 370 345
7050 1 1 3030 1600 410 210
8175 3 1 6115 6115 400 450
8265 2 2 7235 1600 415 490
6225 3 1 7670 5150 495 290
8335 3 2 9665 4220 395 415
6790 2 2 7240 4450 400 325
6850 2 2 7950 3390 150 495
5935 1 2 9775 7820 390 250
7630 1 2 4525 7535 355 450
8605 1 1 9535 5000 335 245
6225 3 1 3265 5060 320 280
5075 3 1 9480 6220 150 345
9865 1 2 9880 6245 385 495
6655 3 2 4745 7730 245 230
8500 2 2 8840 5860 305 460
9590 2 1 5895 6460 295 415
8110 1 2 3855 5900 240 480
7455 1 2 5630 3230 315 355
6
2 17 15 
2-2 145 2580 110 190 
3 7 16 14 
2-2 0 0 0 0 
3-3 -4235 -3740 -170 -110 
3 16 2 3 
2-2 0 0 0 0 
3-3 -INFTY -INFTY -INFTY -INFTY 
3 14 18 10 
2-2 0 0 0 0 
3-3 -INFTY -INFTY -INFTY -INFTY 
2 22 9 
2-2 4815 2605 245 105 
2 20 22 
2-2 4690 5060 55 35 
