80000
4
8 39 32 21 
11000 8500 550 700 
1500 1200 75 75 
3
14810 47995
14810 47995
14810 47995
2
23525 68000
23525 68000
25
9695 1 1 7960 880 240 415
8635 2 1 8860 2425 420 385
6140 3 1 3990 4900 115 470
9430 1 2 4070 4675 415 270
6310 1 2 6000 4150 435 490
8600 3 1 4835 1305 400 250
9360 1 1 9415 2200 305 405
7080 2 1 9530 3940 360 320
8715 1 2 6530 7810 130 415
8700 3 1 5445 4810 375 375
7490 1 1 1305 1375 325 385
5490 1 2 5480 6630 300 385
5450 1 2 3825 2130 110 400
9585 2 2 1225 3370 475 295
5550 3 1 3515 6190 115 335
9875 2 1 9085 550 350 350
9925 2 1 9675 1490 330 400
6780 2 1 5835 5685 310 240
9970 1 1 7305 5185 490 385
5205 1 2 1675 5970 485 410
5095 3 2 4345 2670 335 255
6895 1 1 2790 7890 115 340
5975 3 1 7920 6490 325 320
7940 3 1 6220 7285 435 290
7590 2 2 9720 7650 65 295
5
2 4 21 
2-2 1655 3970 165 145 
4 15 17 16 14 
2-3 0 0 0 0 
4-4 4110 1820 165 150 
2 19 13 
2-2 1145 3215 340 205 
2 13 11 
2-2 -INFTY -INFTY -INFTY -INFTY 
2 8 19 
2-2 -INFTY -INFTY -INFTY -INFTY 
