80000
4
5 59 17 19 
11000 8500 550 700 
1500 1200 75 75 
3
14810 47995
14810 47995
14810 47995
2
23525 68000
23525 68000
25
5690 1 1 5565 3485 70 395
5435 1 1 8440 3105 115 255
8775 1 2 4260 7420 145 470
8315 2 1 7795 2760 330 355
9860 2 2 5670 4755 465 335
6775 2 2 6095 4425 295 430
7950 2 2 8555 5635 390 400
7070 1 1 7475 3435 160 465
5720 1 1 2345 3870 360 270
9400 3 2 3575 1950 425 325
8675 1 2 5375 5045 135 355
5250 2 2 9195 730 390 250
7900 2 2 9515 1490 300 470
8390 2 1 8725 6600 290 390
9985 1 1 7220 7810 420 345
6900 3 2 5715 7100 410 300
7225 2 2 9360 950 180 395
6630 1 2 2895 4660 390 300
8760 1 2 1255 5780 60 475
9830 1 1 8975 6270 335 430
5675 2 1 7765 1995 225 220
5095 3 1 5025 3970 120 320
5130 2 1 7165 7645 100 345
5630 2 2 1060 5365 330 455
7075 1 1 3725 4965 235 435
6
3 20 10 5 
2-2 0 0 0 0 
3-3 2265 2290 130 170 
4 5 1 20 14 
2-3 0 0 0 0 
4-4 -2255 -1355 -205 -65 
5 7 2 20 14 17 
2-4 0 0 0 0 
5-5 2010 3825 140 195 
2 17 10 
2-2 -2030 -1985 -100 -160 
2 4 22 
2-2 -5515 -2015 -190 -110 
2 22 10 
2-2 -INFTY -INFTY -INFTY -INFTY 
