250000
9
10 10 12 9 6 11 8 11 23 
60000 45000 75000 50000 84000 60000 100000 78000 79000 
7500 6000 9000 6000 12000 7500 12000 10500 10500 
3
46295 149995
46295 149995
46295 149995
2
73525 212500
73525 212500
100
8435 3 1 49365 24050 46090 23260 35505 26425 53070 29570 60600
5030 1 1 21085 36975 41980 37625 51440 29750 59635 53260 67055
5390 3 1 24095 34425 23365 24365 63530 34445 35760 51830 27430
7465 2 2 25955 7345 56225 11830 42325 31680 20525 17930 65450
5545 1 1 44165 10885 27605 19425 22140 15480 43260 20240 44735
8645 2 2 25150 18805 26420 20065 8045 11375 62460 41140 34870
8135 3 2 46200 20105 39100 25160 65370 29900 59855 32575 44165
8435 3 2 20930 17310 29415 11670 31505 40945 63215 30740 64815
7800 2 2 20290 26670 19670 29655 41515 36210 48445 20835 12290
7900 1 2 22175 12510 24300 32010 78520 22875 25355 59335 21490
8595 1 2 21905 31370 41425 25175 42020 19500 49680 54225 20285
9505 2 1 10805 6230 35730 11200 24185 28940 20545 12455 32420
8890 3 2 22315 15005 53495 11505 54130 13785 72975 32605 64740
9455 1 2 16940 22170 21345 29675 45330 28890 52505 12410 21775
8170 2 1 31310 36750 35140 17425 47345 33720 66545 26365 44765
8705 3 1 43060 24940 49280 38900 70305 36430 21355 36855 37180
6840 3 2 21000 31405 17270 24735 63565 20500 65290 22285 10825
5790 2 2 45295 25425 45565 39355 72895 31980 42945 58540 66545
6540 3 2 42830 36120 57790 12080 4010 47320 20385 31640 51465
9395 3 1 37460 31250 43105 32630 56655 27325 58145 40670 63380
8015 2 2 30450 12215 39535 28850 35705 28945 31770 39365 37340
8675 3 2 30800 16265 57600 28820 73980 31290 61805 53050 61875
5005 3 2 21620 5490 23240 29145 29305 11550 42780 62245 14420
5580 1 2 29785 28075 27005 13685 37535 38295 30440 59330 37680
5045 3 2 45810 27520 36335 24215 38445 20730 34360 22390 61075
7600 1 2 16090 33670 16165 14880 25705 25285 28270 49990 29015
7910 3 2 32350 37895 18880 37060 73390 33910 68850 52460 38860
9475 2 2 49170 9980 35375 39375 48255 43305 55255 43975 38415
5340 2 2 39330 30010 24310 24510 52095 14465 56155 64810 19815
7075 1 1 31860 13385 48005 34080 23470 34800 44260 23775 60515
9705 1 1 38585 19895 20920 15305 9480 17640 58530 49295 42730
7070 3 2 29565 7880 28485 14710 38080 32235 47515 26255 28905
8310 1 2 22155 6750 43795 23575 54285 44230 46520 33025 60785
7130 3 2 24875 12805 47885 38765 77700 26045 43760 13750 46910
9685 3 1 41875 29725 15380 33825 9815 27485 38800 34950 53975
9060 2 1 11895 30720 22230 24290 48335 26095 53340 37540 40470
7180 1 2 31625 39110 30810 23775 50925 30720 68035 45760 9895
8060 2 1 28070 18695 29690 12660 51765 19025 72080 57525 22255
5035 1 1 44645 14630 33320 38380 11105 39330 71975 12740 32805
6295 3 1 22835 10870 27095 11595 70150 14890 48135 48315 38660
9970 3 2 25950 25220 34790 31480 21375 19665 76980 20610 21925
9500 2 2 37610 26150 29650 10820 15105 17330 44350 56495 37510
7260 3 2 14205 29565 50295 19070 65875 13030 78860 30625 11070
6980 3 1 17810 29275 31300 15005 25395 42540 64110 62450 33795
7070 3 2 15085 8450 50565 39650 43380 17005 24990 8345 12165
7890 2 2 27370 32355 44640 20285 76705 37510 72410 50360 30330
8705 3 2 19720 10560 25780 11235 58675 36790 50970 46135 14510
8850 3 1 30405 29835 48380 39225 72200 25065 57500 58915 30885
8465 3 2 49785 21090 18555 18345 68620 22900 37210 11970 27525
8140 2 2 38380 23865 43260 31390 7460 37575 45790 15975 65865
5625 1 1 42780 39905 42490 21440 65105 49910 35175 24825 9400
6465 1 1 35820 32720 57535 31915 20310 24505 40095 23990 18480
9420 3 2 26720 28755 30425 19860 56700 46560 23805 24145 52685
9360 2 2 35475 11020 28745 20790 31040 22815 59435 54800 64360
6010 3 1 33385 9765 27835 35835 19535 15730 30410 57335 33420
6145 2 1 37885 9155 19530 31125 47690 15625 52420 9410 35360
9445 2 1 47785 36285 31085 24445 48705 38605 50905 8030 65820
5350 3 1 10675 37320 27155 20665 72605 41420 35930 37650 26130
5455 2 1 10370 32640 23325 27370 58935 11615 41685 14095 9435
7030 3 1 14480 9865 31560 20725 31870 35315 43480 20385 12900
7085 2 1 37295 12290 20285 39790 45425 42935 38885 12990 21360
7195 3 1 47085 5980 28160 14130 53915 42300 63760 10385 69520
5050 2 2 21655 7150 43060 14455 8665 27840 41825 67485 44060
9360 1 2 19940 21340 16620 27600 32830 46180 65065 35625 52655
6800 3 2 27770 39745 50135 22210 65995 35770 35830 30975 20715
5840 1 1 30350 33335 56270 20735 44440 38695 64930 51925 37225
9985 1 2 35965 24780 28785 31275 33720 33090 64475 34870 61655
8095 1 2 21135 27125 23025 20555 49405 40565 29350 61625 54695
5650 2 2 17765 8850 52930 18740 79045 30160 64865 59060 66365
7230 3 2 12290 16700 58335 28915 51770 37370 68055 66750 37830
9080 1 1 10525 37000 50635 20525 23230 40435 66090 55860 19325
5635 1 2 49610 7130 31420 12930 38410 43860 72190 32505 53165
5825 2 1 49270 36555 26430 35570 23475 40855 24355 10275 61160
9790 3 2 11855 24670 43015 37790 77920 45805 47300 68610 26315
7215 2 1 28370 28950 23775 30605 35835 40190 65680 45250 55320
5175 1 1 42480 19590 52195 18585 4120 37850 56315 41235 57155
9790 1 2 25930 14750 43535 29370 53050 18825 64935 46410 14225
8050 1 1 43615 10510 58990 19625 38510 13615 59975 16440 45045
8310 2 1 40460 9785 25625 32595 64305 46635 22130 68480 27590
5830 2 2 49340 35785 44885 18250 55775 37500 26090 16455 25950
8595 2 1 39785 15995 29510 37740 33390 41215 33350 39830 40045
7435 1 1 42425 37145 53800 27075 67685 20800 53830 33385 63210
5445 3 1 15380 23815 36455 22515 30985 41260 48630 36985 41160
8210 2 2 17730 29235 58630 39195 74855 32775 40540 58950 31820
6435 3 1 36910 38555 26335 32380 28805 33270 45175 45465 9930
8435 3 2 45515 16255 30715 14820 38725 48835 65975 64460 31225
5550 3 2 46565 14285 38240 15380 27250 33860 58595 58520 10580
8205 1 2 45315 36275 51655 28915 57605 18095 69180 9420 23990
7635 1 1 25820 29415 40730 36215 47225 46155 34675 39975 23985
5025 2 1 16925 18925 41435 37025 73900 25465 24570 67510 35085
5385 1 2 34065 21585 48425 14595 57145 42660 60795 52430 67965
9190 1 2 27795 38530 18135 11415 7465 35595 31795 56095 38395
8485 2 1 48410 33430 30850 23320 55370 18235 65640 8850 11780
7760 3 2 10075 36925 43580 13630 16865 13770 73290 56360 46315
6385 2 1 40000 38265 24510 11265 44765 47255 74375 31715 16920
8135 2 1 37870 13655 43465 39285 14470 43660 57720 28645 12240
9270 2 2 44195 37965 46720 24455 10990 43675 49615 69545 61390
8665 1 2 38855 26465 31555 14450 13990 43635 57060 52330 44660
6645 2 1 29450 24935 49405 38985 14925 31945 28945 49255 22710
7650 3 2 29740 37480 56970 31140 11475 24330 67510 18950 52525
20
2 94 76 
2-2 15205 19675 2610 8075 4730 26855 42010 12620 4465 
4 64 39 91 16 
2-3 0 0 0 0 0 0 0 0 0
4-4 -15075 -18705 -14885 -8540 -15925 -12145 -24045 -26305 -6220 
4 37 46 10 58 
2-3 0 0 0 0 0 0 0 0 0
4-4 4905 14470 16515 9350 13015 12910 32615 24265 11165 
3 19 41 24 
2-2 0 0 0 0 0 0 0 0 0
3-3 -18330 -7915 -14795 -10660 -22180 -7370 -30070 -11280 -15970 
2 38 77 
2-2 -INFTY -INFTY -INFTY -INFTY -INFTY -INFTY -INFTY -INFTY -INFTY 
3 6 1 2 
2-2 0 0 0 0 0 0 0 0 0
3-3 -INFTY -INFTY -INFTY -INFTY -INFTY -INFTY -INFTY -INFTY -INFTY 
2 18 35 
2-2 12775 3550 26055 7435 3485 32690 20205 15185 27690 
2 74 19 
2-2 11305 12605 11145 14960 20030 1480 26555 6185 18000 
2 64 42 
2-2 13865 7505 15115 10060 53810 14370 30255 19515 12865 
3 52 92 79 
2-2 0 0 0 0 0 0 0 0 0
3-3 -INFTY -INFTY -INFTY -INFTY -INFTY -INFTY -INFTY -INFTY -INFTY 
2 30 60 
2-2 25395 9410 10665 20830 7580 22855 39945 22135 13005 
4 58 99 22 43 
2-3 0 0 0 0 0 0 0 0 0
4-4 10055 11025 13240 14395 12090 11220 24445 21675 11990 
2 68 25 
2-2 -INFTY -INFTY -INFTY -INFTY -INFTY -INFTY -INFTY -INFTY -INFTY 
2 95 44 
2-2 -INFTY -INFTY -INFTY -INFTY -INFTY -INFTY -INFTY -INFTY -INFTY 
2 19 7 
2-2 24120 15180 2890 9960 29650 6555 44355 11335 28445 
3 92 38 10 
2-2 0 0 0 0 0 0 0 0 0
3-3 26770 8965 15565 14805 14645 19420 32525 15155 2375 
3 31 91 71 
2-2 0 0 0 0 0 0 0 0 0
3-3 27475 12795 6395 8115 11715 14135 14940 23030 17225 
3 85 9 46 
2-2 0 0 0 0 0 0 0 0 0
3-3 9160 9725 9015 14240 25660 12210 9260 22420 4010 
4 10 96 71 0 
2-3 0 0 0 0 0 0 0 0 0
4-4 22880 17490 17295 5245 15110 15245 22515 33580 24685 
2 36 54 
2-2 -14055 -12125 -16815 -8830 -28435 -14370 -24620 -37365 -12280 
