250000
9
11 9 9 6 11 13 8 7 26 
60000 45000 75000 50000 84000 60000 100000 78000 79000 
7500 6000 9000 6000 12000 7500 12000 10500 10500 
3
46295 149995
46295 149995
46295 149995
2
73525 212500
73525 212500
100
8130 1 2 36955 34670 37690 27610 13745 23960 42035 50175 15720
8620 1 2 33265 28710 17585 36785 49430 32500 79945 39605 21575
7620 2 2 17340 32630 23265 27000 46395 20810 75035 48975 24520
9380 1 1 39490 18000 33285 33440 52205 43215 43030 48135 12410
5410 3 1 46565 13760 21695 35830 30955 12825 60465 55120 64200
7555 2 2 19020 30400 36065 10900 27845 46900 61570 11200 24480
6380 1 1 37270 35255 37625 19285 26475 14405 25340 12715 23705
8410 3 2 40325 26305 32410 10100 44025 41125 56505 42780 24650
8315 2 2 47920 9030 59300 21995 26160 33695 32460 46415 14060
7075 1 1 35380 27335 46960 20390 50190 41950 22500 28255 48910
5150 2 2 45645 6745 41620 29635 11000 14645 43220 29420 16400
6135 3 2 18210 32325 18075 21615 10920 37040 61460 43330 15475
7675 3 1 13215 38855 15760 15130 28810 25930 58045 40985 43345
8560 1 1 24685 33885 48030 24760 55205 23575 42140 12640 32370
8335 1 1 28815 28850 51525 37285 18200 43895 49960 37470 56015
9065 2 1 48555 28100 51115 17680 74210 27110 55385 67815 34705
5145 1 2 18465 38355 29605 32615 18820 27280 59230 27375 13170
5825 3 2 18380 24420 43260 28775 71110 16800 41505 14580 13415
9730 3 1 23770 13575 56335 17360 56305 28065 73520 11225 28350
9300 2 2 42635 24885 21285 12850 70345 49175 34015 36375 35495
6310 1 2 48340 26310 26795 39020 55510 39115 76590 16760 69575
9695 3 2 25885 25475 21950 30405 76105 31125 78940 11315 28240
7730 3 1 27805 12475 53485 15955 59300 22620 34635 43755 9860
9195 3 2 15060 17900 50940 18695 13295 13365 27705 40725 31035
7200 1 1 42285 30400 24975 35545 75720 16755 50120 51920 68640
8125 3 2 41530 9035 41560 18660 76965 15295 26420 29905 13835
7525 2 2 33565 32635 32060 26130 7980 21415 48490 17775 25315
8250 3 2 37620 6550 57720 36750 10190 39825 66815 35090 12755
9145 1 1 38850 11285 32250 17385 70190 23520 31975 47300 60040
5410 2 1 20775 21225 29845 13690 52465 32505 66375 41990 44950
9015 1 2 30850 14010 45200 21330 9035 36985 30330 25755 12735
7060 2 1 46395 17015 41900 24745 5910 20445 23900 24565 15505
5805 1 2 22280 15250 34205 11965 6835 25295 45800 28700 53710
9580 1 2 38265 9685 31670 14240 16095 15880 26875 31300 34435
5245 2 1 22295 35530 31375 17075 63425 37135 75330 36975 11235
8430 1 1 33565 35605 29685 10355 29165 47465 64615 43100 48360
6330 3 2 19230 8510 27800 13570 16140 40345 45575 61915 67990
8050 3 2 16950 30415 30105 37775 24690 22225 66000 69525 55295
5485 2 2 21180 39185 37100 26730 15335 37275 61170 29780 45385
9765 1 2 37860 23470 58030 10145 78970 22505 76915 41135 18875
5835 1 2 45940 7270 40920 15475 7175 30460 39835 41055 12305
6910 1 1 22785 36650 45500 10865 41880 42255 54290 31385 49560
8660 1 2 24060 15015 42355 26010 7335 24420 34385 11245 61740
5260 1 2 14530 23615 16300 22855 33990 12080 22965 54805 26600
6390 3 1 28330 39530 33305 25200 24080 44420 59680 67235 10690
7385 1 2 12375 23805 43930 35270 70055 34535 71290 8955 53355
9445 2 1 39295 6615 37490 20755 53560 15825 25420 21330 63655
5645 3 2 12865 17790 16860 13545 57015 19815 39935 38125 69560
8430 2 2 22640 31935 46400 26580 13850 43515 76085 33285 10225
6105 2 2 46225 5985 26790 26445 52545 48340 74390 17645 67695
9925 1 2 18575 38735 43690 26510 65280 30000 31635 24605 57460
5580 3 1 22490 36480 52085 16015 4820 14120 33990 45025 13620
7360 3 2 40800 21795 31475 21550 18325 11120 56185 59750 44610
6605 1 2 40505 22380 36705 29795 69845 26435 21375 69480 25800
5615 1 1 30860 28915 22730 27160 4825 36775 56715 39355 55090
9910 1 2 21910 12545 56750 37265 29000 45025 57375 44695 26030
6900 2 2 30125 22770 48090 14570 6960 48540 60220 61785 10700
6150 1 1 18915 35530 22240 35110 34655 40175 72160 27560 15855
9685 1 2 27395 14095 34605 26540 44265 27715 24135 40580 55920
9625 3 1 22950 38440 49125 10525 62645 23655 58230 20625 24870
5560 3 2 16825 38475 34040 32520 52410 48540 43525 25290 15630
6885 2 2 25050 22445 15545 25355 31540 13560 60120 32845 34195
7120 1 2 21150 36720 42965 22945 24905 19115 76490 33265 16530
5165 3 2 48535 8995 52505 32495 67875 45160 45865 14430 64305
9730 2 2 28405 21230 41640 28340 17185 37610 41415 51930 34955
9405 2 2 16695 8390 20520 20365 15050 26720 54990 23830 57625
9770 3 1 40095 15095 46625 14270 21560 30565 34950 54150 52865
8820 2 1 22880 15875 45490 27405 58530 39665 46500 15155 25995
8850 2 1 22775 38860 47805 33195 26770 18465 48675 10165 65870
9565 3 2 15225 15670 30825 25105 67800 18955 76805 64735 47000
8390 1 2 23090 7080 44180 37215 70940 44130 41375 49430 21945
9255 3 2 20295 30660 45605 31305 66320 28285 21405 32405 65255
7350 2 1 17205 27325 30510 16335 6245 33015 55345 47800 26945
7965 2 2 24260 22940 35360 19560 63390 22075 68255 49415 43890
5800 1 2 28825 16700 48165 36455 39150 27110 68365 52870 40580
9990 1 1 22980 31180 17030 20565 66935 12375 78730 62625 64950
9980 1 2 37520 27265 52800 10965 25570 26180 32020 20905 31840
5720 2 2 41620 20420 27570 37005 59945 27600 41280 16060 62495
6555 2 2 35520 24680 58790 34610 71090 48865 47115 27825 46650
6655 1 1 33885 17645 19500 32720 13435 38645 50935 13110 19955
8735 3 2 37370 33900 59085 10035 41530 49225 39290 60465 48850
5875 2 2 38920 15795 16605 27020 69080 22280 41770 68775 46855
8335 1 2 18350 18060 30515 12345 40515 43860 65395 20040 32160
6240 1 1 14860 38775 35505 36375 27950 28325 49185 42105 51980
5675 1 1 33220 19265 54480 33630 35425 26390 23565 37130 42015
9190 3 2 47075 23660 18485 38025 69790 15565 28035 30150 36295
5190 3 2 47755 23310 53210 16905 18790 36650 67530 61905 49420
9415 3 2 19995 20180 50050 13750 49330 36445 39250 62300 54655
7655 1 2 12145 16285 34755 17535 18590 20010 64830 57885 25115
7170 3 1 15045 16800 17970 14845 31575 40535 77900 68575 26815
6375 1 2 11675 14940 44915 16555 56695 24820 50525 67395 41090
6570 2 1 34300 6705 54700 16220 37835 13160 77735 18130 64295
8995 2 2 25425 18225 37930 24680 75980 36125 60330 59595 24585
6525 2 1 27240 25835 29570 36100 28370 28560 29230 21955 32735
5180 3 1 28935 5280 22735 34545 53720 44625 55415 10305 51965
5790 2 1 29495 18275 38695 24480 48480 46075 69290 40465 25055
6500 3 2 39580 37515 42520 16985 16530 18155 68080 28710 9505
8975 2 2 41580 6465 32390 36850 21425 37170 70405 20025 39250
5765 3 1 22040 20550 41445 12955 75045 29780 76960 20770 60360
6260 1 2 48710 19835 16400 30415 23390 24355 47480 17835 60650
20
2 17 38 
2-2 -INFTY -INFTY -INFTY -INFTY -INFTY -INFTY -INFTY -INFTY -INFTY 
2 45 3 
2-2 -11415 -16025 -27255 -8970 -51130 -17735 -23900 -1510 -11250 
3 31 82 26 
2-2 0 0 0 0 0 0 0 0 0
3-3 21985 14700 21325 12015 7700 3660 28335 10865 15340 
5 10 14 64 1 38 
2-4 0 0 0 0 0 0 0 0 0
5-5 15250 12280 17065 19535 9890 18830 24615 21290 14240 
5 34 25 11 28 62 
2-4 0 0 0 0 0 0 0 0 0
5-5 15900 14305 15935 8290 30195 21560 17760 12875 12200 
2 79 78 
2-2 -INFTY -INFTY -INFTY -INFTY -INFTY -INFTY -INFTY -INFTY -INFTY 
3 52 80 99 
2-2 0 0 0 0 0 0 0 0 0
3-3 30105 14860 19485 18205 7830 6175 34735 8460 13150 
2 75 17 
2-2 18700 10505 4715 15750 67205 3920 37485 21965 7635 
3 88 20 48 
2-2 0 0 0 0 0 0 0 0 0
3-3 -13935 -13945 -19505 -19855 -16355 -18900 -44285 -13085 -27070 
4 26 9 25 85 
2-3 0 0 0 0 0 0 0 0 0
4-4 -INFTY -INFTY -INFTY -INFTY -INFTY -INFTY -INFTY -INFTY -INFTY 
4 83 27 25 39 
2-3 0 0 0 0 0 0 0 0 0
4-4 20720 10535 23220 10270 25495 18165 43180 16445 10515 
3 79 7 28 
2-2 0 0 0 0 0 0 0 0 0
3-3 25645 12100 14700 3145 39510 17055 24130 26125 20740 
4 75 16 11 52 
2-3 0 0 0 0 0 0 0 0 0
4-4 12275 21270 5190 13305 4295 13675 39020 23515 19245 
3 7 57 54 
2-2 0 0 0 0 0 0 0 0 0
3-3 -INFTY -INFTY -INFTY -INFTY -INFTY -INFTY -INFTY -INFTY -INFTY 
2 4 29 
2-2 12375 11140 4650 14145 26055 7545 43615 17760 37135 
2 54 62 
2-2 -INFTY -INFTY -INFTY -INFTY -INFTY -INFTY -INFTY -INFTY -INFTY 
3 19 61 97 
2-2 0 0 0 0 0 0 0 0 0
3-3 -INFTY -INFTY -INFTY -INFTY -INFTY -INFTY -INFTY -INFTY -INFTY 
5 33 84 67 64 0 
2-4 0 0 0 0 0 0 0 0 0
5-5 -INFTY -INFTY -INFTY -INFTY -INFTY -INFTY -INFTY -INFTY -INFTY 
2 77 35 
2-2 15450 13870 12210 18165 5445 5250 46800 26490 14020 
2 45 1 
2-2 -INFTY -INFTY -INFTY -INFTY -INFTY -INFTY -INFTY -INFTY -INFTY 
