250000
9
10 13 10 12 7 13 10 7 18 
60000 45000 75000 50000 84000 60000 100000 78000 79000 
7500 6000 9000 6000 12000 7500 12000 10500 10500 
3
46295 149995
46295 149995
46295 149995
2
73525 212500
73525 212500
100
9450 1 2 42890 8915 25565 13685 28980 15900 32300 13500 67295
6360 3 2 47565 24220 35845 11540 50315 14320 37085 21950 49010
5890 2 1 35435 18125 31280 23450 32650 24875 64150 18000 48310
7820 3 2 11010 32855 43650 13995 37600 28755 29025 37485 29625
9555 2 2 23030 31265 29890 26510 66610 24140 78980 37430 15740
7560 2 1 39035 32650 17985 33595 13435 13760 58970 17560 52140
7830 1 1 37475 20310 26730 29335 28670 48220 33595 69065 42260
9705 2 2 37215 19595 25230 18455 10285 45710 46835 43260 10330
7510 2 1 17640 38140 27520 18990 22925 39265 78380 52090 40740
5715 1 2 23865 23225 23575 30255 5335 41555 59650 44635 31655
7805 3 1 46105 38570 24455 13005 39330 15285 33580 65195 33940
5090 3 1 48445 38035 56755 19090 12695 28785 66220 57735 61045
5865 3 2 37440 30025 50640 16155 30260 46110 52675 14460 15515
8765 1 2 24330 7875 17950 31870 74530 41210 73390 57365 29640
8090 3 2 49345 35815 41950 13160 65885 42115 48800 45120 16725
8210 2 1 21680 13390 44085 36700 64810 12815 65055 45375 23050
8580 2 1 42300 28570 39890 33530 49985 33770 45745 17955 22215
5495 2 1 41115 29650 38635 23520 10010 32405 20955 51530 61040
6470 1 1 32295 14225 57245 37355 4535 15225 21730 50815 18990
8010 3 1 45995 18460 52395 13280 51675 20710 77710 52385 59930
9550 2 2 46845 39625 17095 20270 8785 38850 45560 8105 58080
8360 3 1 36975 25045 39490 12475 75585 40945 23710 45395 38170
6030 3 1 14145 19490 21010 23195 44630 26345 51660 23210 36820
5905 2 1 41100 13015 58560 35355 48370 45075 61965 52370 49510
5345 1 1 32130 15605 41335 24290 17045 25735 45270 56025 50525
9715 3 1 14125 17035 16770 17350 9400 32310 66010 31590 24340
9895 2 1 45910 31795 42095 24685 76645 42630 54575 43610 13360
9730 1 1 34380 27645 45590 33420 66850 22410 57055 46015 59185
8390 1 2 28835 18795 21230 14755 39815 47290 51835 56245 25895
9195 1 2 43100 39870 42790 19235 61495 40695 73090 25175 13400
6095 1 1 35355 18325 59385 21150 12680 40280 40510 31695 39350
9250 3 2 16445 18715 45705 14880 64860 38505 75035 19765 12890
5480 2 2 26475 32305 27480 12285 48670 26175 40220 11845 33270
9270 1 1 33580 21780 26085 29310 77030 18830 59615 56795 67470
8250 2 2 16540 8240 45830 25040 13065 31580 24110 28435 56355
5490 1 1 23445 23110 17385 21635 76045 48805 60155 21505 38180
7835 3 2 30640 32275 17375 10355 4180 18260 53030 16460 29465
9565 2 2 24855 39170 29755 26770 59425 29650 70430 24170 69085
7620 3 1 13770 22680 41070 15535 27505 20580 32310 34845 10295
7065 1 1 22515 22565 32830 38695 71595 43415 58560 35685 45415
9195 1 2 13625 25795 57560 36685 27165 47200 45215 26565 20540
9605 2 1 22930 14035 18630 16430 51845 28330 54600 62165 28385
5135 1 1 33845 21075 59570 35765 14150 37525 77410 23420 52640
8145 2 2 26635 30320 29560 38645 75930 17085 67295 45025 56510
6175 2 2 47525 33875 16535 34170 73910 48420 61025 47330 57380
9275 3 2 23645 26385 16880 13220 70100 16085 39180 37495 47410
8010 3 2 23820 37360 27770 26025 72425 40010 76170 59660 21115
6925 2 1 44720 8980 42025 35625 70675 15345 46875 28790 62525
6345 3 2 41770 11040 21700 19370 33070 47610 44980 35160 34600
7920 3 2 27035 34665 53260 11130 53105 39755 56845 21615 54170
8365 2 2 18715 39690 51785 24705 56590 16245 31875 8370 46680
6085 1 2 16415 15580 28210 36275 16000 42665 46510 10335 50580
7600 2 1 10615 22855 39940 34490 70850 13995 57180 41925 38595
7475 2 1 27870 10095 15345 28530 52790 14605 55680 63945 35715
6675 2 2 33180 39685 35220 11765 40655 16675 47610 59070 16595
9925 3 1 10480 6280 38290 25110 21075 38590 27820 12825 63685
5600 3 2 48510 35825 51805 25330 62440 40595 74970 22770 36520
8960 1 1 30985 15245 22480 21755 76995 44615 23245 39015 54755
8015 2 2 30355 7895 36535 11970 27230 45835 67595 62490 64995
6490 1 1 36120 14975 28170 26195 11515 12910 58170 51445 23605
6345 3 2 48290 27405 25365 24965 57400 30010 22360 44350 16520
6000 3 2 40100 29940 27280 11770 28185 14080 29660 44205 15050
5725 2 2 38325 10440 43030 13830 63615 27770 40035 43740 39000
9760 1 1 29740 15775 43865 36835 65670 43980 57480 15195 17485
8835 1 2 27430 10410 55370 33500 15915 25275 37970 41855 55710
8050 2 2 10770 24040 42720 10310 8280 11940 67360 29080 50675
6700 2 1 42130 27475 45770 21200 55865 31520 58745 44585 24820
9965 1 2 13800 5320 56760 35090 7655 20695 38910 58205 50980
8330 1 1 46050 31025 45345 21215 10550 15070 41295 31715 36910
6190 2 2 43105 32295 42395 22940 23005 28090 44895 68340 26735
8490 3 1 12435 5090 53435 26325 64180 39125 60445 22385 32855
6510 1 2 44770 15510 23750 20455 50605 13605 37940 35685 25030
9395 3 1 44195 35145 53795 28975 28530 11135 42545 57685 41635
9995 2 2 12280 20020 20895 30145 67755 35950 36135 47115 34560
6175 3 1 26195 14250 33175 19525 59350 17090 62055 30050 49320
5585 2 1 23315 22675 47945 16980 14275 46835 45025 35700 29385
9855 3 2 36155 14500 47810 34980 78610 16290 32255 17860 13340
7600 2 1 14425 29335 31200 31085 15105 27785 58495 62015 47210
5175 1 2 43960 31125 48995 23270 75750 17600 55240 14585 18995
8430 3 2 41745 28885 40655 26055 43485 14490 36260 40770 18840
6725 2 2 18735 22335 55065 33740 21080 18985 77655 9065 52300
7575 2 2 22125 22405 25740 13715 71930 29690 23485 22720 9895
7105 2 1 44885 8465 16690 11450 9940 41085 73270 11655 31815
8670 2 2 32850 6805 48540 22875 61290 25805 75255 52310 19000
5910 3 1 45860 37270 56280 31495 18000 21840 29345 59845 35450
8015 3 2 43585 38740 29115 23420 31070 15485 51360 51830 69800
8515 2 1 36440 8200 25645 33235 34970 30155 45630 47730 23125
6125 3 1 20655 21955 39805 21070 75000 39215 26485 29350 69400
7900 2 1 40590 38390 17200 19770 76025 40385 21665 17815 18460
9905 1 1 26805 22855 35020 31965 54275 33865 38585 49150 34615
6120 2 2 18260 36215 17540 37870 43495 46750 59035 26190 61025
7545 3 1 20765 23735 52930 30335 47605 40370 34750 18880 61070
5705 1 1 22740 23865 52895 13680 14090 39035 30105 69465 23450
9800 3 1 43095 25930 17590 16965 57900 24220 66260 33325 16730
6705 2 2 39030 38630 40140 38045 77635 23875 42205 19655 44155
5115 1 2 10810 30175 44480 18920 50165 35380 63845 51220 53415
9010 2 1 43060 8310 21100 30615 27860 13595 40330 59245 24595
5800 3 1 34635 18115 17945 22035 51035 35500 74585 56070 17955
5485 2 2 43855 17900 44165 33535 41460 45935 27605 10060 25140
5810 2 2 26105 30690 28610 14845 29285 30445 33010 69265 63985
20
3 7 96 63 
2-2 0 0 0 0 0 0 0 0 0
3-3 -14610 -6815 -20620 -16175 -17490 -7480 -14720 -17855 -11010 
4 24 90 29 28 
2-3 0 0 0 0 0 0 0 0 0
4-4 -20230 -11930 -17360 -13150 -25145 -17690 -13295 -14880 -18430 
2 27 68 
2-2 31645 11985 26470 3710 16290 4380 37250 12475 13535 
3 98 9 27 
2-2 0 0 0 0 0 0 0 0 0
3-3 10380 4750 28345 19995 15265 14545 22935 14775 9940 
4 83 96 92 2 
2-3 0 0 0 0 0 0 0 0 0
4-4 12905 8585 14415 13380 15995 11730 20970 16855 6445 
3 60 37 47 
2-2 0 0 0 0 0 0 0 0 0
3-3 13980 9360 9250 12145 28280 13525 23935 23385 18595 
2 85 44 
2-2 23790 20155 11915 6400 25275 17450 35300 27315 35515 
4 78 35 4 37 
2-3 0 0 0 0 0 0 0 0 0
4-4 10485 11510 8335 11845 31860 17605 19870 10580 15560 
2 93 61 
2-2 -INFTY -INFTY -INFTY -INFTY -INFTY -INFTY -INFTY -INFTY -INFTY 
2 29 73 
2-2 -INFTY -INFTY -INFTY -INFTY -INFTY -INFTY -INFTY -INFTY -INFTY 
3 4 74 24 
2-2 0 0 0 0 0 0 0 0 0
3-3 12390 10685 10010 11070 13930 11885 37335 24120 9540 
2 83 8 
2-2 14175 1080 19710 11590 28935 7735 19985 48095 25900 
2 94 2 
2-2 23365 25100 5620 12895 17625 15300 11175 11895 20645 
2 71 83 
2-2 -INFTY -INFTY -INFTY -INFTY -INFTY -INFTY -INFTY -INFTY -INFTY 
2 6 16 
2-2 -20840 -12380 -20000 -10665 -17180 -13095 -17770 -38215 -7875 
3 92 58 5 
2-2 0 0 0 0 0 0 0 0 0
3-3 -INFTY -INFTY -INFTY -INFTY -INFTY -INFTY -INFTY -INFTY -INFTY 
3 56 94 58 
2-2 0 0 0 0 0 0 0 0 0
3-3 -INFTY -INFTY -INFTY -INFTY -INFTY -INFTY -INFTY -INFTY -INFTY 
2 18 47 
2-2 5375 2485 13780 27635 2265 14055 11190 1280 22855 
4 25 40 79 18 
2-3 0 0 0 0 0 0 0 0 0
4-4 -13915 -13875 -19490 -6190 -13665 -6695 -22725 -15545 -9495 
5 13 61 75 85 41 
2-4 0 0 0 0 0 0 0 0 0
5-5 -INFTY -INFTY -INFTY -INFTY -INFTY -INFTY -INFTY -INFTY -INFTY 
