56442 96360 0.5 0.5
4
8 8 8 8 39 39 39 39 39 32 32 32 32 21 21 21 21
11000 11000 0.5 0.5 8500 8500 0.5 0.5 550 550 0.5 0.5 700 700 0.5 0.5
1500 1500 0.5 0.5 1200 1200 0.5 0.5 75 75 0.5 0.5 75 75 0.5 0.5
3
13381 17715 0.5 0.5 42494 62546 0.5 0.5
12208 17666 0.5 0.5 33704 53787 0.5 0.5
14324 15713 0.5 0.5 40783 61893 0.5 0.5 
2
15790 25736 0.5 0.5 62119 74360 0.5 0.5
20569 30409 0.5 0.5 58573 85755 0.5 0.5
25
8620 10331 0.5 0.5 1   1 5320 10803 0.5 0.5 510 985 0.5 0.5 197 259 0.5 0.5 352 547 0.5 0.5
6635 8782 0.5 0.5  2  1 5741 12305 0.5 0.5 1592 3314 0.5 0.5 292 532 0.5 0.5 251 470 0.5 0.5
4735 8077 0.5 0.5  3  1 3167 4156 0.5 0.5 4510 6670 0.5 0.5 108 143 0.5 0.5 448 625 0.5 0.5
7837 12414 0.5 0.5  1  2 2588 5225 0.5 0.5 2865 6201 0.5 0.5 243 416 0.5 0.5 216 305 0.5 0.5
4305 7434 0.5 0.5  1  2 4311 6973 0.5 0.5 4079 5371 0.5 0.5 258 439 0.5 0.5 313 556 0.5 0.5
6875 10401 0.5 0.5  3  1 3840 5578 0.5 0.5 1237 1693 0.5 0.5 255 416 0.5 0.5 156 340 0.5 0.5
7024 9925 0.5 0.5   1 1 8392 11549 0.5 0.5 1976 2837 0.5 0.5 192 373 0.5 0.5 253 519 0.5 0.5
5829 8102 0.5 0.5  2  1 6503 11155 0.5 0.5 3624 4758 0.5 0.5 248 393 0.5 0.5 212 380 0.5 0.5
6559 11032 0.5 0.5  1  2 4174 7084 0.5 0.5 4964 7833 0.5 0.5 89 178 0.5 0.5 278 507 0.5 0.5
7590 8703 0.5 0.5  3  1 5129 6806 0.5 0.5 2777 4926 0.5 0.5 298 392 0.5 0.5 293 534 0.5 0.5
7440 8066 0.5 0.5   1 1 750 1543  0.5 0.5 1138 1964  0.5 0.5 300 411 0.5 0.5 328 424 0.5 0.5
4845 5885 0.5 0.5  1  2 4984 6952 0.5 0.5 6062 7824 0.5 0.5 178 339 0.5 0.5 293 428 0.5 0.5
5405 6068 0.5 0.5  1 2   3783 4194 0.5 0.5 1593 2960 0.5 0.5 69 133 0.5 0.5 345 550 0.5 0.5 
6691 12562 0.5 0.5   2 2 795 1395 0.5 0.5 2045 3507  0.5 0.5 419 526 0.5 0.5 170 390 0.5 0.5
4067 6610 0.5 0.5  3  1 2961 4547 0.5 0.5 4399 7739 0.5 0.5 80 122 0.5 0.5 275 423 0.5 0.5
8346 11838 0.5 0.5  2  1 6394 9272 0.5 0.5 371 646 0.5 0.5 227 399 0.5 0.5 262 407 0.5 0.5
9404 13079 0.5 0.5  2  1 7154 10137 0.5 0.5 1072 1753 0.5 0.5 202 340 0.5 0.5 365 549 0.5 0.5
5036 7086 0.5 0.5  2  1 4820 5840 0.5 0.5 3267 7555 0.5 0.5 276 431 0.5 0.5 140 248 0.5 0.5
8586 12160 0.5 0.5   1 1 4792 9381 0.5 0.5 3168 5265 0.5 0.5 366 678 0.5 0.5 225 423 0.5 0.5
4658 5959 0.5 0.5  1  2 1579 2182 0.5 0.5 5860 7121 0.5 0.5 477 570 0.5 0.5 399 556 0.5 0.5
3922 5411 0.5 0.5  3  2 4167 4693 0.5 0.5 1568 3033 0.5 0.5 195 424 0.5 0.5 152 327 0.5 0.5 
4645 7034 0.5 0.5  1 1 1690 3098 0.5 0.5 6175 9411 0.5 0.5 106 144 0.5 0.5 301 402 0.5 0.5
4159 6845 0.5 0.5 3   1 4622 8736 0.5 0.5 5185 7262 0.5 0.5 272 417 0.5 0.5 186 384 0.5 0.5
7159 8004 0.5 0.5  3  1 5181 6926 0.5 0.5 5364 9017 0.5 0.5 375 573 0.5 0.5 171 351 0.5 0.5
7367 8427 0.5 0.5  2 2  6159 13227 0.5 0.5 7238 8152 0.5 0.5 48 83 0.5 0.5 180 312 0.5 0.5