240000	260000																	//BUDGET GRIS s																																																																																		
9																		//NUMERO DE OBJETIVOS																																																																																		
10
0	//FUNCION DE EVALUACION QUE USARAN 0:OUTRANKING, 1 UF.
0
0
0
0
0
1
1
1
1	
1																		//NUMERO DE RESTRICCIONES																																																																																		
0.068	0.100	0.105	0.143	0.072	0.108	0.098	0.133	0.057	0.077	0.098	0.135	0.082	0.114	0.057	0.078	0.142	0.189	//PESOS W_i^j, para cada DM j, PESO por cada objetivo i como intervalo (DM por linea)	1.077																																																																																
0.068	0.099	0.105	0.144	0.079	0.115	0.097	0.133	0.059	0.079	0.104	0.142	0.076	0.108	0.058	0.078	0.145	0.192																																																																																		
0.067	0.099	0.105	0.141	0.072	0.108	0.092	0.127	0.058	0.078	0.097	0.134	0.082	0.114	0.058	0.079	0.144	0.195																																																																																		
0.067	0.099	0.101	0.137	0.073	0.109	0.097	0.132	0.058	0.078	0.098	0.135	0.083	0.115	0.058	0.079	0.145	0.192																																																																																		
0.065	0.107	0.098	0.134	0.079	0.115	0.092	0.128	0.057	0.077	0.103	0.140	0.081	0.112	0.061	0.081	0.146	0.193																																																																																		
0.069	0.103	0.102	0.138	0.076	0.112	0.099	0.135	0.061	0.081	0.100	0.137	0.080	0.111	0.055	0.075	0.133	0.180																																																																																			
0.077	0.123	0.096	0.158	0.077	0.138	0.097	0.159	0.053	0.090	0.092	0.160	0.078	0.123	0.048	0.083	0.142	0.245																																																																																			
0.068	0.143	0.107	0.170	0.067	0.139	0.086	0.158	0.059	0.089	0.109	0.169	0.076	0.130	0.050	0.086	0.130	0.243																																																																																			
0.070	0.135	0.093	0.177	0.068	0.137	0.090	0.148	0.053	0.082	0.103	0.169	0.079	0.127	0.052	0.084	0.150	0.223																																																																																			
0.076	0.130	0.090	0.154	0.069	0.136	0.087	0.147	0.052	0.095	0.099	0.176	0.080	0.128	0.053	0.091	0.132	0.234																																																																																			
198171	198171	190206	190206	198904	198904	200051	200051	200166	200166	200178	200178	200179	200179	200179	200179	306014	306014	//VETO  v_i^j, para cada DM j, VETO por cada objetivo i como intervalo (DM por linea)																																																																																	
172435	172435	184867	184867	192629	192629	196072	196072	196416	196416	196451	196451	196454	196454	196454	196454	301513	301513																																																																																		
197948	197948	168769	168769	216598	216598	217745	217745	217860	217860	217872	217872	217873	217873	217873	217873	276960	276960																																																																																		
163575	163575	173425	173425	213848	213848	214996	214996	215111	215111	215122	215122	215123	215123	215123	215123	268607	268607																																																																																		
189340	189340	188972	188972	217622	217622	218769	218769	218884	218884	218896	218896	218897	218897	218897	218897	282411	282411																																																																																		
162331	162331	191764	191764	200769	200769	201916	201916	202031	202031	202043	202043	202044	202044	202044	202044	286775	286775																																																																																			
184680	184680	161316	161316	159873	159873	159873	159873	159873	159873	159873	159873	159873	159873	159873	159873	189960	189960																																																																																			
129004	129004	194205	194205	224768	224768	224768	224768	224768	224768	224768	224768	224768	224768	224768	224768	284196	284196																																																																																			
265641	265641	140995	140995	249798	249798	249798	249798	249798	249798	249798	249798	249798	249798	249798	249798	375703	375703																																																																																			
150909	150909	194222	194222	185065	185065	185065	185065	185065	185065	185065	185065	185065	185065	185065	185065	275222	275222																																																																																			
0.62	0.70																	//BETA  B_j, para cada DM j, umbral de credibilidad del outranking																																																																																	
0.62	0.67																																																																																																		
0.62	0.67																																																																																																		
0.62	0.67																																																																																																		
0.62	0.67																																																																																																		
0.62	0.70																																																																																																			
0.66	0.77																																																																																																			
0.66	0.78																																																																																																			
0.67	0.80																																																																																																			
0.65	0.75																																																																																																			
0.72																		//CHI g_j, para cada DM j, CHI por cada recurso i como valor real (DM por linea)																																																																																	
0.70																																																																																																			
0.70																																																																																																			
0.70																																																																																																			
0.71																																																																																																			
0.72																																																																																																				
0.75																																																																																																				
0.78																																																																																																				
0.80																																																																																																				
0.75																																																																																																				
0.70																		//ALPHA d_j, para cada DM j,  es el umbral de credibilidad del outranking (DM por linea)																																																																																	
0.69																																																																																																			
0.68																																																																																																			
0.69																																																																																																			
0.70																																																																																																			
0.71																																																																																																				
0.75																																																																																																				
0.77																																																																																																				
0.78																																																																																																				
0.73																																																																																																				
0.51	0.67																	//LAMBDA d_j, para cada DM j,  es el umbral para la mayoria(DM por linea)																																																																																	
0.51	0.67																																																																																																		
0.51	0.67																																																																																																		
0.51	0.67																																																																																																		
0.51	0.67																																																																																																		
0.51	0.67																																																																																																			
0.51	0.67																																																																																																			
0.51	0.67																																																																																																			
0.51	0.67																																																																																																			
0.51	0.67																																																																																																			
100																		//NUM PROYECTOS																																																																																		
9070	9830	41175	44605	8560	9270	24540	26590	13140	14230	27820	30140	15260	16540	31010	33590	12960	14040	64600	69990	//[COSTO], [O1],...,[On]																																																																																
6110	6610	45660	49470	23250	25190	34410	37280	11080	12000	48300	52330	13750	14890	35600	38570	21070	22830	47050	50970																																																																																	
5655	6125	34020	36850	17400	18850	30030	32530	22510	24390	31340	33960	23880	25870	61580	66720	17280	18720	46380	50240																																																																																	
7510	8130	10570	11450	31540	34170	41900	45400	13440	14550	36100	39100	27605	29905	27860	30190	35990	38980	28440	30810																																																																																	
9170	9940	22110	23950	30015	32515	28695	31085	25450	27570	63950	69270	23175	25105	75820	82140	35930	38930	15110	16370																																																																																	
7260	7860	37470	40600	31340	33960	17270	18700	32250	34940	12900	13970	13210	14310	56610	61330	16860	18260	50055	54225																																																																																	
7520	8140	35980	38970	19500	21120	25660	27800	28160	30510	27520	29820	46290	50150	32250	34940	66300	71830	40570	43950																																																																																	
9320	10090	35730	38700	18810	20380	24220	26240	17720	19190	9870	10700	43880	47540	44960	48710	41530	44990	9920	10740																																																																																	
7210	7810	16935	18345	36615	39665	26420	28620	18230	19750	22010	23840	37695	40835	75245	81515	50010	54170	39110	42370																																																																																	
5490	5940	22910	24820	22300	24150	22630	24520	29045	31465	5120	5550	39890	43220	57260	62040	42850	46420	30390	32920																																																																																	
7490	8120	44260	47950	37030	40110	23480	25430	12485	13525	37760	40900	14670	15900	32240	34920	62590	67800	32580	35300																																																																																	
4890	5290	46510	50380	36510	39560	54485	59025	18330	19850	12190	13200	27630	29940	63570	68870	55430	60040	58600	63490																																																																																	
5630	6100	35940	38940	28820	31230	48615	52665	15510	16800	29050	31470	44270	47950	50570	54780	13880	15040	14895	16135																																																																																	
8415	9115	23360	25300	75600	81900	17230	18670	30600	33140	71550	77510	39560	42860	70455	76325	55070	59660	28455	30825																																																																																	
7770	8410	47370	51320	34380	37250	40270	43630	12630	13690	63250	68520	40430	43800	46850	50750	43320	46920	16060	17390																																																																																	
7880	8540	20810	22550	12855	13925	42320	45850	35230	38170	62220	67400	12300	13330	62450	67660	43560	47190	22130	23970																																																																																	
8240	8920	40610	43990	27430	29710	38295	41485	32190	34870	47990	51980	32420	35120	43920	47570	17240	18670	21330	23100																																																																																	
5280	5710	39470	42760	28460	30840	37090	40180	22580	24460	9610	10410	31110	33700	20120	21790	49470	53590	58600	63480																																																																																	
6210	6730	31000	33590	13660	14790	54960	59530	35860	38850	4350	4720	14620	15830	20860	22600	48780	52850	18230	19750																																																																																	
7690	8330	44160	47830	17720	19200	50300	54490	12750	13810	49610	53740	19880	21540	74600	80820	50290	54480	57530	62330																																																																																	
9170	9930	44970	48720	38040	41210	16410	17780	19460	21080	8430	9140	37300	40400	43740	47380	7780	8430	55760	60400																																																																																	
8030	8690	35500	38450	24040	26050	37910	41070	11980	12970	72560	78610	39310	42580	22760	24660	43580	47210	36640	39700																																																																																	
5790	6270	13580	14710	18710	20270	20170	21850	22270	24120	42845	46415	25290	27400	49590	53730	22280	24140	35350	38290																																																																																	
5670	6140	39460	42740	12495	13535	56220	60900	33940	36770	46440	50300	43270	46880	59490	64440	50280	54460	47530	51490																																																																																	
5130	5560	30845	33415	14980	16230	39680	42990	23320	25260	16360	17730	24710	26760	43460	47080	53780	58270	48500	52550																																																																																	
9330	10100	13560	14690	16350	17720	16100	17440	16660	18040	9020	9780	31020	33600	63370	68650	30330	32850	23370	25310																																																																																	
9500	10290	44070	47750	30520	33070	40410	43780	23700	25670	73580	79710	40925	44335	52390	56760	41870	45350	12830	13890																																																																																	
9340	10120	33005	35755	26540	28750	43770	47410	32080	34760	64180	69520	21510	23310	54770	59340	44175	47855	56820	61550																																																																																	
8055	8725	27680	29990	18040	19550	20380	22080	14165	15345	38220	41410	45400	49180	49760	53910	54000	58490	24860	26930																																																																																	
8830	9560	41380	44820	38280	41460	41080	44500	18470	20000	59040	63950	39070	42320	70170	76010	24170	26180	12860	13940																																																																																	
5850	6340	33940	36770	17590	19060	57010	61760	20300	22000	12170	13190	38670	41890	38890	42130	30430	32960	37780	40920																																																																																	
8880	9620	15790	17100	17970	19460	43880	47530	14285	15475	62270	67450	36965	40045	72030	78040	18975	20555	12375	13405																																																																																	
5260	5700	25420	27530	31010	33600	26380	28580	11790	12780	46720	50620	25130	27220	38610	41830	11370	12320	31940	34600																																																																																	
8900	9640	32240	34920	20910	22650	25040	27130	28140	30480	73950	80110	18080	19580	57230	62000	54520	59070	64770	70170																																																																																	
7920	8580	15880	17200	7910	8570	44000	47660	24040	26040	12540	13590	30320	32840	23150	25070	27300	29570	54100	58610																																																																																	
5270	5710	22510	24380	22190	24030	16690	18080	20770	22500	73000	79090	46850	50760	57750	62560	20645	22365	36650	39710																																																																																	
7520	8150	29415	31865	30980	33570	16680	18070	9940	10770	4010	4350	17530	18990	50910	55150	15800	17120	28290	30640																																																																																	
9180	9950	23860	25850	37600	40740	28565	30945	25700	27840	57050	61800	28460	30840	67610	73250	23200	25140	66320	71850																																																																																	
7320	7920	13220	14320	21770	23590	39430	42710	14910	16160	26405	28605	19760	21400	31020	33600	33450	36240	9880	10710																																																																																	
6780	7350	21615	23415	21660	23470	31520	34140	37150	40240	68730	74460	41680	45150	56220	60900	34260	37110	43600	47230																																																																																	
8830	9560	13080	14170	24760	26830	55260	59860	35220	38150	26080	28250	45310	49090	43410	47020	25500	27630	19720	21360																																																																																	
9220	9990	22010	23850	13470	14600	17885	19375	15770	17090	49770	53920	27200	29460	52420	56780	59680	64650	27250	29520																																																																																	
4930	5340	32490	35200	20230	21920	57190	61950	34335	37195	13580	14720	36020	39030	74310	80510	22480	24360	50535	54745																																																																																	
7820	8470	25570	27700	29110	31530	28380	30740	37100	40190	72890	78970	16400	17770	64600	69990	43220	46830	54250	58770																																																																																	
5930	6420	45620	49430	32520	35230	15870	17200	32800	35540	70950	76870	46480	50360	58580	63470	45440	49220	55085	59675																																																																																	
8900	9650	22700	24590	25330	27440	16205	17555	12690	13750	67300	72900	15440	16730	37610	40750	36000	38990	45510	49310																																																																																	
7690	8330	22870	24770	35870	38850	26660	28880	24980	27070	69530	75320	38410	41610	73120	79220	57270	62050	20270	21960																																																																																	
6650	7200	42930	46510	8620	9340	40340	43710	34200	37050	67850	73500	14730	15960	45000	48750	27640	29940	60020	65030																																																																																	
6090	6600	40100	43440	10600	11480	20830	22570	18600	20140	31750	34390	45710	49510	43180	46780	33750	36570	33220	35980																																																																																	
7600	8240	25950	28120	33280	36050	51130	55390	10685	11575	50980	55230	38165	41345	54570	59120	20750	22480	52000	56340																																																																																	
8030	8700	17970	19460	38100	41280	49710	53860	23720	25690	54330	58850	15600	16890	30600	33150	8040	87040	44810	48550																																																																																	
5840	6330	15760	17070	14960	16200	27080	29340	34820	37730	15360	16640	40960	44370	44650	48370	9920	10750	48560	52600																																																																																	
7300	7900	10190	11040	21940	23770	38340	41540	33110	35870	68020	73680	13440	14550	54890	59470	40250	43600	37050	40140																																																																																	
7180	7770	26760	28980	9690	10500	14730	15960	27390	29670	50680	54900	14020	15190	53450	57910	61390	66500	34290	37140																																																																																	
6410	6940	31850	34510	38100	41270	33810	36630	11295	12235	39030	42280	16010	17340	45710	49510	56710	61430	15930	17260																																																																																	
9530	10320	10060	10900	6030	6530	36760	39820	24110	26110	20230	21920	37050	40130	26710	28930	12310	13340	61140	66230																																																																																	
5380	5820	46570	50450	34390	37260	49730	53880	24320	26340	59940	64940	38970	42220	71970	77970	21860	23680	35060	37980																																																																																	
8600	9320	29750	32220	14640	15850	21580	23380	20885	22625	73920	80070	42830	46400	22320	24170	37455	40575	52565	56945																																																																																	
7695	8335	29140	31570	75800	82100	35070	38000	11490	12450	26140	28320	44000	47670	64890	70300	59990	64990	62400	67590																																																																																	
6230	6750	34680	37560	14380	15570	27040	29300	25150	27240	11055	11975	12390	13430	55840	60500	49390	53500	22660	24550																																																																																	
6090	6600	46360	50220	26310	28500	24350	26380	23970	25960	55100	59700	28810	31210	21470	23250	42580	46120	15860	17180																																																																																	
5760	6240	38500	41700	28740	31140	26190	28370	11300	12240	27060	29310	13520	14640	28470	30850	42440	45970	14450	15650																																																																																	
5500	5950	36790	39860	10020	10860	41310	44750	13280	14380	61070	66160	26660	28880	38430	41640	41990	45490	37440	40560																																																																																	
9370	10150	28550	30930	15140	16410	42110	45620	35360	38310	63040	68300	42220	45740	55180	59780	14590	15800	16790	18180																																																																																	
8480	9190	26330	28530	9990	10830	53160	57580	32160	34840	15280	16550	24260	26290	36450	39490	40180	43530	53480	57940																																																																																	
7730	8370	10340	11200	23080	25000	41010	44430	9900	10720	7950	86110	11460	12420	64670	70050	27920	30240	48650	52700																																																																																	
6430	6970	40445	43815	26380	28570	43940	47600	20350	22050	53630	58100	30260	32780	56400	61090	42800	46370	23830	25810																																																																																	
9570	10360	13250	14350	5110	5530	54490	59030	33690	36490	7350	79610	19870	21520	37350	40470	55880	60530	48940	53020																																																																																	
8000	8660	44210	47890	29780	32270	43530	47160	20370	22060	10130	10970	14470	15670	39640	42950	30450	32980	35430	38390																																																																																	
5940	6440	41380	44830	31000	33590	40700	44090	22020	23860	22085	23925	26970	29210	43100	46690	65610	71070	25670	27800																																																																																	
8150	8830	11940	12930	4890	5290	51300	55570	25270	27380	61610	66750	37560	40690	58030	62860	21490	23280	31540	34170																																																																																	
6250	6770	42980	46560	14890	16130	22800	24700	19640	21270	48580	52630	13060	14150	36420	39460	34260	37110	24030	26030																																																																																	
9020	9770	42430	45960	33740	36550	51640	55950	27820	30130	27390	29670	10690	11580	40840	44250	55380	59990	39970	43300																																																																																	
9600	10390	11790	12770	19220	20820	20060	21730	28940	31350	65045	70465	34510	37390	34690	37580	45230	49000	33180	35940																																																																																	
5930	6420	25150	27240	13680	14820	31850	34500	18740	20310	56980	61720	16410	17770	59570	64540	28850	31250	47350	51290																																																																																	
5360	5810	22380	24250	21770	23580	46030	49860	16300	17660	13700	14850	44960	48710	43220	46830	34270	37130	28210	30560																																																																																	
9460	10250	34710	37600	13920	15080	45900	49720	33580	36380	75470	81750	15640	16940	30965	33545	17150	18570	12810	13870																																																																																	
7300	7900	13850	15000	28160	30510	29950	32450	29840	32330	14500	15710	26670	28900	56160	60830	59535	64495	45320	49100																																																																																	
4970	5380	42200	45720	29880	32370	47040	50950	22340	24200	72720	78780	16900	18300	53030	57450	14000	15170	18240	19750																																																																																	
8090	8770	40080	43410	27730	30040	39030	42280	25010	27100	41750	45220	13910	15070	34810	37710	39140	42400	18090	19590																																																																																	
6460	6990	17990	19480	21440	23230	52860	57270	32390	35090	20240	21920	18230	19740	74550	80760	8700	9430	50210	54390																																																																																	
7270	7880	21240	23010	21510	23300	24710	26770	13170	14260	69050	74810	28500	30880	22550	24420	21810	23630	9500	10290																																																																																	
6820	7390	43090	46680	8130	8800	16020	17360	10990	11910	9540	10340	39440	42730	70340	76200	11190	12120	30540	33090																																																																																	
8320	9020	31540	34160	6530	7080	46600	50480	21960	23790	58840	63740	24770	26840	72245	78265	50220	54400	18240	19760																																																																																	
5670	6150	44030	47690	35780	38760	54030	58530	30240	32750	17280	18720	20970	22710	28170	30520	57450	62240	34030	36870																																																																																	
7695	8335	41840	45330	37190	40290	27950	30280	22480	24360	29830	32310	14870	16100	49310	53410	49760	53900	67010	72590																																																																																	
8175	8855	34980	37900	7870	8530	24620	26670	31910	34560	33570	36370	28950	31360	43805	47455	45820	49640	22200	24050																																																																																	
5880	6370	19830	21480	21080	22830	38210	41400	20230	21910	72000	78000	37650	40780	25430	27540	28180	30520	66620	72180																																																																																	
7580	8220	38970	42210	36855	39925	16510	17890	18980	20560	72980	79070	38770	42000	20800	22530	17100	18530	17720	19200																																																																																	
9510	10300	25730	27880	21940	23770	33620	36420	30690	33240	52100	56450	32510	35220	37040	40130	47180	51120	33230	36000																																																																																	
5880	6360	17530	18990	34770	37660	16840	18240	36360	39380	41760	45230	44880	48620	56670	61400	25140	27240	58580	63470																																																																																	
7240	7850	19935	21595	22790	24680	50810	55050	29120	31550	45700	49510	38760	41980	33360	36140	18125	19635	58630	63510																																																																																	
5480	5930	21830	23650	22910	24820	50780	55010	13130	14230	13530	14650	37470	40600	28900	31310	66690	72240	22510	24390																																																																																	
9410	10190	41370	44820	24890	26970	16890	18290	16290	17640	55580	60220	23250	25190	63610	68910	31990	34660	16060	17400																																																																																	
6440	6970	37470	40590	37085	40175	38535	41745	36520	39570	74530	80740	22920	24830	40520	43890	18870	20440	42390	45920																																																																																	
4910	5320	10380	11240	28970	31380	42700	46260	18160	19680	48160	52170	33965	36795	61290	66400	49170	53270	51280	55550																																																																																	
8650	9370	41340	44780	7980	8640	20260	21940	29390	31840	26750	28970	13050	14140	38720	41940	56880	61610	23610	25580																																																																																	
5570	6030	33250	36020	17390	18840	17230	18660	21150	22920	48990	53080	34080	36920	71600	77570	53830	58310	17240	18670																																																																																	
5270	5700	42100	45610	17180	18620	42400	45930	32190	34880	39800	43120	44100	47770	26500	28710	9660	10460	24135	26145																																																																																	
5580	6040	25060	27150	29460	31920	27470	29750	14250	15440	28110	30460	29230	31660	31690	34330	66495	72035	61430	66540																																																																																	
TRUE																																																																																																				
0	0	1	1	1	1	0	0	0	0	0	0	1	1	0	0	0	0	1	1	0	0	1	1	0	0	1	1	0	0	0	0	0	0	1	1	0	0	1	1	0	0	0	0	0	0	1	1	1	1	0	0	0	0	0	0	0	0	0	0	1	1	0	0	1	1	0	0	0	0	1	1	0	0	0	0	0	0	1	1	0	0	0	0	1	1	1	1	1	1	0	0	1	1	1	1	1	1	0	0	0	0	1	1	0	0	0	0	1	1	0	0	1	1	0	0	1	1	0	0	1	1	0	0	1	1	0	0	0	0	0	0	0	0	0	0	0	0	1	1	0	0	0	0	0	0	0	0	1	1	1	1	0	0	0	0	1	1	0	0	1	1	0	0	0	0	0	0	1	1	0	0	0	0	1	1	0	0	0	0	1	1	0	0	1	1	0	0	1	1	1	1	0	0	0	0	0	0	1	1	\\ DM 01 Best Compromise
0	0	1	0	0	0	1	0	1	1	0	1	1	0	0	0	0	1	1	1	0	0	1	1	1	0	0	0	0	0	1	0	0	0	0	1	0	0	0	1	0	0	1	0	1	0	0	1	1	0	0	1	0	0	0	0	1	0	1	0	1	0	1	0	0	0	1	0	0	1	0	0	0	0	0	0	0	0	1	0	1	0	0	0	1	1	0	1	0	0	1	1	1	0	1	1	0	1	1	1 \\ DM 02 Best Compromise
0	1	1	0	0	0	0	0	0	1	0	1	1	1	0	0	0	1	0	1	0	0	1	1	1	0	0	0	0	0	1	0	1	0	0	1	0	0	0	1	0	0	1	1	1	0	0	1	1	1	0	1	0	0	0	0	1	0	1	0	0	0	1	0	0	0	1	0	0	1	0	0	0	0	1	1	0	0	1	0	1	0	0	0	1	0	0	1	0	0	1	0	0	0	1	1	0	1	1	1 \\ DM 03 Best Compromise
0	0	1	0	0	0	0	0	1	1	0	1	1	1	0	0	0	1	0	0	0	0	1	1	1	0	0	0	0	0	1	0	1	0	0	1	0	0	0	1	0	0	1	1	1	0	0	0	1	1	0	1	0	0	0	0	1	0	1	0	1	0	1	0	0	0	1	0	0	1	0	0	0	0	1	1	0	0	1	0	1	0	0	0	1	0	0	1	0	0	1	1	0	0	1	1	0	1	1	1 \\ DM 04 Best Compromise
0	1	1	0	0	0	0	0	0	1	0	1	1	1	0	0	0	1	0	1	0	0	0	1	1	0	0	1	0	0	1	0	0	0	0	1	0	0	0	1	0	0	1	1	1	0	1	1	1	1	0	1	0	0	0	0	1	0	1	0	0	0	1	0	0	0	0	0	0	1	0	0	0	0	1	1	0	0	1	0	1	0	0	0	1	0	0	1	0	0	1	0	0	0	1	1	0	1	1	1 \\ DM 05 Best Compromise
0	0	1	0	0	0	0	0	1	1	0	1	1	1	0	0	0	1	1	1	0	0	0	1	1	0	0	0	0	0	1	0	0	0	0	1	0	0	0	1	0	0	1	1	1	0	1	1	0	0	0	1	1	0	0	0	1	0	1	0	0	0	1	0	0	0	1	0	0	1	0	0	0	0	1	1	0	0	1	0	1	0	0	0	1	0	0	1	0	0	1	0	0	0	1	1	0	1	1	1 \\ DM 06 Best Compromise
0	1	1	0	0	0	0	0	0	0	0	1	0	1	1	1	0	0	1	0	0	0	1	1	1	0	0	1	0	0	0	0	1	1	0	1	0	0	0	1	0	0	1	1	1	0	0	1	1	0	0	0	1	0	0	0	1	1	1	1	0	0	1	0	0	0	0	0	0	1	0	0	0	0	0	1	0	0	1	1	0	0	0	0	1	0	0	0	0	0	1	0	0	0	1	1	0	1	1	0	\\ DM 07 Best Compromise
0	0	0	0	0	0	0	0	1	1	0	1	1	0	1	0	0	0	1	1	0	0	1	1	1	0	0	0	1	0	0	0	1	0	0	1	0	0	0	1	0	0	1	1	1	0	1	1	0	0	0	0	0	1	1	0	1	0	1	0	0	0	1	0	0	0	0	1	0	0	0	1	0	0	1	1	0	0	1	0	0	0	0	0	1	0	0	1	0	0	1	0	0	0	1	1	0	1	1	1	\\ DM 08 Best Compromise
0	0	1	0	0	0	1	0	0	0	0	1	1	1	0	0	0	1	1	0	0	0	1	1	1	0	1	0	1	0	1	0	0	0	0	1	0	0	0	1	0	0	1	1	1	0	1	1	0	1	0	0	0	0	1	0	1	0	1	0	1	0	1	0	0	0	1	0	0	0	0	0	0	0	1	0	0	0	0	0	1	0	0	0	1	0	0	0	0	0	1	1	1	0	1	0	0	0	1	1	\\ DM 09 Best Compromise
0	0	1	0	0	0	1	0	1	0	0	1	0	1	0	1	1	1	1	0	0	0	0	1	1	0	0	0	0	0	1	0	1	1	0	1	0	0	0	0	0	0	1	1	1	0	1	1	1	1	0	0	0	0	1	0	1	0	1	0	1	0	1	0	0	0	1	0	0	1	0	0	0	0	1	0	0	1	0	0	0	0	0	0	0	0	0	1	1	0	0	0	0	0	0	1	0	1	1	0	\\ DM 10 Best Compromise
TRUE TRUE																																																																																																		
6//DM1
1223103	1331261	763875	827660	1323705	1445274	804794	889748	1159820	1256424	1051008	1166356	1802543	1970542	915877	992081	1523705	1665845
1230967	1269563	836863	935969	1343130	1385649	809609	947995	1159820	1256424	1051008	1166356	1802543	1970542	915877	992081	1523705	1665845
1230967	1269563	836863	935969	1343130	1385649	809609	947995	986578	1135806	1064227	1251514	1716580	1993422	1095954	1207123	1523705	1665845
1146165	1246694	502731	544910	1266399	1381980	715007	790349	736697	797964	910881	1011349	1712651	1871182	346954	375644	1446806	1580825
1154029	1184996	575719	653219	1285824	1322355	719822	848596	736697	797964	910881	1011349	1712651	1871182	346954	375644	1446806	1580825
1154029	1184996	575719	653219	1285824	1322355	719822	848596	563455	677346	924100	1096507	1626688	1894062	527031	590686	1446806	1580825
6//DM2
1259905	1277397	975365	988909	1474745	1495225	959470	972797	1480450	1501017	1279330	1297089	1904455	1930907	1486095	1506729	1633700	1656380
1259905	1259906	975365	1002452	1474745	1488399	959470	977239	1480450	1501017	1279330	1297089	1904455	1930907	1486095	1506729	1633700	1656380
1259905	1259906	975365	1002452	1474745	1488399	959470	977239	1473595	1501017	1279330	1303008	1895638	1930907	1486095	1513607	1633700	1656380
1224922	1259905	948279	975365	1474745	1474745	959470	959470	1480450	1480450	1279330	1279330	1904455	1904455	1486095	1486095	1633700	1633700
1224922	1242414	948279	988908	1474745	1467919	959470	963912	1480450	1480450	1279330	1279330	1904455	1904455	1486095	1486095	1633700	1633700
1224922	1242414	948279	988908	1474745	1467919	959470	963912	1473595	1480450	1279330	1285249	1895638	1904455	1486095	1492973	1633700	1633700
6//DM3
1224922	1259905	948279	975365	1474745	1474745	959470	959470	1480450	1480450	1279330	1279330	1904455	1904455	1486095	1486095	1633700	1633700
1224922	1242414	948279	988908	1474745	1467919	959470	963912	1480450	1480450	1279330	1279330	1904455	1904455	1486095	1486095	1633700	1633700
1224922	1242414	948279	988908	1474745	1467919	959470	963912	1473595	1480450	1279330	1285249	1895638	1904455	1486095	1492973	1633700	1633700
1205099	1239515	995644	1024090	1449225	1449225	924815	924815	1643530	1643530	1255190	1255190	2009685	2009685	1358450	1358450	1661035	1661035
1205099	1210835	995644	1047795	1449225	1429100	924815	937658	1643530	1643530	1255190	1255190	2009685	2009685	1358450	1358450	1661035	1661035
1205099	1210835	995644	1047795	1449225	1429100	924815	937658	1620697	1643530	1255190	1272615	1981765	2009685	1358450	1377316	1661035	1661035
6//DM4
1189995	1239555	1060215	1104380	1425755	1485150	938105	977190	1600580	1667295	1312095	1366735	1984560	2067265	1370165	1427245	1610035	1677080
1189995	1212022	1060215	1128916	1425755	1465352	938105	990218	1600580	1667295	1312095	1366735	1984560	2067265	1370165	1427245	1610035	1677080
1189995	1212022	1060215	1128916	1425755	1465352	938105	990218	1578342	1667295	1312095	1384948	1956992	2067265	1370165	1446271	1610035	1677080
1156955	1189995	1030772	1060215	1425755	1425755	938105	938105	1600580	1600580	1312095	1312095	1984560	1984560	1370165	1370165	1610035	1610035
1156955	1162462	1030772	1084751	1425755	1405957	938105	951133	1600580	1600580	1312095	1312095	1984560	1984560	1370165	1370165	1610035	1610035
1156955	1162462	1030772	1084751	1425755	1405957	938105	951133	1578342	1600580	1312095	1330308	1956992	1984560	1370165	1389191	1610035	1610035
6//DM5
1215945	1232827	1010400	1024432	1429165	1449010	927465	940347	1634045	1656744	1234430	1251569	1992975	2020665	1383445	1402659	1647005	1669872
1215945	1215946	1010400	1038463	1429165	1442395	927465	944641	1634045	1656744	1234430	1251569	1992975	2020665	1383445	1402659	1647005	1669872
1215945	1215946	1010400	1038463	1429165	1442395	927465	944641	1626479	1656744	1234430	1257282	1983745	2020665	1383445	1409063	1647005	1669872
1182182	1215945	982337	1010400	1429165	1429165	927465	927465	1634045	1634045	1234430	1234430	1992975	1992975	1383445	1383445	1647005	1647005
1182182	1199064	982337	1024431	1429165	1422550	927465	931759	1634045	1634045	1234430	1234430	1992975	1992975	1383445	1383445	1647005	1647005
1182182	1199064	982337	1024431	1429165	1422550	927465	931759	1626479	1634045	1234430	1240143	1983745	1992975	1383445	1389849	1647005	1647005
6//DM6
1169800	1186040	1015325	1029424	1442685	1462717	962570	975942	1586845	1608889	1211310	1228125	2012250	2040205	1445540	1465614	1576135	1598019
1169800	1169800	1015325	1043522	1442685	1456040	962570	980399	1586845	1608889	1211310	1228125	2012250	2040205	1445540	1465614	1576135	1598019
1169800	1169800	1015325	1043522	1442685	1456040	962570	980399	1579497	1608889	1211310	1233730	2002932	2040205	1445540	1472305	1576135	1598019
1137320	1169800	987129	1015325	1442685	1442685	962570	962570	1586845	1586845	1211310	1211310	2012250	2012250	1445540	1445540	1576135	1576135
1137320	1153560	987129	1029423	1442685	1436008	962570	967027	1586845	1586845	1211310	1211310	2012250	2012250	1445540	1445540	1576135	1576135
1137320	1153560	987129	1029423	1442685	1436008	962570	967027	1579497	1586845	1211310	1216915	2002932	2012250	1445540	1452231	1576135	1576135
6//DM7
1139495	1188305	909965	948951	1257467	1311352	895674	934054	1703365	1738853	1059975	1082055	1831405	1869578	1366425	1394890	1420215	1449790
1106955	1180170	883975	942454	1221544	1302371	870088	927658	1703365	1738853	1059975	1082055	1831405	1869578	1366425	1394890	1420215	1449790
1106955	1180170	883975	942454	1221544	1302371	870088	927658	1656049	1727024	1030535	1074695	1780509	1856854	1328472	1385402	1420215	1449790
1009335	1155765	806005	922963	1113775	1275428	793330	908470	1514101	1691537	942215	1052615	1627821	1818682	1214613	1356938	1301916	1420216
984930	1149664	786513	918090	1086833	1268693	774140	903673	1514101	1691537	942215	1052615	1627821	1818682	1214613	1356938	1301916	1420216
984930	1149664	786513	918090	1086833	1268693	774140	903673	1478614	1682665	920135	1047095	1589649	1809139	1186148	1349822	1301916	1420216
6// DM8
1110422	1157992	904645	943405	1294462	1349922	852410	888936	1619515	1671175	1147440	1171338	1905355	1945068	1465220	1495733	1451000	1481222
1078709	1150064	878805	936945	1257489	1340679	828060	882849	1619515	1671175	1147440	1171338	1905355	1945068	1465220	1495733	1451000	1481222
1078709	1150064	878805	936945	1257489	1340679	828060	882849	1550635	1653955	1115577	1163372	1852405	1931831	1424537	1485562	1451000	1481222
1110422	1157992	904645	943405	1294462	1349922	852410	888936	1619515	1671175	1147440	1171338	1905355	1945068	1465220	1495733	1451000	1481222
1078709	1150064	878805	936945	1257489	1340679	828060	882849	1619515	1671175	1147440	1171338	1905355	1945068	1465220	1495733	1451000	1481222
1078709	1150064	878805	936945	1257489	1340679	828060	882849	1550635	1653955	1115577	1163372	1852405	1931831	1424537	1485562	1451000	1481222
6// DM9
1125510	1173736	954590	995496	1325635	1382441	866167	903282	1535575	1567575	1182040	1206658	1775935	1812940	1396465	1425550	1434775	1464657
1093360	1165699	927320	988679	1287765	1372974	841424	897096	1535575	1567575	1182040	1206658	1775935	1812940	1396465	1425550	1434775	1464657
1093360	1165699	927320	988679	1287765	1372974	841424	897096	1492909	1556909	1149217	1198452	1726595	1800605	1357685	1415855	1434775	1464657
1125510	1173736	954590	995496	1325635	1382441	866167	903282	1535575	1567575	1182040	1206658	1775935	1812940	1396465	1425550	1434775	1464657
1093360	1165699	927320	988679	1287765	1372974	841424	897096	1535575	1567575	1182040	1206658	1775935	1812940	1396465	1425550	1434775	1464657
1093360	1165699	927320	988679	1287765	1372974	841424	897096	1492909	1556909	1149217	1198452	1726595	1800605	1357685	1415855	1434775	1464657
6// DM10
1132369	1180874	936020	976116	1240230	1293390	836752	872622	1605355	1638810	1141455	1165230	1822560	1860530	1452580	1482835	1411810	1441215
1100033	1172790	909290	969434	1204790	1284530	812839	866644	1605355	1638810	1141455	1165230	1822560	1860530	1452580	1482835	1411810	1441215
1100033	1172790	909290	969434	1204790	1284530	812839	866644	1560749	1627659	1109755	1157305	1771934	1847874	1412240	1472750	1411810	1441215					
1003025	1148538	829100	949388	1098470	1257950	741100	848710	1426931	1594206	1014655	1133530	1620056	1809906	1291220	1442495	1294192	1411812
978773	1142475	809053	944376	1071890	1251305	723165	844227	1426931	1594206	1014655	1133530	1620056	1809906	1291220	1442495	1294192	1411812
978773	1142475	809053	944376	1071890	1251305	723165	844227	1393476	1585843	990880	1127587	1582086	1800414	1260965	1434932	1294192	1411812																																																																													
TRUE																																																																																																				
10																																																																																																				
0	1	1	0	0	0	0	0	0	0	0	1	0	1	1	1	0	0	1	0	0	0	1	1	1	0	0	1	0	0	0	0	1	1	0	1	0	0	0	1	0	0	1	1	1	0	0	1	1	0	0	0	1	0	0	0	1	1	1	1	0	0	1	0	0	0	0	0	0	1	0	0	0	0	0	1	0	0	1	1	0	0	0	0	1	0	0	0	0	0	1	0	0	0	1	1	0	1	1	0	
0	1	1	0	0	1	0	0	0	1	1	1	1	1	0	1	0	1	0	0	0	0	0	1	1	0	0	0	0	0	1	0	0	1	0	1	0	0	0	1	0	0	1	0	1	0	1	1	1	1	0	0	1	0	0	0	1	0	1	0	0	0	1	0	0	0	1	0	0	1	0	0	0	0	0	0	0	0	1	0	0	0	0	0	0	0	1	0	0	0	1	0	1	0	1	1	0	1	1	1	
0	0	1	0	0	0	1	0	0	0	0	1	1	1	1	1	0	1	0	0	0	1	0	1	1	0	0	0	0	0	0	0	1	0	0	1	0	0	0	1	0	0	1	1	1	0	1	0	0	1	0	0	1	0	0	0	1	0	1	1	1	0	1	0	0	0	1	0	0	1	0	0	0	0	1	0	0	0	1	0	0	0	0	1	0	0	0	1	0	0	1	0	1	0	1	1	0	0	1	1	
0	0	1	0	0	1	1	0	0	1	0	1	1	0	0	0	0	1	0	1	0	1	0	1	1	0	0	1	0	0	0	0	0	0	0	1	0	0	0	1	0	0	1	1	1	0	1	1	0	1	0	0	1	0	1	0	1	0	1	0	1	0	0	0	0	1	1	0	0	1	0	0	0	0	0	1	0	0	1	0	0	0	0	0	1	0	0	0	0	0	1	0	1	0	1	1	0	1	1	0	
0	0	1	0	0	0	0	0	0	1	0	1	1	1	1	1	0	0	0	1	0	0	1	1	0	0	0	0	0	0	1	0	1	1	0	0	0	0	0	1	0	0	1	0	1	0	1	0	1	1	0	0	0	1	0	0	1	0	1	0	1	1	1	0	0	0	1	0	0	1	0	0	0	0	0	0	0	0	1	0	0	0	0	0	1	0	0	1	0	0	0	1	1	0	1	1	0	1	1	1	
0	0	1	0	1	0	0	0	0	1	0	1	1	1	1	0	0	1	0	1	0	0	1	1	0	0	0	1	0	0	1	0	1	1	0	1	0	0	0	1	0	0	1	1	1	0	0	0	0	0	0	1	0	1	1	0	1	0	1	0	0	0	0	0	0	0	0	0	0	0	0	0	1	0	1	0	0	0	1	0	0	1	0	0	1	0	0	1	0	0	0	0	0	0	1	1	0	1	1	1	
0	1	1	0	0	0	0	0	0	0	0	1	0	1	1	1	0	0	1	0	0	0	1	1	1	0	0	1	0	0	0	0	1	1	0	1	0	0	0	1	0	0	1	1	1	0	0	1	1	0	0	0	1	0	0	0	1	1	1	1	0	0	1	0	0	0	0	0	0	1	0	0	0	0	0	1	0	0	1	1	0	0	0	0	1	0	0	0	0	0	1	0	0	0	1	1	0	1	1	0	
0	0	0	0	0	0	0	0	1	1	0	1	1	0	1	0	0	0	1	1	0	0	1	1	1	0	0	0	1	0	0	0	1	0	0	1	0	0	0	1	0	0	1	1	1	0	1	1	0	0	0	0	0	1	1	0	1	0	1	0	0	0	1	0	0	0	0	1	0	0	0	1	0	0	1	1	0	0	1	0	0	0	0	0	1	0	0	1	0	0	1	0	0	0	1	1	0	1	1	1	
0	0	1	0	0	0	1	0	0	0	0	1	1	1	0	0	0	1	1	0	0	0	1	1	1	0	1	0	1	0	1	0	0	0	0	1	0	0	0	1	0	0	1	1	1	0	1	1	0	1	0	0	0	0	1	0	1	0	1	0	1	0	1	0	0	0	1	0	0	0	0	0	0	0	1	0	0	0	0	0	1	0	0	0	1	0	0	0	0	0	1	1	1	0	1	0	0	0	1	1	
0	0	1	0	0	0	1	0	1	0	0	1	0	1	0	1	1	1	1	0	0	0	0	1	1	0	0	0	0	0	1	0	1	1	0	1	0	0	0	0	0	0	1	1	1	0	1	1	1	1	0	0	0	0	1	0	1	0	1	0	1	0	1	0	0	0	1	0	0	1	0	0	0	0	1	0	0	1	0	0	0	0	0	0	0	0	0	1	1	0	0	0	0	0	0	1	0	1	1	0	
