10 //Objectives
19 //Vars
1 //DMS
0.060000 0.094000, 0.071000 0.111000, 0.066000 0.104000, 0.090000 0.142000, 0.145000 0.227000, 0.007000 0.011000, 0.045000 0.071000, 0.070000 0.110000, 0.089000 0.139000, 0.135000 0.213000 // Weight
1.805000 1.952000, 1.195000 1.459000, 1.510000 1.585000, 1.271000 1.359000, 1.284000 1.341000, 1.991000 2.031000, 1.843000 2.006000, 1.270000 1.471000, 1.201000 1.441000, 1.249000 1.380000 //Veto
0.510000 0.670000 //Beta 0
0.510000 0.670000 //Lambda 0
TRUE FALSE //Best compromise 
1
0.9999664342030726, 0.3650626034313173, 0.1226970865962548, 0.0933072586047031, 0.8820272222543262, 0.3081963007842173, 0.9460591808641605, 0.7655991263527419, 0.9751347717713261, 0.5, 0.5, 0.5, 0.5, 0.5, 0.5, 0.5, 0.5, 0.5, 0.5 * 0.0000032953144059, 0.0000032953144059, 0.0000046602783252, 0.0000065906288119, 0.0000093205566504, 0.0000131812576238, 0.0000186411133007, 0.0000263625152476, 0.0000372822266014, 0.9999999986100356 *   0
TRUE FALSE //Frontiers 
2
0.0264567297969842, 0.0264567297969842, 0.0374154660949355, 0.0529134595939684, 0.0748309321898709, 0.1058269191879369, 0.1496618643797418, 0.2116538383758736, 0.2993237287594835, 0.9059859881935471
0.0501908435977436, 0.0501908435977436, 0.0709805717228758, 0.1003816871954872, 0.1419611434457516, 0.2007633743909743, 0.2839222868915031, 0.4015267487819485, 0.5678445737830061, 0.5959069390856194
FALSE //Initial solutions 
2
