10 //Objectives
14 //Vars
1 //DMS
0.039000 0.057000, 0.008000 0.012000, 0.080000 0.114000, 0.111000 0.159000, 0.252000 0.362000, 0.053000 0.077000, 0.138000 0.198000, 0.057000 0.081000, 0.072000 0.104000, 0.011000 0.015000 // Weight
330.809000 334.066000, 328.457000 365.809000, 276.696000 316.882000, 252.230000 261.895000, 202.364000 228.932000, 292.162000 311.541000, 212.103000 229.319000, 278.073000 317.755000, 290.141000 305.265000, 334.981000 338.754000 //Veto
0.510000 0.750000 //Beta 0
0.510000 0.670000 //Lambda 0
TRUE FALSE //Best compromise 
1
0.3949578038393323, 0.0001217084937364, 0.0206555333084685, 0.0543810967609198, 0.0105160237338934, 0.8355670589187960, 0.2188110175630129, 0.5718115896786617, 0.2878183048627425, 0.5, 0.5, 0.5, 0.5, 0.5 * 0.0000000000085428, 0.0000000000211384, 0.0000000000222261, 0.0000000001853169, 0.0000000000466838, 0.0000000267137423, 0.0000004694551948, 0.0000235384068523, 0.1974548670599688, 0.3025210980803338 *   0
TRUE FALSE //Frontiers 
2
0.0027229390647959, 0.0004513515094219, 0.0007100999944134, 0.0040307496508315, 0.0020289782861008, 0.0555519351030964, 0.0052686220318865, 0.0574053073614588, 0.0765810313371508, 0.2952489856608440
0.0002232946476253, 0.0000330561545450, 0.0005095128973628, 0.0042691609825039, 0.0022424243927352, 0.0040016355814138, 0.0461242716384775, 0.1690738322394503, 0.0258181603766386, 0.2477046510892476
FALSE //Initial solutions 
2
