10 //Objectives
19 //Vars
1 //DMS
0.024000 0.042000, 0.068000 0.118000, 0.059000 0.103000, 0.068000 0.120000, 0.143000 0.251000, 0.111000 0.195000, 0.047000 0.081000, 0.031000 0.053000, 0.146000 0.256000, 0.031000 0.053000 // Weight
1.584000 1.683000, 1.402000 1.403000, 1.471000 1.688000, 1.220000 1.466000, 1.269000 1.384000, 1.242000 1.430000, 1.605000 1.660000, 1.498000 1.769000, 1.307000 1.337000, 1.541000 1.725000 //Veto
0.510000 0.750000 //Beta 0
0.510000 0.670000 //Lambda 0
TRUE FALSE //Best compromise 
1
0.3210847491030976, 0.0113720013812985, 0.6483267595285209, 0.0163031397463303, 0.0269167143976859, 0.0049982406222253, 0.0353391538538687, 0.7867737369550269, 0.2878468657321515, 0.5, 0.5, 0.5, 0.5, 0.5, 0.5, 0.5, 0.5, 0.5, 0.5 * 1.0000000000000000, 0.0000000000000000, 0.0000000000604095, 0.0000000000000000, 0.0000000000000000, 0.0000000000000000, 0.0000000000000000, 0.0000000000000000, 0.0000000000000000, 0.0000000000000000 *   0
TRUE FALSE //Frontiers 
2
0.9985205267563890, 0.0000000000000000, 0.0000000000000000, 0.0000000000000000, 0.0000000000000000, 0.0000000000000000, 0.0000000000000000, 0.0543760760458443, 0.0000000000000000, 0.0000000000000091
0.9871430908173848, 0.0000000000000000, 0.0000000000000000, 0.0000000000000000, 0.0000000000000000, 0.0000000000000000, 0.0000000000000000, 0.1598390385716215, 0.0000000000000000, 0.0000000000000000
FALSE //Initial solutions 
2
