10 //Objectives
100 //Vars
1 //DMS
0.115000 0.197000, 0.024000 0.042000, 0.038000 0.064000, 0.063000 0.109000, 0.030000 0.052000, 0.219000 0.377000, 0.030000 0.052000, 0.166000 0.286000, 0.032000 0.056000, 0.018000 0.030000 // Weight
4.220000 5.127000, 5.573000 6.712000, 5.534000 6.271000, 4.797000 5.366000, 5.818000 6.359000, 3.751000 3.837000, 5.899000 6.331000, 3.998000 4.307000, 5.667000 6.240000, 5.652000 6.843000 //Veto
0.510000 0.670000 //Beta 0
0.510000 0.670000 //Lambda 0
TRUE FALSE //Best compromise 
1
0.0, 0.0, 0.0, 0.0, 0.0, 0.0, 0.0, 0.0, 0.0, 0.0, 0.0, 0.0, 0.0, 0.0, 0.0, 0.0, 0.0, 0.0, 0.0, 0.0, 0.0, 0.0, 0.0, 0.0, 0.0, 0.0, 0.0, 0.0, 0.0, 0.0, 0.0, 0.0, 0.0, 0.0, 0.0, 0.0, 0.0, 0.0, 0.0, 0.0, 0.0, 0.0, 0.0, 0.0, 0.0, 0.0, 0.0, 0.0, 0.0, 0.0, 0.0, 0.0, 0.0, 0.0, 0.0, 0.0, 0.0, 0.0, 0.0, 0.0, 0.0, 0.0, 0.0, 0.0, 0.0, 0.0, 0.0, 0.0, 0.0, 0.0, 0.0, 0.0, 0.0, 0.0, 0.0, 0.0, 0.0, 0.0, 0.0, 0.0, 0.0, 0.0, 0.0, 0.0, 0.0, 0.0, 0.0, 0.0, 0.0, 0.0, 0.0, 0.0, 0.0, 0.0, 0.0, 0.0, 0.0, 0.0, 0.0, 0.0 * 0.0000363024883141, 0.0000363024883141, 0.0000363024883141, 0.0000363024883141, 0.0000363024883141, 0.0000363024883141, 0.0000363024883141, 0.0000363024883141, 0.0000363024883141, 0.9999999993410646 *   0
TRUE FALSE //Frontiers 
2
0.0068320483001098, 0.0068320483001098, 0.0068320483001098, 0.0068320483001098, 0.0068320483001098, 0.0068320483001098, 0.0068320483001098, 0.0068320483001098, 0.0068320483001098, 0.9999766612856646
0.3025689294108045, 0.3025689294108045, 0.3025689294108045, 0.3025689294108045, 0.3025689294108045, 0.3025689294108045, 0.3025689294108045, 0.3025689294108045, 0.3025689294108045, 0.9531275061371378
FALSE //Initial solutions