10 //Objectives
19 //Vars
1 //DMS
0.233000 0.329000, 0.008000 0.012000, 0.055000 0.077000, 0.034000 0.048000, 0.027000 0.039000, 0.013000 0.019000, 0.037000 0.053000, 0.177000 0.251000, 0.215000 0.303000, 0.029000 0.041000 // Weight
1232.485000 1318.452000, 1239.171000 1342.704000, 1277.586000 1283.476000, 1184.433000 1392.942000, 1187.142000 1391.920000, 1254.761000 1325.989000, 1200.825000 1365.863000, 1196.551000 1356.636000, 1156.467000 1395.595000, 1229.945000 1348.556000 //Veto
0.510000 0.750000 //Beta 0
0.510000 0.670000 //Lambda 0
TRUE FALSE //Best compromise 
1
0.9999664342030726, 0.3650626034313173, 0.1226970865962548, 0.0933072586047031, 0.8820272222543262, 0.3081963007842173, 0.9460591808641605, 0.7655991263527419, 0.9751347717713261, 0.5, 0.5, 0.5, 0.5, 0.5, 0.5, 0.5, 0.5, 0.5, 0.5 * 0.0000000083417970, 0.0000002134648460, 0.0000005537421554, 0.0000069880765317, 0.0000036879147658, 0.0000422687030587, 0.0000063486251184, 0.0000084835770837, 0.0000286046021697, 0.9999999986100356 *   0
TRUE FALSE //Frontiers 
2
0.0000364515581218, 0.0000470858750343, 0.0001225483902423, 0.0001375174477912, 0.0117601085512300, 0.0895590738288101, 0.0105576718034957, 0.6318814612208213, 0.6397720620657668, 0.4279566541117021
0.0013471154738576, 0.0129364798604275, 0.0415099664459273, 0.0035249225548897, 0.0433649502087659, 0.0876594084169601, 0.0701754819064427, 0.4238573758071342, 0.3289508340873877, 0.8341116921917837
FALSE //Initial solutions 
2
