10 //Objectives
29 //Vars
1 //DMS
0.040000 0.060000, 0.011000 0.017000, 0.083000 0.125000, 0.006000 0.008000, 0.076000 0.116000, 0.062000 0.094000, 0.247000 0.373000, 0.030000 0.046000, 0.160000 0.242000, 0.081000 0.123000 // Weight
0.428000 0.439000, 0.452000 0.501000, 0.414000 0.414000, 0.576000 0.642000, 0.385000 0.451000, 0.392000 0.460000, 0.380000 0.417000, 0.402000 0.466000, 0.376000 0.441000, 41.500000 42.100000 //Veto
0.510000 0.670000 //Beta 0
0.510000 0.670000 //Lambda 0
TRUE FALSE //Best compromise 
1
0.8401877171547095, 0.3943829268190930, 0.7830992237586059, 0.7984400334760733, 0.9116473579367843, 0.1975513692933840, 0.3352227557148890, 0.7682295948119040, 0.2777747108031878, 0.0, 0.0, 0.0, 0.0, 0.0, 0.0, 0.0, 0.0, 0.0, 0.0, 0.0, 0.0, 0.0, 0.0, 0.0, 0.0, 0.0, 0.0, 0.0, 0.0 * 0.8401877171547095, 0.3943829268190930, 0.7830992237586059, 0.7984400334760733, 0.9116473579367843, 0.1975513692933840, 0.3352227557148890, 0.7682295948119040, 0.2777747108031878, 10.9923657913158586 *   0
TRUE FALSE //Frontiers 
2
0.9707567635787450, 0.7468633734373671, 0.7608995958049314, 0.6184391205284927, 0.9095863499257650, 0.6471705062534523, 0.3341975222966622, 0.1019614344006225, 0.1844815705830611, 12.8012120279615509
0.8401877171547095, 0.3943829268190930, 0.7830992237586059, 0.7984400334760733, 0.9116473579367843, 0.1975513692933840, 0.3352227557148890, 0.7682295948119040, 0.2777747108031878, 10.9923657913158586
FALSE //Initial solutions 
2
