10 //Objectives
19 //Vars
1 //DMS
0.103000 0.171000, 0.026000 0.044000, 0.111000 0.183000, 0.092000 0.152000, 0.005000 0.007000, 0.055000 0.091000, 0.019000 0.031000, 0.064000 0.106000, 0.062000 0.102000, 0.217000 0.359000 // Weight
2.111000 2.218000, 1.977000 2.370000, 1.890000 2.120000, 2.110000 2.224000, 2.078000 2.294000, 2.114000 2.222000, 2.000000 2.347000, 1.958000 2.376000, 1.958000 2.379000, 1.892000 1.980000 //Veto
0.510000 0.750000 //Beta 0
0.510000 0.670000 //Lambda 0
TRUE FALSE //Best compromise 
1
0.0065320744209607, 0.9994448176582552, 0.9096437883142586, 0.2400581390783461, 0.8760033901203440, 0.9801836199966183, 0.0069869901086143, 0.6430537526696239, 0.0966079608055800, 0.5, 0.5, 0.5, 0.5, 0.5, 0.5, 0.5, 0.5, 0.5, 0.5 * 0.0000003631172071, 0.0000000555304724, 0.0000005850172194, 0.0000000075817572, 0.0000221862596049, 0.0001125184648926, 0.0000454199190612, 0.0008632637882347, 0.9999469806910702, 0.0102603784707497 *   0
TRUE FALSE //Frontiers 
2
0.0000328364200608, 0.0002206894031073, 0.0007745084085273, 0.0030701596699850, 0.0028855213210923, 0.0012976090704108, 0.0272396147854063, 0.1333932226067757, 0.2148150606516818, 0.9671083991558675
0.0003959473374130, 0.0006240646870703, 0.0032216411619939, 0.0005857997336869, 0.0021800840695521, 0.0032175557966192, 0.0009425257096102, 0.0650210757098892, 0.2204351232810481, 0.9732180403110589
FALSE //Initial solutions 
2
