10 //Objectives
19 //Vars
1 //DMS
0.015000 0.021000, 0.040000 0.054000, 0.039000 0.053000, 0.055000 0.075000, 0.046000 0.064000, 0.061000 0.083000, 0.111000 0.153000, 0.164000 0.226000, 0.223000 0.307000, 0.088000 0.122000 // Weight
5.586000 6.025000, 4.252000 4.771000, 4.776000 5.253000, 4.138000 4.387000, 4.203000 4.476000, 3.823000 4.568000, 3.979000 4.301000, 3.816000 4.443000, 3.752000 4.501000, 4.013000 4.333000 //Veto
0.510000 0.670000 //Beta 0
0.510000 0.670000 //Lambda 0
TRUE FALSE //Best compromise 
1
0.9999664342030726, 0.3650626034313173, 0.1226970865962548, 0.0933072586047031, 0.8820272222543262, 0.3081963007842173, 0.9460591808641605, 0.7655991263527419, 0.9751347717713261, 0.0, 0.0, 0.0, 0.0, 0.0, 0.0, 0.0, 0.0, 0.0, 0.0 * 0.0000032953144059, 0.0000032953144059, 0.0000046602783252, 0.0000065906288119, 0.0000093205566504, 0.0000131812576238, 0.0000186411133007, 0.0000263625152476, 0.0000372822266014, 0.9999999986100356 *   0
TRUE FALSE //Frontiers 
2
0.0264567297969842, 0.0264567297969842, 0.0374154660949355, 0.0529134595939684, 0.0748309321898709, 0.1058269191879369, 0.1496618643797418, 0.2116538383758736, 0.2993237287594835, 0.9059859881935471
0.0501908435977436, 0.0501908435977436, 0.0709805717228758, 0.1003816871954872, 0.1419611434457516, 0.2007633743909743, 0.2839222868915031, 0.4015267487819485, 0.5678445737830061, 0.5959069390856194
FALSE //Initial solutions 
2
