0.3949578038393323, 0.0001217084937364, 0.0206555333084685, 0.0543810967609198, 0.0105160237338934, 0.8355670589187960, 0.2188110175630129, 0.5718115896786617, 0.2878183048627425, 0.5, 0.5, 0.5, 0.5, 0.5 * 0.0000000000085428, 0.0000000000211384, 0.0000000000222261, 0.0000000001853169, 0.0000000000466838, 0.0000000267137423, 0.0000004694551948, 0.0000235384068523, 0.1974548670599688, 0.3025210980803338 *   0
0.1141991713616062, 0.0000468776561538, 0.1549266512295821, 0.3077632222826421, 0.0316532338185484, 0.2670832151859455, 0.0350389452814306, 0.6475476965529601, 0.4788691226760247, 0.5, 0.5, 0.5, 0.5, 0.5 * 0.0000000000117232, 0.0000000000127578, 0.0000000000133247, 0.0000000010411569, 0.0000000029608367, 0.0000001235869478, 0.0000002870646060, 0.0000022620033910, 0.0570969089860590, 0.4429004143191969 *   0
0.0123590971400771, 0.0111075975052582, 0.1307908287880900, 0.1940726657370444, 0.0002232124098685, 0.3068621043613470, 0.8909372658892243, 0.7695873383291006, 0.3234987958909473, 0.5, 0.5, 0.5, 0.5, 0.5 * 0.0000000000264702, 0.0000000000553546, 0.0000000000244982, 0.0000000000130154, 0.0000000002695607, 0.0000017418934924, 0.0000072351920242, 0.0000596624638646, 0.0061109086317584, 0.4938204514299614 *   0
0.0376257864002258, 0.0081262476780108, 0.0054061692233226, 0.6419401646787022, 0.0413912795676809, 0.9871206157780814, 0.2527365229338112, 0.9599988739751274, 0.0812340602656985, 0.5, 0.5, 0.5, 0.5, 0.5 * 0.0000000004272537, 0.0000000048322848, 0.0000000002191539, 0.0000000161987932, 0.0000000002828354, 0.0000005085939686, 0.0000002959312908, 0.0001520517441038, 0.0186600149704288, 0.4811871067998871 *   0
0.0002033803612941, 0.1653346881108986, 0.1595316162144447, 0.4716540530657647, 0.1900603562547175, 0.0916111725809105, 0.4761258808319112, 0.9777622236766677, 0.2319034655726997, 0.5, 0.5, 0.5, 0.5, 0.5 * 0.0000000023780205, 0.0000000078763347, 0.0000000002332204, 0.0000000115393211, 0.0000002184120817, 0.0000010246274626, 0.0000014171249507, 0.0000141307229095, 0.0000848772663458, 0.4998983098193530 *   0
0.6398304871468947, 0.0004378501327885, 0.4993442383126096, 0.0032317750170975, 0.1809446067460555, 0.6155169813965992, 0.4817692178682281, 0.0553532573652236, 0.8280822512824472, 0.5, 0.5, 0.5, 0.5, 0.5 * 0.0000000005559593, 0.0000000001154224, 0.0000000114576551, 0.0000000130469942, 0.0000000157262215, 0.0000001851462230, 0.0000697195616907, 0.0000701293217135, 0.3197751686415677, 0.1800847564265526 *   0
0.2579539228500584, 0.0016814712442837, 0.0703165745690077, 0.1114413342957577, 0.1904195124238820, 0.5019313183156454, 0.9573689438204136, 0.5321883347500993, 0.6213270116696725, 0.5, 0.5, 0.5, 0.5, 0.5 * 0.0000000514193118, 0.0000000313379333, 0.0000000727464360, 0.0000000069244842, 0.0000001611781915, 0.0000013758327008, 0.0000135501904290, 0.0002016214223247, 0.1287600903732179, 0.3710230385749708 *   0
0.0054833414058589, 0.0106253349271721, 0.1900209929747605, 0.3986096099943899, 0.7253966246384180, 0.7755718127710614, 0.5143552685688972, 0.9803683073168473, 0.7484038196263852, 0.5, 0.5, 0.5, 0.5, 0.5 * 0.0000004684823854, 0.0000001574930213, 0.0000000125350409, 0.0000006028697552, 0.0000003592197447, 0.0000006059170021, 0.0000033290168013, 0.0000235956357278, 0.0027125395334508, 0.4972583292970705 *   0
0.0677725784796162, 0.0726730055514132, 0.0061289086035122, 0.1377955089033560, 0.7209890725654499, 0.6109527915767174, 0.0130800907560997, 0.6696362465944310, 0.7064077447664029, 0.5, 0.5, 0.5, 0.5, 0.5 * 0.0000000056683524, 0.0000000023558411, 0.0000000039587204, 0.0000009041356412, 0.0000005833730058, 0.0000005802786020, 0.0000130133934634, 0.0024475253224151, 0.0314236707537668, 0.4661137107601919 *   0
0.0027582221677332, 0.0684712538814504, 0.3443045249880778, 0.3032331216629749, 0.2941765847123119, 0.0009521641772949, 0.6472235474024077, 0.6466007375375371, 0.2707175278434146, 0.5, 0.5, 0.5, 0.5, 0.5 * 0.0000000003128626, 0.0000000008428167, 0.0000000006316359, 0.0000000009741962, 0.0000028974855723, 0.0000069586174024, 0.0000226536276587, 0.0000619169730094, 0.0012846816187125, 0.4986208889161334 *   0
0.0851837383048533, 0.0020890859896732, 0.8627977002704506, 0.0354686277152359, 0.7126236710290534, 0.9384350552868261, 0.4202453808021943, 0.3518794553130304, 0.8638052776752996, 0.5, 0.5, 0.5, 0.5, 0.5 * 0.0000002326020619, 0.0000000366739751, 0.0000004959747695, 0.0000010557110445, 0.0000001194620928, 0.0000007825054545, 0.0000740471509156, 0.0000122079968064, 0.0425028910753063, 0.4574081308475734 *   0
0.0073083066415546, 0.3805043717755491, 0.0082968161480021, 0.2826774475549708, 0.5446552064012062, 0.2825952164282068, 0.1933692461780129, 0.3369461779189045, 0.6317771732023811, 0.5, 0.5, 0.5, 0.5, 0.5 * 0.0000000206608117, 0.0000000120418761, 0.0000000643534296, 0.0000004048650480, 0.0000012741922867, 0.0000014848733726, 0.0000082750831833, 0.0013788852436859, 0.0022637320070834, 0.4963458466792227 *   0
0.0273534166754006, 0.0192922544755471, 0.1616721195921638, 0.0613668198051708, 0.4921861973089102, 0.3842799665333144, 0.4193070444368324, 0.5278354764579960, 0.9129474493269564, 0.5, 0.5, 0.5, 0.5, 0.5 * 0.0000001000430690, 0.0000000095394366, 0.0000000980248086, 0.0000002875127107, 0.0000007933156680, 0.0000013293453420, 0.0000400401413291, 0.0002211966152747, 0.0134128538000616, 0.4863232916622997 *   0
0.0338746151113299, 0.2838650146889803, 0.8067281254598536, 0.0006247549320686, 0.2126399614907056, 0.8483917926663495, 0.5596350815890521, 0.6068812299551820, 0.8683281395902522, 0.5, 0.5, 0.5, 0.5, 0.5 * 0.0000001289219873, 0.0000000195495195, 0.0000000961752205, 0.0000001925072957, 0.0000000781197300, 0.0000019079478717, 0.0038762522401822, 0.0009292335962738, 0.0121293984975843, 0.4830626924443351 *   0
0.0184542569417759, 0.9811583403410196, 0.0010413099085173, 0.7656831204731405, 0.8872437998127396, 0.8879458498619245, 0.5167267632282929, 0.4760719926450737, 0.1451300122519629, 0.5, 0.5, 0.5, 0.5, 0.5 * 0.0000002030275700, 0.0000011959082316, 0.0000015395605250, 0.0000027482544587, 0.0000007176383857, 0.0000008139077304, 0.0000022089670782, 0.0090438467926301, 0.0001738544142782, 0.4907728715291120 *   0
0.1573092235053467, 0.0188682335516756, 0.0153243956227435, 0.3030332756708531, 0.5419277835366911, 0.8438154802861696, 0.3738541907509110, 0.2444732385894625, 0.2038026429730480, 0.5, 0.5, 0.5, 0.5, 0.5 * 0.0000000587031501, 0.0000002293360494, 0.0000008901641948, 0.0000019733017205, 0.0000005833222123, 0.0000031569162605, 0.0000158507871539, 0.0014613310537242, 0.0771705381682075, 0.4213453882473266 *   0
0.0012406017637069, 0.7011515990370659, 0.0758222197535551, 0.7433240971264076, 0.6290886679799709, 0.9686615825484793, 0.4231570150811025, 0.4296464461039968, 0.6918975462633640, 0.5, 0.5, 0.5, 0.5, 0.5 * 0.0000018790032495, 0.0000008367214407, 0.0000036051112317, 0.0000086164939501, 0.0000004832567819, 0.0000090919939072, 0.0000084643949680, 0.0004019479796665, 0.0001853759266578, 0.4993796991181466 *   0
0.0973846703289937, 0.7951455483190462, 0.0010634786454325, 0.6281527865809169, 0.3198049204981909, 0.9722726982889104, 0.8421713913987258, 0.3050626713340462, 0.9098499910486163, 0.5, 0.5, 0.5, 0.5, 0.5 * 0.0000018798962421, 0.0000001862644004, 0.0000047067448508, 0.0000012692882483, 0.0000002293475202, 0.0000175927926857, 0.0000153108936405, 0.0386763183157206, 0.0099748416211882, 0.4513076648355032 *   0
0.0114403832757102, 0.0101473704027698, 0.6089643294033429, 0.5915871591268047, 0.2936664010834258, 0.1097545205195223, 0.4715498250311007, 0.8996001444289461, 0.1704262211781117, 0.5, 0.5, 0.5, 0.5, 0.5 * 0.0000000487264624, 0.0000002371829595, 0.0000000319089151, 0.0000003561684193, 0.0000054668697038, 0.0000147701379115, 0.0000144362812564, 0.0000226976276961, 0.0056621467345310, 0.4942798083621449 *   0
0.0177193260834177, 0.2778392430757355, 0.1495579379375828, 0.9192608249929085, 0.0309885041932522, 0.8663015262532521, 0.0374258356343144, 0.0485162381308695, 0.5525435495900659, 0.5, 0.5, 0.5, 0.5, 0.5 * 0.0000000091149406, 0.0000000073813892, 0.0000003235203421, 0.0000087450622885, 0.0000014021228799, 0.0003279351297091, 0.0000297238162558, 0.0020934159256092, 0.0063981009682944, 0.4911403369582912 *   0
0.0055096820022490, 0.6806830259415708, 0.4509208320877146, 0.1686602356697713, 0.0236172541154629, 0.0504995649915652, 0.9445546557868619, 0.6619429661249476, 0.8283117142637780, 0.5, 0.5, 0.5, 0.5, 0.5 * 0.0000000880872332, 0.0000000182582786, 0.0000000543110965, 0.0000000094305405, 0.0000031980042167, 0.0001392433802755, 0.0007029433271808, 0.0010296187098116, 0.0008796674924912, 0.4972451589988755 *   0
0.0307812597745942, 0.3446663400831941, 0.3491789839925147, 0.4075221546960632, 0.0027074436669738, 0.7989327520127095, 0.1186099430167162, 0.4798160914703347, 0.7973884291934726, 0.5, 0.5, 0.5, 0.5, 0.5 * 0.0000000740952005, 0.0000000188271417, 0.0000001007400711, 0.0000014391046920, 0.0000004109181751, 0.0007527957617355, 0.0010974265913272, 0.0034523660364866, 0.0100859978124674, 0.4846093701127029 *   0
0.0451152520464339, 0.0214341934870156, 0.3618076557115688, 0.2305435278595162, 0.4031352500445839, 0.9173204651648740, 0.8943553762018472, 0.3789818907990036, 0.3913506057073132, 0.5, 0.5, 0.5, 0.5, 0.5 * 0.0000019783251558, 0.0000030767970977, 0.0000082835685289, 0.0000015756163681, 0.0000013442499371, 0.0000240717218592, 0.0001346053582460, 0.0003085688835966, 0.0220741215024276, 0.4774423739767831 *   0
0.0067611839653743, 0.6916846058758370, 0.4202612575237925, 0.2427989888204257, 0.0416748170003643, 0.7314209834353165, 0.9467484284875675, 0.9921785527803835, 0.1116975821143471, 0.5, 0.5, 0.5, 0.5, 0.5 * 0.0000007630911445, 0.0000060686694903, 0.0000000538554830, 0.0000003872938872, 0.0000026706247988, 0.0002286546287785, 0.0007441001777146, 0.0013556050918749, 0.0010422885495152, 0.4966194080173129 *   0
0.0034719007105901, 0.4626374158368620, 0.0812353599263520, 0.6918286707679875, 0.6819229855583622, 0.8484523942919692, 0.8027269513358953, 0.4910961871459597, 0.0993173891209613, 0.5, 0.5, 0.5, 0.5, 0.5 * 0.0000010224550627, 0.0000092723691540, 0.0000106681245622, 0.0000051517204047, 0.0000046645110736, 0.0000143566795232, 0.0000201055239429, 0.0007378742026715, 0.0009328347689003, 0.4982640496447049 *   0
0.0139578995359865, 0.0979726068200416, 0.4542828083291104, 0.4455275444525888, 0.0744717428807503, 0.3321951545459196, 0.8745889500130848, 0.6438441065344234, 0.2183124815199117, 0.5, 0.5, 0.5, 0.5, 0.5 * 0.0000004208658480, 0.0000015069481050, 0.0000010664107878, 0.0000004293546913, 0.0000068823488309, 0.0001280811681626, 0.0001722269119533, 0.0003731318932575, 0.0062952038663568, 0.4930210502320067 *   0
0.0305686546631943, 0.2697083932672201, 0.0564944404440440, 0.0982611361417273, 0.3924359578604046, 0.5286198572854603, 0.3287278014834634, 0.4036737677658320, 0.3808674581259803, 0.5, 0.5, 0.5, 0.5, 0.5 * 0.0000002399282479, 0.0000003900238332, 0.0000009305953991, 0.0000031866855593, 0.0000042331958530, 0.0000139033785483, 0.0002100038665612, 0.0038894236927732, 0.0111620159648218, 0.4847156726684029 *   0
0.6229277665833606, 0.0039919996652715, 0.1120601343512815, 0.1057583736748241, 0.6123755609674265, 0.2862418272002795, 0.1207773155163868, 0.8420861339392541, 0.6136561169352643, 0.5, 0.5, 0.5, 0.5, 0.5 * 0.0000001612062943, 0.0000001014918030, 0.0000000492629797, 0.0000022709832091, 0.0000064406995027, 0.0000057118296101, 0.0001245960318702, 0.0011040322125754, 0.3102205195738357, 0.1885361167083197 *   0
0.0068945488924601, 0.0903886123981274, 0.6041761169229523, 0.5139727576235182, 0.1902896273835979, 0.2160662306547473, 0.1766991294811941, 0.5998696655034412, 0.6130676658884937, 0.5, 0.5, 0.5, 0.5, 0.5 * 0.0000002585204880, 0.0000001631629613, 0.0000002812749991, 0.0000032753206206, 0.0000144340339372, 0.0000783471018881, 0.0000914984518098, 0.0001233364870463, 0.0031356800924798, 0.4965527255537699 *   0
0.1953958366976100, 0.0667730490987995, 0.0630017961668790, 0.2838543049450285, 0.0947662392141140, 0.6682718660069032, 0.9419247689386480, 0.6477573940752807, 0.1996496804988243, 0.5, 0.5, 0.5, 0.5, 0.5 * 0.0000008999926749, 0.0000036078666547, 0.0000024513191697, 0.0000004290745001, 0.0000036675064530, 0.0001056077226482, 0.0002943342729736, 0.0061125901436812, 0.0911743304500497, 0.4023020816511950 *   0
0.4344157308500333, 0.0056525440912938, 0.0303558884329888, 0.7319837993625476, 0.7883655805086557, 0.2319505141265460, 0.1772424560865585, 0.9533496005243387, 0.5278193943797701, 0.5, 0.5, 0.5, 0.5, 0.5 * 0.0000004449305336, 0.0000003980292711, 0.0000000412486790, 0.0000041044861166, 0.0000165188869586, 0.0000057736469607, 0.0000099890342148, 0.0011905067735565, 0.2159800883887260, 0.2827921345749833 *   0
0.0031657330706556, 0.6235659884398644, 0.1044922019841579, 0.8167831170450818, 0.3802352493536822, 0.6449796783947291, 0.1491647489132195, 0.2889113348391426, 0.5119250535554835, 0.5, 0.5, 0.5, 0.5, 0.5 * 0.0000004557775435, 0.0000004345432961, 0.0000021913195541, 0.0000175776669572, 0.0000113716357050, 0.0000522088614082, 0.0000188962701023, 0.0008838856611037, 0.0005958447996577, 0.4984171334646722 *   0
0.1001273906324652, 0.0654736319861718, 0.7614586380130884, 0.0099773812154203, 0.3591451851460827, 0.4991699790112534, 0.5467360585679933, 0.5160558263380340, 0.6319511447250615, 0.5, 0.5, 0.5, 0.5, 0.5 * 0.0000007960285317, 0.0000004636076575, 0.0000011812551348, 0.0000020235870761, 0.0000044793254901, 0.0000159592276975, 0.0024710456597689, 0.0007819032716462, 0.0467858433532298, 0.4499363046837674 *   0
0.0488617862802287, 0.3532323624720948, 0.6955292866078807, 0.0408654981483079, 0.0274600633547921, 0.3079203708599882, 0.4682378929426139, 0.4773540126519995, 0.1965546427278568, 0.5, 0.5, 0.5, 0.5, 0.5 * 0.0000000911176365, 0.0000003724564374, 0.0000005075585899, 0.0000011028828707, 0.0000046615425213, 0.0002385500397527, 0.0057569805906108, 0.0026275159127666, 0.0158011110389285, 0.4755691068598857 *   0
0.0161753404029530, 0.7139142885403309, 0.0460259453607844, 0.2666960364518203, 0.7397635549957694, 0.8649319577333201, 0.7988214063452657, 0.5187642483593730, 0.1520068245716425, 0.5, 0.5, 0.5, 0.5, 0.5 * 0.0000028565805915, 0.0000159358690209, 0.0000174329642858, 0.0000091231629056, 0.0000070816477917, 0.0000184440760394, 0.0001948750579902, 0.0055081539592108, 0.0023137668836406, 0.4919123297985235 *   0
0.3912632942159023, 0.5197683360985332, 0.0110356039419005, 0.0191647452391520, 0.6707803866224272, 0.9430898427698248, 0.6504642565969677, 0.5358480492308029, 0.7990029686125940, 0.5, 0.5, 0.5, 0.5, 0.5 * 0.0000037887416592, 0.0000009530951149, 0.0000041073822926, 0.0000047552472463, 0.0000008209528740, 0.0000070800086322, 0.0011006293853973, 0.1005610008922986, 0.0939485114024360, 0.3043683528920488 *   0
0.1484545451348901, 0.5272983608428847, 0.4133874720024818, 0.0611849520640378, 0.0028490163399135, 0.5987004789517729, 0.8959953891560414, 0.5617829885155815, 0.0248481612768248, 0.5, 0.5, 0.5, 0.5, 0.5 * 0.0000000211200538, 0.0000008288444004, 0.0000006630120360, 0.0000001756220322, 0.0000011318410492, 0.0009871491622472, 0.0151899826319043, 0.0229599669209288, 0.0350873534127933, 0.4257727274325549 *   0
0.2682500594613376, 0.0186163322155440, 0.1489763097599970, 0.2535604193124736, 0.3673475786891522, 0.5821932077324917, 0.0306283193783035, 0.8506802994993889, 0.1391984751164906, 0.5, 0.5, 0.5, 0.5, 0.5 * 0.0000000731595392, 0.0000004524176206, 0.0000000922544276, 0.0000195540746730, 0.0000144762242786, 0.0000596716160690, 0.0002776616015210, 0.0021249347637568, 0.1316281136187829, 0.3658749702693312 *   0
0.2032398368247039, 0.0054980060111256, 0.7515353908536655, 0.2083489998282627, 0.3748736248234630, 0.1353088953231037, 0.0761631364357486, 0.0531806769097134, 0.3487983855180435, 0.5, 0.5, 0.5, 0.5, 0.5 * 0.0000000062691591, 0.0000000117044307, 0.0000003199985983, 0.0000040995050993, 0.0000283576857860, 0.0000546880870188, 0.0003324047751170, 0.0001388188970720, 0.1010612114900707, 0.3983800815876480 *   0
0.0652132784320103, 0.3343909691713708, 0.2379858350558141, 0.0885603633190321, 0.0631854189854047, 0.0829828852242711, 0.7129943714071970, 0.2039432447422032, 0.8816391871690933, 0.5, 0.5, 0.5, 0.5, 0.5 * 0.0000001544695169, 0.0000000207376644, 0.0000006838905618, 0.0000003458174393, 0.0000133151292711, 0.0002152805121709, 0.0023650460317582, 0.0083085191004787, 0.0217032735271440, 0.4673933607839948 *   0
0.0062094600900120, 0.5256934955370116, 0.1429554052385294, 0.3669472412983641, 0.6830027190423583, 0.1618236392558662, 0.3822716369211076, 0.9860359951788727, 0.7037514227925573, 0.5, 0.5, 0.5, 0.5, 0.5 * 0.0000025102049611, 0.0000010566865290, 0.0000000505134602, 0.0000058455125171, 0.0000490138138119, 0.0000271403968066, 0.0001477055909594, 0.0013988136710127, 0.0014725936549480, 0.4968952699549940 *   0
0.0073281074908227, 0.8821464236276906, 0.1052555232798939, 0.3153704308510620, 0.4544815628111742, 0.5741138148932317, 0.9287811037752689, 0.4404654127734087, 0.3419623865475703, 0.5, 0.5, 0.5, 0.5, 0.5 * 0.0000039163921208, 0.0000075363064064, 0.0000145486586625, 0.0000019937829827, 0.0000207672122500, 0.0000585299041013, 0.0002329180042615, 0.0028920216467090, 0.0004318218379171, 0.4963359462545887 *   0
0.3692781205146006, 0.0220691901734421, 0.1093831277030442, 0.1934130243926370, 0.3196364810316062, 0.3245678908771686, 0.1120078671313859, 0.9402052676026734, 0.1587659596273517, 0.5, 0.5, 0.5, 0.5, 0.5 * 0.0000001495328208, 0.0000007923115213, 0.0000000598989735, 0.0000079417652186, 0.0000186116156341, 0.0000586525705208, 0.0003595104515411, 0.0036291163880338, 0.1805642257230363, 0.3153609397426997 *   0
0.0877561397327837, 0.0506526339103713, 0.3650357706309463, 0.2119617123212487, 0.1549095609946687, 0.3198491750843120, 0.2714172034856944, 0.6553339202214656, 0.5481799908672367, 0.5, 0.5, 0.5, 0.5, 0.5 * 0.0000008307857689, 0.0000006847488780, 0.0000007970797320, 0.0000062079007146, 0.0000181186503548, 0.0001453267563275, 0.0006393406103926, 0.0014112332774676, 0.0416555300567558, 0.4561219301336081 *   0
0.0629118867511451, 0.2218502132323804, 0.0777507885721283, 0.9989554393100345, 0.5611086397250689, 0.0002543288284234, 0.0500433324137904, 0.8513920576550961, 0.8843892816847141, 0.5, 0.5, 0.5, 0.5, 0.5 * 0.0000000029145755, 0.0000000003810044, 0.0000000005752336, 0.0000000734784227, 0.0003040534751247, 0.0002378868934735, 0.0000005667624191, 0.0064359232650429, 0.0244774356302761, 0.4685440566244274 *   0
0.2032649764806335, 0.0546404542655872, 0.1263500126667088, 0.2712919908907693, 0.2808208019849010, 0.3712238629214576, 0.5499298877780930, 0.6489344191034019, 0.4335184490464248, 0.5, 0.5, 0.5, 0.5, 0.5 * 0.0000030700114866, 0.0000040116052089, 0.0000038310679873, 0.0000089310898152, 0.0000336112333289, 0.0001368977276152, 0.0005112998817880, 0.0048515927083629, 0.0960792429147239, 0.3983675117596833 *   0
0.2794246674885157, 0.7093157948503810, 0.0038644983451182, 0.5069699303745152, 0.7160769792814167, 0.6955491046866165, 0.9272311878983076, 0.9588759681018423, 0.7372239216869808, 0.5, 0.5, 0.5, 0.5, 0.5 * 0.0000633850878515, 0.0000225929793095, 0.0000036874057689, 0.0000070369181244, 0.0000423278950933, 0.0000551252169202, 0.0001888169208083, 0.0987171926363338, 0.0406121686840479, 0.3602876662557422 *   0
0.7228566444119703, 0.0429218807457582, 0.0271383095659028, 0.4479093237071807, 0.5115116841679028, 0.8238089782296721, 0.7492318771543129, 0.6878648668936755, 0.3037738396338066, 0.5, 0.5, 0.5, 0.5, 0.5 * 0.0000124401508047, 0.0000285118640880, 0.0000185829560931, 0.0000199263717589, 0.0000169946863161, 0.0000921145003059, 0.0002324310425718, 0.0150921817719264, 0.3459151388621204, 0.1385716777940149 *   0
0.0618584431064587, 0.9623158513392861, 0.0461398973344545, 0.9221912929425907, 0.0814942145168289, 0.5637307328003136, 0.1753535122495860, 0.0283292033841504, 0.9039521198272482, 0.5, 0.5, 0.5, 0.5, 0.5 * 0.0000002612624645, 0.0000000277599945, 0.0000099132573265, 0.0000479789317264, 0.0000450262386530, 0.0011632315329801, 0.0001068541642062, 0.0283903870229061, 0.0011655413829721, 0.4690707784467706 *   0
0.0139920697612651, 0.6682628331092478, 0.2560950290672924, 0.4899305899114956, 0.1699660579534089, 0.6252576739644901, 0.4872021626155834, 0.6929619497121134, 0.9200564100966120, 0.5, 0.5, 0.5, 0.5, 0.5 * 0.0000193637408830, 0.0000016825130972, 0.0000093251884763, 0.0000319670379259, 0.0000373619838872, 0.0004868899730809, 0.0006107025046079, 0.0034778971479041, 0.0023208447907699, 0.4930039651193674 *   0
0.6083835613021551, 0.1741816923833367, 0.0150189418415627, 0.2297105725061663, 0.3274142897349849, 0.2120641401093752, 0.9686833424347840, 0.0214530141192735, 0.5180482606021912, 0.5, 0.5, 0.5, 0.5, 0.5 * 0.0000001366392711, 0.0000001271185320, 0.0000120309156460, 0.0000003974756883, 0.0000471583712327, 0.0001229470002222, 0.0006129756934916, 0.0521888659488216, 0.2512071414881721, 0.1958082193489225 *   0
0.0325636207277717, 0.1000416866038189, 0.2168650199737703, 0.8092686477160401, 0.4816903381057504, 0.5512512552324921, 0.6061757987393885, 0.3856524072520679, 0.3733878370250518, 0.5, 0.5, 0.5, 0.5, 0.5 * 0.0000066257989317, 0.0000111192861373, 0.0000282680727263, 0.0000298941250276, 0.0000617926899252, 0.0001481682746608, 0.0000673744590961, 0.0012756170632618, 0.0146529505941192, 0.4837181896361141 *   0
0.1863174271706107, 0.2797372635825245, 0.7210059616346871, 0.3639438172634429, 0.0037990156578827, 0.0273115141444427, 0.9547389452134906, 0.3476530999632800, 0.3133597985437884, 0.5, 0.5, 0.5, 0.5, 0.5 * 0.0000000737968615, 0.0000001617051456, 0.0000004419031625, 0.0000000321135664, 0.0000252692216675, 0.0068123032628889, 0.0119511071247073, 0.0072705744892217, 0.0670987499680839, 0.4068412864146946 *   0
0.1878810688796831, 0.1843942753897953, 0.2388426443742787, 0.7406861371084518, 0.0226749959507375, 0.5453903672962405, 0.6568196079026999, 0.9652201672853996, 0.4947423946553573, 0.5, 0.5, 0.5, 0.5, 0.5 * 0.0000118864687439, 0.0000121391026894, 0.0000008657147702, 0.0000130053994374, 0.0000315887470204, 0.0029949222881724, 0.0010728476796748, 0.0131848413772562, 0.0766184376620768, 0.4060594655601585 *   0
0.2007985940206789, 0.0235508489532167, 0.7689148316946416, 0.1796742413098338, 0.4968617248799939, 0.0065486235574580, 0.6213239336485620, 0.8945142458633121, 0.3598615482262622, 0.5, 0.5, 0.5, 0.5, 0.5 * 0.0000002125825705, 0.0000003781517593, 0.0000000696624526, 0.0000004024896552, 0.0001612439599448, 0.0001643571694898, 0.0014914263987077, 0.0005463982643196, 0.0980348083314398, 0.3996007029896606 *   0
0.0082049802915216, 0.4587946932105323, 0.3599395409039872, 0.8457113582853747, 0.4749700336134853, 0.0738538289786567, 0.8917373036461590, 0.7416660700653056, 0.8136173839744262, 0.5, 0.5, 0.5, 0.5, 0.5 * 0.0000108148984572, 0.0000024774655830, 0.0000046299389701, 0.0000021758839075, 0.0002520364768597, 0.0003008165637076, 0.0001045272311781, 0.0012047222491604, 0.0022202894379373, 0.4958975098542392 *   0
0.0536057823587236, 0.9869601745097712, 0.0999086853581987, 0.7676352037897497, 0.3112738520425157, 0.9877710654343343, 0.4640600459948462, 0.8982677347484360, 0.0764320390654877, 0.5, 0.5, 0.5, 0.5, 0.5 * 0.0000198743880291, 0.0002401525361781, 0.0000294490462060, 0.0003343139311557, 0.0000077227266074, 0.0013972881337008, 0.0006141222722166, 0.0238104631216556, 0.0003495050236125, 0.4731971088206382 *   0
0.6310508030611327, 0.0199228483345000, 0.0598395471739767, 0.4338238697656541, 0.9479674682710169, 0.2678687000963226, 0.1954729045720179, 0.6132360089631919, 0.1345500238866313, 0.5, 0.5, 0.5, 0.5, 0.5 * 0.0000006683452984, 0.0000042989172786, 0.0000031328204325, 0.0000333383098315, 0.0001132582657312, 0.0000084910707012, 0.0002129735210550, 0.0059100034700474, 0.3092392368101907, 0.1844745984694336 *   0
0.0108008123984564, 0.8427253858385260, 0.1726267906709699, 0.9660231475560103, 0.8916910285557113, 0.8926671468152977, 0.8020118474038372, 0.5163619949092911, 0.6129108828552584, 0.5, 0.5, 0.5, 0.5, 0.5 * 0.0001533361548774, 0.0000968407618108, 0.0002343221733971, 0.0001196055645450, 0.0000726365660873, 0.0000822001603724, 0.0000266933969276, 0.0037654246199119, 0.0008493468012988, 0.4945995938007718 *   0
0.1011041137860641, 0.7748193362610505, 0.0388557263830936, 0.7836543381138027, 0.5770056404066298, 0.9711203239723669, 0.3698793115885367, 0.8159194927736741, 0.6589844034328053, 0.5, 0.5, 0.5, 0.5, 0.5 * 0.0001329090161255, 0.0000687786344974, 0.0000455029759146, 0.0004211101375033, 0.0000198742720939, 0.0005044910106819, 0.0003292626771247, 0.0376467824445487, 0.0113833457245421, 0.4494479431069680 *   0
0.1392019550032923, 0.6677257431055074, 0.4407532482597759, 0.0104487948168296, 0.4171556362030821, 0.3229087001285091, 0.8937369244609665, 0.8036794899048654, 0.9523503668384395, 0.5, 0.5, 0.5, 0.5, 0.5 * 0.0000197216107836, 0.0000009867455843, 0.0000050585776251, 0.0000030636237335, 0.0000604533721120, 0.0001247463315076, 0.0202696968189686, 0.0259906373428416, 0.0231266130784898, 0.4303990224983539 *   0
0.0100612435536744, 0.2398836529999430, 0.4461529229051214, 0.8571887308997981, 0.9714483595320249, 0.6452578546690093, 0.4193206049591864, 0.8094770818992877, 0.2697436228719278, 0.5, 0.5, 0.5, 0.5, 0.5 * 0.0000264872872878, 0.0000717070166435, 0.0000231115441613, 0.0001679855596226, 0.0001590431698834, 0.0000131769100677, 0.0000768897663747, 0.0006683626746478, 0.0038238578481484, 0.4949693782231628 *   0
0.0537829413329172, 0.1839693641215420, 0.9666413781077794, 0.5088426747866174, 0.1894527055274009, 0.9772667130349515, 0.6988636677613779, 0.5880623155217908, 0.7026633376733695, 0.5, 0.5, 0.5, 0.5, 0.5 * 0.0001301026057505, 0.0000550537824870, 0.0001297020601792, 0.0001356706933046, 0.0000104802590002, 0.0019723651950021, 0.0023488001633884, 0.0001650319996895, 0.0219442639076571, 0.4731085293335414 *   0
0.9287749472673865, 0.0416636672064958, 0.5590103261913221, 0.3942412684644764, 0.0199363469239028, 0.0958251678831061, 0.5216505557865140, 0.8265207409050878, 0.7536175091534935, 0.5, 0.5, 0.5, 0.5, 0.5 * 0.0000026468509512, 0.0000008653431248, 0.0000007371779024, 0.0000038966405798, 0.0000768631007907, 0.0041790174745403, 0.0065517528065336, 0.0085323057619167, 0.4450393884773537, 0.0356125263663067 *   0
0.1209774995786033, 0.7403101253976627, 0.0270747281737042, 0.3613116621790974, 0.7142127331878118, 0.4831211811318626, 0.1183371907651132, 0.7020053592054198, 0.5628618931224858, 0.5, 0.5, 0.5, 0.5, 0.5 * 0.0000070677565119, 0.0000054890653271, 0.0000053302522044, 0.0001332663708517, 0.0001617151495659, 0.0001251921960048, 0.0007743572860054, 0.0435680158651946, 0.0157083158476359, 0.4395112502106984 *   0
0.1250761128613148, 0.4276626484597393, 0.3613933410315743, 0.4949532260629131, 0.1455564839511907, 0.9907598267266340, 0.6936795486573500, 0.9888191204466015, 0.8353764772579896, 0.5, 0.5, 0.5, 0.5, 0.5 * 0.0003953192290448, 0.0000779036109643, 0.0000053508750657, 0.0002113323316020, 0.0000064343055115, 0.0040876468209405, 0.0048815467020271, 0.0170796569675038, 0.0357928655879978, 0.4374619435693426 *   0
0.3439052907488799, 0.0522774118242215, 0.4450978974090414, 0.1044858312720833, 0.5502858923516636, 0.1112736813310877, 0.4177013125353033, 0.9714068160259196, 0.5768202322427277, 0.5, 0.5, 0.5, 0.5, 0.5 * 0.0000059913431112, 0.0000043955032168, 0.0000003057349435, 0.0000149060485402, 0.0002044524434104, 0.0001880062973547, 0.0035830341218001, 0.0049881477641272, 0.1629634061179361, 0.3280473546255600 *   0
0.1733665695289925, 0.6646419063511499, 0.4846806505157988, 0.0385835515514871, 0.1644608500248105, 0.7000310573261376, 0.2667912469556514, 0.9974917606438938, 0.5928732275929643, 0.5, 0.5, 0.5, 0.5, 0.5 * 0.0000195705727564, 0.0000134391363105, 0.0000000830044464, 0.0000909470137675, 0.0000531520215461, 0.0009002181563279, 0.0268466629660798, 0.0296892707634198, 0.0290699411298419, 0.4133167152355037 *   0
0.1666031122052125, 0.2356611048968793, 0.2086100774857262, 0.5038122709392627, 0.1694484093084226, 0.0609252886199044, 0.9799655047152031, 0.9619955792846138, 0.4875163661723567, 0.5, 0.5, 0.5, 0.5, 0.5 * 0.0000097893353304, 0.0000102906784080, 0.0000007932773357, 0.0000004267352775, 0.0003283089264182, 0.0017136087203657, 0.0020319935635599, 0.0155357255140741, 0.0636706193518367, 0.4166984438973937 *   0
0.3303951310601063, 0.2084800979162008, 0.8824948002037102, 0.0722464481705085, 0.0552551038820553, 0.2342260564836795, 0.8662627860280977, 0.7181431347123083, 0.4478455066903706, 0.5, 0.5, 0.5, 0.5, 0.5 * 0.0000079175971279, 0.0000097617074751, 0.0000069387746467, 0.0000038006403891, 0.0000929115886346, 0.0020744905254442, 0.0281976571755439, 0.0040469266279620, 0.1307571608928297, 0.3348024344699468 *   0
0.1342599751121644, 0.2976618936740150, 0.2219604822909275, 0.2398877112380637, 0.2224594094895103, 0.3819592280229364, 0.3127543792653616, 0.7167667787134493, 0.7820918843066748, 0.5, 0.5, 0.5, 0.5, 0.5 * 0.0000158500377735, 0.0000044161714681, 0.0000080082725612, 0.0000621302692648, 0.0001462821632284, 0.0008272685948872, 0.0033712675528573, 0.0155468161562161, 0.0471479483378257, 0.4328700124439178 *   0
0.4026381636050708, 0.5444776958527405, 0.5985320348285753, 0.0891557573755997, 0.0359011478889273, 0.9091462716037157, 0.9580584587333996, 0.9972748463029391, 0.6051911304729019, 0.5, 0.5, 0.5, 0.5, 0.5 * 0.0001103934623027, 0.0000720174435155, 0.0000004984561239, 0.0000080073407651, 0.0000190788817992, 0.0056392765656802, 0.0597580685574311, 0.0440064090834160, 0.0917053320115015, 0.2986809181974646 *   0
0.0913219117053421, 0.6311744584847123, 0.1189051340887813, 0.9042253568322516, 0.1305691693586154, 0.4921717534270937, 0.5728220476642354, 0.0045090774095194, 0.9105536243461788, 0.5, 0.5, 0.5, 0.5, 0.5 * 0.0000004683192113, 0.0000000460043813, 0.0001135497178734, 0.0000850624445537, 0.0002054609057458, 0.0026940567502856, 0.0003282052806487, 0.0253931796615041, 0.0168409267684670, 0.4543390441473290 *   0
0.5224313789617416, 0.2880751063526026, 0.0250808545505073, 0.4657584058427058, 0.3758312460853864, 0.0757334884608786, 0.8307941769393133, 0.5877929588722963, 0.2306430494555473, 0.5, 0.5, 0.5, 0.5, 0.5 * 0.0000028180394026, 0.0000094001454038, 0.0000085683602210, 0.0000042335449111, 0.0003053501392292, 0.0005486685218909, 0.0010082889708493, 0.0733624098062624, 0.1859659519527005, 0.2387843105191292 *   0
0.6677721769864542, 0.3621968582096495, 0.9525792170095161, 0.0204384140765473, 0.0718619842416895, 0.9892496904308208, 0.1404818739464888, 0.1481736060921911, 0.9167481036469098, 0.5, 0.5, 0.5, 0.5, 0.5 * 0.0000031940196896, 0.0000002900558999, 0.0000200293940586, 0.0001438637797259, 0.0000018189111030, 0.0021852637429388, 0.1128433188771523, 0.0057347134715879, 0.2129535962410712, 0.1661139115067729 *   0
0.4458609369796985, 0.1030792622375671, 0.1769850250226376, 0.5451783261006597, 0.4877097799851139, 0.9900396563997677, 0.1875143694633219, 0.4483385707476822, 0.2677093549946832, 0.5, 0.5, 0.5, 0.5, 0.5 * 0.0000240953974082, 0.0000659104128434, 0.0001107482986387, 0.0008698524236380, 0.0000107708906969, 0.0011358785507236, 0.0018497728637667, 0.0189124793844933, 0.1999509602676404, 0.2770695315101508 *   0
0.1089389222250036, 0.5126251892711153, 0.1195673067679476, 0.7549979401542796, 0.3795351257452439, 0.9242445439678825, 0.4269716117656657, 0.5064823592577513, 0.7907802233429534, 0.5, 0.5, 0.5, 0.5, 0.5 * 0.0001512060715258, 0.0000400051741052, 0.0001863167020575, 0.0005066712292247, 0.0000724731482674, 0.0015639700614815, 0.0008179659096030, 0.0245838095160268, 0.0265470433002099, 0.4455305388874982 *   0
0.2635979155374681, 0.1007402926221212, 0.1116584819330175, 0.6910385497338318, 0.5046543579104610, 0.2033042163603493, 0.6021848696294170, 0.8691330463016094, 0.8148334481822482, 0.5, 0.5, 0.5, 0.5, 0.5 * 0.0000448264702071, 0.0000101865760873, 0.0000082834150800, 0.0000418148832752, 0.0004119037302532, 0.0005074783566877, 0.0004580482181989, 0.0117949239231235, 0.1185214921958212, 0.3682010422312659 *   0
0.5647270891651172, 0.2750854721642497, 0.0650232602213618, 0.1151811411209317, 0.7663041175186187, 0.8920788326729456, 0.1546307844829889, 0.7362108089664070, 0.6196803374307605, 0.5, 0.5, 0.5, 0.5, 0.5 * 0.0000280541203803, 0.0000172178023930, 0.0000162212286745, 0.0003361841393544, 0.0000481098708667, 0.0001359494510906, 0.0044688871881347, 0.0726234851825701, 0.2046894355990943, 0.2176364554174414 *   0
0.1292400928816013, 0.7126714059676377, 0.0432138848319714, 0.3507552148544952, 0.7303907325167166, 0.3210531283733682, 0.5003131532577393, 0.6496515570439638, 0.3520416325666204, 0.5, 0.5, 0.5, 0.5, 0.5 * 0.0000187297783381, 0.0000344735266278, 0.0000286918346501, 0.0000817926209051, 0.0003461585734812, 0.0001881996724763, 0.0012920769536838, 0.0440627363904971, 0.0185671870901412, 0.4353799535591993 *   0
0.8512998506665694, 0.0676447870524809, 0.6119655843879868, 0.4830770234032893, 0.0293568428742498, 0.8383532696582159, 0.2556578625252740, 0.3512862466048851, 0.2237387952505326, 0.5, 0.5, 0.5, 0.5, 0.5 * 0.0000042094783740, 0.0000146047749577, 0.0000347439303819, 0.0001559334516485, 0.0000403930408765, 0.0082620890843239, 0.0091083504283120, 0.0111726743691999, 0.3968569267752103, 0.0743500746667153 *   0
0.1176875634666940, 0.2162507796735739, 0.3102067952557498, 0.4972115510596016, 0.5334526195812284, 0.6734123568392416, 0.9124265033343930, 0.8730439389464650, 0.7783537291820877, 0.5, 0.5, 0.5, 0.5, 0.5 * 0.0004371582831260, 0.0001244864636466, 0.0000816730998072, 0.0000617448014569, 0.0003419372189482, 0.0009156859059462, 0.0019846999399481, 0.0087776279658986, 0.0461187680545691, 0.4411562182666530 *   0
0.2408346758414221, 0.8768189753763466, 0.4310364166419192, 0.5541944743852105, 0.0110789504885110, 0.7286983103159341, 0.7761549566761381, 0.2509666617265747, 0.9511577202711058, 0.5, 0.5, 0.5, 0.5, 0.5 * 0.0000377258042795, 0.0000019372331700, 0.0001183780233697, 0.0000455794397777, 0.0000758099546605, 0.0249423137476131, 0.0202888939731055, 0.0600735686772091, 0.0148331310675259, 0.3795826620792889 *   0
0.4909574494189385, 0.1457413552076283, 0.2692818521844604, 0.7775992782682177, 0.3663393824204520, 0.9915834544187334, 0.0717282076700256, 0.5739084266004657, 0.7593765271638411, 0.5, 0.5, 0.5, 0.5, 0.5 * 0.0000850672172329, 0.0000269552303803, 0.0000831697510391, 0.0025260830847094, 0.0000230981440438, 0.0047469680966016, 0.0021425942747644, 0.0261424662150269, 0.2097023226956709, 0.2545212752905308 *   0
0.7770961554614344, 0.0247297915745200, 0.1871821434177375, 0.7372636379381938, 0.5682996034474576, 0.3268424995834206, 0.2868976943599515, 0.1293395665145198, 0.7837227987049720, 0.5, 0.5, 0.5, 0.5, 0.5 * 0.0000071629062622, 0.0000019766852796, 0.0000615239477611, 0.0001756386816354, 0.0005072785442691, 0.0005724464933654, 0.0004725522323148, 0.0078101334880733, 0.3789393647517562, 0.1114519222692828 *   0
0.1337733599980238, 0.3763308247441104, 0.5714819652826907, 0.7779068768852888, 0.2241830999144274, 0.9365848931188625, 0.0486853877309176, 0.6827841166792363, 0.3131282037650832, 0.5, 0.5, 0.5, 0.5, 0.5 * 0.0000244564727286, 0.0000536472318709, 0.0000362863385951, 0.0022351864627344, 0.0001590871754857, 0.0086815807320685, 0.0031948249900533, 0.0107864500448870, 0.0417151605505884, 0.4331133200009881 *   0
0.2732351796111256, 0.6018048495062649, 0.9620907059694132, 0.4818172550209878, 0.0106833451477268, 0.8088013808283961, 0.7270813145335211, 0.5974517644371147, 0.5708546501448633, 0.5, 0.5, 0.5, 0.5, 0.5 * 0.0000816622213091, 0.0000613903425763, 0.0000963852826497, 0.0000898758653552, 0.0000778489360678, 0.0377047435319846, 0.0409884286104387, 0.0031167932824639, 0.0544004617327174, 0.3633824101944372 *   0
0.2557621138430024, 0.6794319155995883, 0.3318808038401794, 0.0457982779693782, 0.4384741976105022, 0.5701722519333345, 0.3561903067660473, 0.8889337870706496, 0.3372091587340502, 0.5, 0.5, 0.5, 0.5, 0.5 * 0.0000352520546180, 0.0000692885656616, 0.0000130616373915, 0.0002125646655641, 0.0002488983015555, 0.0007415717202026, 0.0275153150503278, 0.0580505194777544, 0.0409945854484257, 0.3721189430784988 *   0
0.1315608514154148, 0.1048820210177833, 0.9465599930596351, 0.7670705214920782, 0.2386553810158071, 0.3228908173380842, 0.3385524863091076, 0.0165622574354346, 0.5470739172525116, 0.5, 0.5, 0.5, 0.5, 0.5 * 0.0000011841306928, 0.0000009803495638, 0.0001285230341148, 0.0002553309603301, 0.0008094892758251, 0.0038138398092816, 0.0015211439914304, 0.0003686924403958, 0.0588812417160729, 0.4342195742922926 *   0
0.3414822799812454, 0.0707295947106227, 0.6723200970666111, 0.4297333976392324, 0.3389796541719602, 0.6909364292821550, 0.5787097078648906, 0.5925400734844338, 0.0582840075056460, 0.5, 0.5, 0.5, 0.5, 0.5 * 0.0000163325565488, 0.0002638910802218, 0.0001926956632233, 0.0003442767718306, 0.0003655409169800, 0.0023063720897140, 0.0046301320549054, 0.0039572104985425, 0.1586646883586563, 0.3292588600093773 *   0
0.0578810097919223, 0.3718187857288023, 0.7998470374382320, 0.4925172000622923, 0.5581362133650744, 0.0795843010207565, 0.2135231612313181, 0.9220800306285173, 0.0833833166786392, 0.5, 0.5, 0.5, 0.5, 0.5 * 0.0000030911932408, 0.0000339808898081, 0.0000031327601507, 0.0001480878130525, 0.0021776595961014, 0.0018730707597690, 0.0043678297263936, 0.0021537706502787, 0.0181798815071664, 0.4710594951040388 *   0
0.0584143996510722, 0.8494463706619322, 0.4506875748982129, 0.5247866397373316, 0.4161911538877483, 0.4351560512721334, 0.8425677832414246, 0.9719028477426166, 0.0459354059053284, 0.5, 0.5, 0.5, 0.5, 0.5 * 0.0000399758196111, 0.0008302857754101, 0.0000251587621086, 0.0001673076214846, 0.0013794487428345, 0.0034257440611914, 0.0053136153661789, 0.0136284137401801, 0.0043972499365366, 0.4707928001744639 *   0
0.9190227207350651, 0.1167814992912028, 0.1746327407539975, 0.7543991975273934, 0.1703872816499263, 0.1615929147981074, 0.8543078828855920, 0.9380224854396760, 0.4728667668406231, 0.5, 0.5, 0.5, 0.5, 0.5 * 0.0000737603776775, 0.0000822251616962, 0.0000103063585232, 0.0000283591187076, 0.0010099254145319, 0.0058650617453279, 0.0023015782824551, 0.0442912091461414, 0.4058489347624719, 0.0404886396324675 *   0
0.4744354800667779, 0.1024175836250268, 0.6830316445245554, 0.2228392992275019, 0.3660154991624949, 0.7837719371466767, 0.3344977816261807, 0.0570540484306654, 0.2884262950571376, 0.5, 0.5, 0.5, 0.5, 0.5 * 0.0000058392630977, 0.0000144059891480, 0.0003345981427915, 0.0007059809647303, 0.0002926616601957, 0.0023444066186280, 0.0128965440312890, 0.0077008310573292, 0.2129224723061795, 0.2627822599666111 *   0
0.1773198666876740, 0.4396802948041262, 0.4741924272264318, 0.3477460878657858, 0.3062448153767012, 0.7695964098766429, 0.6904069370079818, 0.1245244104063718, 0.5316138726340671, 0.5, 0.5, 0.5, 0.5, 0.5 * 0.0000692419027562, 0.0000610065845775, 0.0009157190214356, 0.0004690339384963, 0.0004535647100381, 0.0044595137920083, 0.0120569014023486, 0.0204970442782718, 0.0496779077139046, 0.4113400666561630 *   0
0.8679539025146300, 0.1116937692797248, 0.7841329452507817, 0.4296749715831480, 0.0892883609464803, 0.6922624608000100, 0.8244526567051432, 0.8965862490686524, 0.0377477840696218, 0.5, 0.5, 0.5, 0.5, 0.5 * 0.0000281669783468, 0.0007180219448180, 0.0000860666729253, 0.0001772087913692, 0.0004487461101787, 0.0148732629685621, 0.0216774275550214, 0.0104636204452315, 0.3855044297908621, 0.0660230487426850 *   0
0.0612611347163381, 0.6795694901047132, 0.5795071956606149, 0.7770448721838392, 0.4163873537519888, 0.5435876802278625, 0.5211578130354908, 0.0571573367608512, 0.3844099940659525, 0.5, 0.5, 0.5, 0.5, 0.5 * 0.0000242938804264, 0.0000389039573027, 0.0010424841501068, 0.0010159056775123, 0.0017813478545645, 0.0054703931480790, 0.0026894607583750, 0.0087528096148422, 0.0098149683169600, 0.4693694326418310 *   0
0.2755993997098875, 0.1398050278144912, 0.5265762743198202, 0.9823645562782719, 0.8741717379885594, 0.2981330991248289, 0.0377928498377059, 0.1760768597834170, 0.7378927444749943, 0.5, 0.5, 0.5, 0.5, 0.5 * 0.0000127531408587, 0.0000045300496242, 0.0000808738899200, 0.0024990823663273, 0.0061144381709323, 0.0012539586973570, 0.0001789034602903, 0.0091205510957392, 0.1185346089838948, 0.3622003001450562 *   0
0.6672338343538502, 0.8838036721031198, 0.3547964810183256, 0.2288380066067157, 0.0860194950765090, 0.7129266004603946, 0.3266935191707190, 0.0252865483170778, 0.1307445234296585, 0.5, 0.5, 0.5, 0.5, 0.5 * 0.0000015856473683, 0.0000105421827441, 0.0004674880494591, 0.0009884753173062, 0.0005911547282002, 0.0218800474089081, 0.0806731077656636, 0.1902394553770393, 0.0387650607002363, 0.1663830828230749 *   0
0.4095020286783120, 0.6259797218376676, 0.5521158229336682, 0.9255472877647483, 0.1518277507982346, 0.7959619764219793, 0.4907544858244967, 0.8171914018770640, 0.8578102732346441, 0.5, 0.5, 0.5, 0.5, 0.5 * 0.0027229390647959, 0.0004513515094219, 0.0007100999944134, 0.0040307496508315, 0.0020289782861008, 0.0555519351030964, 0.0052686220318865, 0.0574053073614588, 0.0765810313371508, 0.2952489856608440 *   0
0.5045906978215048, 0.8976669189974977, 0.2534619785162909, 0.1964882436192074, 0.6452162827575655, 0.6918667008596783, 0.1521072383747004, 0.3347211812318867, 0.8710510976943425, 0.5, 0.5, 0.5, 0.5, 0.5 * 0.0002232946476253, 0.0000330561545450, 0.0005095128973628, 0.0042691609825039, 0.0022424243927352, 0.0040016355814138, 0.0461242716384775, 0.1690738322394503, 0.0258181603766386, 0.2477046510892476 *   0
