0.9999664342030726, 0.3650626034313173, 0.1226970865962548, 0.0933072586047031, 0.8820272222543262, 0.3081963007842173, 0.9460591808641605, 0.7655991263527419, 0.9751347717713261, 0.5, 0.5, 0.5, 0.5, 0.5, 0.5, 0.5, 0.5, 0.5, 0.5 * 0.0000000083417970, 0.0000002134648460, 0.0000005537421554, 0.0000069880765317, 0.0000036879147658, 0.0000422687030587, 0.0000063486251184, 0.0000084835770837, 0.0000286046021697, 0.9999999986100356 *   0
0.9988079643802754, 0.9927595583688279, 0.8207954041756668, 0.0322920554467906, 0.6705830631174999, 0.0520414388980909, 0.7005872752985858, 0.0917777079584905, 0.9910109615842863, 0.5, 0.5, 0.5, 0.5, 0.5, 0.5, 0.5, 0.5, 0.5, 0.5 * 0.0000000184437797, 0.0000013061346477, 0.0000001896320300, 0.0000025964812991, 0.0000002386373892, 0.0000051345926371, 0.0000002999383779, 0.0000204571805096, 0.0018723229787511, 0.9999982469750495 *   0
0.9998821397311437, 0.0074232728255090, 0.3869918898618742, 0.1089460566215897, 0.4233732304644646, 0.9832514580261202, 0.5166603147595470, 0.4290261154198209, 0.9826435502537729, 0.5, 0.5, 0.5, 0.5, 0.5, 0.5, 0.5, 0.5, 0.5, 0.5 * 0.0000000454473472, 0.0000016665568928, 0.0000013314779630, 0.0000022483156450, 0.0001177882829576, 0.0000924017077418, 0.0000258782608898, 0.0001057292178931, 0.0000021587023275, 0.9999999828626127 *   0
0.9998344997874622, 0.9720079405102916, 0.3256843161423152, 0.8270876243836655, 0.6966514674465412, 0.0622375263191003, 0.6999722163658459, 0.8328321118991971, 0.2314591488016113, 0.5, 0.5, 0.5, 0.5, 0.5, 0.5, 0.5, 0.5, 0.5, 0.5 * 0.0000001344141097, 0.0000000511432351, 0.0000005350399256, 0.0000010872300341, 0.0000001196765604, 0.0000023754026095, 0.0000095987473565, 0.0000055942013112, 0.0002597158603692, 0.9999999662085469 *   0
0.9991203919048982, 0.0118363183046860, 0.9334665909099703, 0.9952750187345198, 0.7813727626490280, 0.2709727041753813, 0.6913307042286408, 0.0575353498838541, 0.4224294146627325, 0.5, 0.5, 0.5, 0.5, 0.5, 0.5, 0.5, 0.5, 0.5, 0.5 * 0.0000001199472478, 0.0000000937759432, 0.0000000137977390, 0.0000002902012992, 0.0000001487044929, 0.0000010071386195, 0.0001441088660282, 0.0013739084129184, 0.0000256874177034, 0.9999990454732045 *   0
0.9997708601876026, 0.7653271117086183, 0.9556874329949205, 0.5225060272600995, 0.2777014334116603, 0.3156127973066702, 0.9274588548240525, 0.5836456285713453, 0.8014168915345412, 0.5, 0.5, 0.5, 0.5, 0.5, 0.5, 0.5, 0.5, 0.5, 0.5 * 0.0000001040667686, 0.0000003227268278, 0.0000004423607371, 0.0000048703133091, 0.0000026511270563, 0.0000025979508877, 0.0000065997379465, 0.0001293807904205, 0.0003357532837954, 0.9999999352244872 *   0
0.9988650716835936, 0.8244450552502857, 0.7533823003775357, 0.8908718279054723, 0.9571096570962619, 0.2687191400996964, 0.9838495026267364, 0.3061910938966046, 0.8040524818022049, 0.5, 0.5, 0.5, 0.5, 0.5, 0.5, 0.5, 0.5, 0.5, 0.5 * 0.0000000130874509, 0.0000000411689096, 0.0000000225428584, 0.0000019203154634, 0.0000008626862037, 0.0000312083719050, 0.0001806830969951, 0.0004494347611982, 0.0017153852469688, 0.9999984109172733 *   0
0.9977330900718147, 0.9728503888346489, 0.9323462806327019, 0.0634731287432244, 0.4554280473177452, 0.8769122622333990, 0.1974796653713471, 0.7162636135314887, 0.3845285188334661, 0.5, 0.5, 0.5, 0.5, 0.5, 0.5, 0.5, 0.5, 0.5, 0.5 * 0.0000007851838498, 0.0000005418151123, 0.0000019968056196, 0.0000007093693529, 0.0000118692567999, 0.0000105094383568, 0.0000016028352237, 0.0001509552117774, 0.0035576086543763, 0.9999936601668479 *   0
0.9995856056919254, 0.2708368386471816, 0.8440848560277767, 0.3264739836223768, 0.9518066048397713, 0.8190590682528257, 0.5849426512536325, 0.1052634004062337, 0.1996500697916607, 0.5, 0.5, 0.5, 0.5, 0.5, 0.5, 0.5, 0.5, 0.5, 0.5 * 0.0000015123812952, 0.0000004904835622, 0.0000002653126947, 0.0000021117170739, 0.0000090939432783, 0.0001249099518590, 0.0000705353551110, 0.0005752132504358, 0.0002686462433689, 0.9999997881456889 *   0
0.9954042234436629, 0.6719124273731897, 0.9990160386073478, 0.3299879982741494, 0.0842795009185930, 0.4303316787957827, 0.7284660393970395, 0.9717814684714104, 0.3954311909132782, 0.5, 0.5, 0.5, 0.5, 0.5, 0.5, 0.5, 0.5, 0.5, 0.5 * 0.0000000550647219, 0.0000000394062006, 0.0000015266149496, 0.0000033627738717, 0.0000029623689936, 0.0000006305182902, 0.0000027244447221, 0.0035578418768246, 0.0062813377863325, 0.9999739429237916 *   0
0.9998902869410302, 0.2979895231770303, 0.7298355320141816, 0.8997392579446264, 0.4608388955056849, 0.0708628162140319, 0.1469106483957314, 0.7959576713833760, 0.3174191249149941, 0.5, 0.5, 0.5, 0.5, 0.5, 0.5, 0.5, 0.5, 0.5, 0.5 * 0.0000019920367895, 0.0000010846383032, 0.0000068328141930, 0.0000016915256605, 0.0000008266164630, 0.0000065780501639, 0.0000625432291176, 0.0001401570967679, 0.0000777539831577, 0.9999999851500017 *   0
0.9984768750138939, 0.1824198244989011, 0.9358132704793537, 0.3304452855747404, 0.5162540806998751, 0.9759591896906306, 0.2956880206687786, 0.0938838390139322, 0.8800635979883669, 0.5, 0.5, 0.5, 0.5, 0.5, 0.5, 0.5, 0.5, 0.5, 0.5 * 0.0000008639087728, 0.0000045312276538, 0.0000006852424411, 0.0000023365038657, 0.0001380594674259, 0.0001453992812677, 0.0001145894698661, 0.0022833101704267, 0.0006762190667005, 0.9999971379274634 *   0
0.9966800562090613, 0.8623947584360814, 0.6539713636292012, 0.4402354133502745, 0.9352425872046699, 0.8312720585760065, 0.3362552925647494, 0.2260436216490546, 0.9762675086857134, 0.5, 0.5, 0.5, 0.5, 0.5, 0.5, 0.5, 0.5, 0.5, 0.5 * 0.0000003577103782, 0.0000095910705467, 0.0000035586787528, 0.0000059727109182, 0.0000436637729761, 0.0004432470131597, 0.0003688687007633, 0.0009572620770911, 0.0050935827037385, 0.9999864021503211 *   0
0.9882429125664024, 0.9805756290352790, 0.1377881281719488, 0.6882753920221121, 0.7016785553198673, 0.0522451522072056, 0.5936207564517952, 0.9735110369387600, 0.9737657867249874, 0.5, 0.5, 0.5, 0.5, 0.5, 0.5, 0.5, 0.5, 0.5, 0.5 * 0.0000001189420982, 0.0000028847072358, 0.0000693481741085, 0.0000935464913400, 0.0000095809268372, 0.0002308870820955, 0.0004855722238082, 0.0001209845747467, 0.0184583445928506, 0.9998294715240944 *   0
0.9984993012615011, 0.7334196831720973, 0.9732864480341256, 0.8321603582390400, 0.4785570271679000, 0.3740537019325670, 0.1975302576075915, 0.1547165662770702, 0.5959685373101237, 0.5, 0.5, 0.5, 0.5, 0.5, 0.5, 0.5, 0.5, 0.5, 0.5 * 0.0000034911889665, 0.0000047417705223, 0.0000014598932728, 0.0000019451822899, 0.0000042431858327, 0.0000071555388072, 0.0000388192014379, 0.0009576603400362, 0.0021536214942496, 0.9999972215883443 *   0
0.9923912691848312, 0.2177604829043897, 0.9645806508905164, 0.8685777074976720, 0.8742092404860115, 0.7645881691782680, 0.0224917219125162, 0.5223816398169759, 0.9822306185878025, 0.5, 0.5, 0.5, 0.5, 0.5, 0.5, 0.5, 0.5, 0.5, 0.5 * 0.0000001731469862, 0.0000062016884578, 0.0000066564292086, 0.0000003216146301, 0.0000234900147754, 0.0001258362733014, 0.0006128005984278, 0.0112416701182267, 0.0040088374853172, 0.9999285784899564 *   0
0.9990997728887479, 0.8213803669537326, 0.7365483421536854, 0.8860862045018404, 0.3482276733723598, 0.3624100719403522, 0.5749336092616122, 0.7324300323298341, 0.4179966586725771, 0.5, 0.5, 0.5, 0.5, 0.5, 0.5, 0.5, 0.5, 0.5, 0.5 * 0.0000040344362210, 0.0000031091444823, 0.0000113965779950, 0.0000158312218748, 0.0000129016764936, 0.0000145761664239, 0.0001549427300570, 0.0003585153692037, 0.0013587775643613, 0.9999990001983202 *   0
0.9947330625703247, 0.7793608348720524, 0.8958935439101856, 0.7368559822146110, 0.7928029139492674, 0.8478967197462436, 0.7822489658287954, 0.9124133754113751, 0.5539415867784719, 0.5, 0.5, 0.5, 0.5, 0.5, 0.5, 0.5, 0.5, 0.5, 0.5 * 0.0000004124305538, 0.0000004889925690, 0.0000046202400370, 0.0000131006586679, 0.0000570919814138, 0.0001741252936003, 0.0004189849415816, 0.0027727651152273, 0.0077812692914337, 0.9999657765648550 *   0
0.9939396106609794, 0.9631737572900829, 0.7479264818820760, 0.1049274411541072, 0.8889039749693609, 0.3246626296661155, 0.5551456387877212, 0.8947230879658475, 0.7070466236709834, 0.5, 0.5, 0.5, 0.5, 0.5, 0.5, 0.5, 0.5, 0.5, 0.5 * 0.0000014921750620, 0.0000030104772995, 0.0000201326612220, 0.0000242932349913, 0.0000177474127897, 0.0002062126673191, 0.0000348280176141, 0.0005077800381987, 0.0095035708073915, 0.9999546885949089 *   0
0.9739636108157986, 0.9835024699491925, 0.3450763771986013, 0.5112754066992902, 0.9947000294899102, 0.8211101818928077, 0.1733214027124091, 0.0917374850677967, 0.5449135930020891, 0.5, 0.5, 0.5, 0.5, 0.5, 0.5, 0.5, 0.5, 0.5, 0.5 * 0.0000009091721045, 0.0000010474408352, 0.0000002012607290, 0.0000003912804918, 0.0000050413042496, 0.0006302547914137, 0.0006530077308496, 0.0005465447760073, 0.0408727363841288, 0.9991637989046394 *   0
0.9905318967022616, 0.9096237686041854, 0.5564734756743878, 0.5181939371480578, 0.4840703315493047, 0.9988335180090896, 0.3842407862582434, 0.4344188647504984, 0.6197848998102289, 0.5, 0.5, 0.5, 0.5, 0.5, 0.5, 0.5, 0.5, 0.5, 0.5 * 0.0000004422636792, 0.0000006502984992, 0.0000006390686541, 0.0000006985903762, 0.0006717332022938, 0.0006389316524307, 0.0009816347137752, 0.0016138377257947, 0.0147223053550357, 0.9998894069773168 *   0
0.9989603222342954, 0.7045884079786895, 0.5316688909808495, 0.9162051351350756, 0.2768656496316500, 0.1064801798697934, 0.7779910642551217, 0.4511605354264195, 0.8482988662311336, 0.5, 0.5, 0.5, 0.5, 0.5, 0.5, 0.5, 0.5, 0.5, 0.5 * 0.0000035252543356, 0.0000145127898500, 0.0000128026899232, 0.0000541026561122, 0.0000097195241206, 0.0000271224676762, 0.0004862530266630, 0.0005418948999059, 0.0014604276447291, 0.9999986664565378 *   0
0.9992768559601516, 0.9373278054116889, 0.8239685827046487, 0.2741638660776261, 0.3877670058923620, 0.2301141676633219, 0.2979557916046846, 0.2514499208198162, 0.5324718731141053, 0.5, 0.5, 0.5, 0.5, 0.5, 0.5, 0.5, 0.5, 0.5, 0.5 * 0.0000117289625648, 0.0000129909376862, 0.0000072964654781, 0.0000095852379827, 0.0000080330444744, 0.0000158457364989, 0.0000127239257895, 0.0001074036741885, 0.0011304118751042, 0.9999993548520317 *   0
0.9399314946215280, 0.9939233851590769, 0.0182223729874112, 0.6969882755991949, 0.9728489671707381, 0.3477128987888400, 0.8187813618307846, 0.8046245723052996, 0.6169164463025129, 0.5, 0.5, 0.5, 0.5, 0.5, 0.5, 0.5, 0.5, 0.5, 0.5 * 0.0000007206759922, 0.0000010494719542, 0.0000040172403955, 0.0000144022083046, 0.0000091217482366, 0.0004115093398202, 0.0007990005026854, 0.0000257372766686, 0.0942111512786757, 0.9955518320319692 *   0
0.9971065148697731, 0.1867955937920118, 0.0886907568614421, 0.0785356732451057, 0.7998556936159058, 0.3772956861077322, 0.9930814201911359, 0.8334310771121788, 0.0899791773827650, 0.5, 0.5, 0.5, 0.5, 0.5, 0.5, 0.5, 0.5, 0.5, 0.5 * 0.0000030523400185, 0.0000004343104569, 0.0000115132955597, 0.0010966905065361, 0.0007385629888531, 0.0040663332509772, 0.0005301838065339, 0.0006041745900793, 0.0013145480520354, 0.9999896711607025 *   0
0.9692126274896844, 0.9885444026387038, 0.7077650733793923, 0.8506055035864029, 0.6786602324241121, 0.2239457192942247, 0.7813220265234457, 0.3872986838162405, 0.9615546893149404, 0.5, 0.5, 0.5, 0.5, 0.5, 0.5, 0.5, 0.5, 0.5, 0.5 * 0.0000006785798226, 0.0000112230085594, 0.0000078310047055, 0.0000383078025767, 0.0000149328061847, 0.0000784407849632, 0.0003748512041659, 0.0007797884933504, 0.0483340169038956, 0.9988308496413395 *   0
0.9594706408490756, 0.9965626224859444, 0.9106816714213610, 0.3457550026223785, 0.3443704151289400, 0.5216155175685955, 0.8594118314140531, 0.6759235089067014, 0.5850269471225454, 0.5, 0.5, 0.5, 0.5, 0.5, 0.5, 0.5, 0.5, 0.5, 0.5 * 0.0000015586242469, 0.0000020424663646, 0.0000046033538257, 0.0000234827336992, 0.0000257596615135, 0.0000211767033350, 0.0000248255999346, 0.0003401360836479, 0.0636194449470290, 0.9979741721229676 *   0
0.2782788324534329, 0.9995935740878775, 0.8486258838552171, 0.2748530526994044, 0.2398720598965287, 0.9637484256940654, 0.9473507818520771, 0.0651774932933867, 0.3411035259911341, 0.5, 0.5, 0.5, 0.5, 0.5, 0.5, 0.5, 0.5, 0.5, 0.5 * 0.0000004626769706, 0.0000002747100256, 0.0000000552827469, 0.0000065257065658, 0.0001148676919742, 0.0000455264273078, 0.0000570075597535, 0.0005621119112899, 0.9059746979881057, 0.4233314447044755 *   0
0.9984673769206123, 0.6886160837899037, 0.0484019764924431, 0.7193255958703000, 0.5961457265523009, 0.9155471422316260, 0.5286525630059897, 0.4728919018399398, 0.0563063686975773, 0.5, 0.5, 0.5, 0.5, 0.5, 0.5, 0.5, 0.5, 0.5, 0.5 * 0.0000186738964536, 0.0000016559486355, 0.0000172149354742, 0.0000278528600422, 0.0002827486155561, 0.0003876622581193, 0.0010200143792830, 0.0000859168658500, 0.0021251556352070, 0.9999971021208441 *   0
0.9882600046639610, 0.7315347100289235, 0.9623529352072407, 0.4068725516120310, 0.8065361724265554, 0.6966659644137444, 0.8717193337491338, 0.8252619476175224, 0.3429944139639821, 0.5, 0.5, 0.5, 0.5, 0.5, 0.5, 0.5, 0.5, 0.5, 0.5 * 0.0000022880503125, 0.0000013677159857, 0.0000094666775370, 0.0000481450152926, 0.0000952053031816, 0.0003416348093630, 0.0002660841031433, 0.0075346332968856, 0.0168246087683937, 0.9998299669679155 *   0
0.7309226392446657, 0.9990471168416771, 0.7554487529003289, 0.7808209880165854, 0.5752192691784441, 0.8367990869268771, 0.1124000195937231, 0.8214577715012514, 0.9387853187223828, 0.5, 0.5, 0.5, 0.5, 0.5, 0.5, 0.5, 0.5, 0.5, 0.5 * 0.0000003187898341, 0.0000033051228931, 0.0000115275643382, 0.0000021403158273, 0.0000464884994911, 0.0000610058136099, 0.0002165903942443, 0.0005692251494356, 0.4101925903777123, 0.9119987181126801 *   0
0.9885665434359417, 0.9511729986179495, 0.8913315389730648, 0.0002456279472660, 0.7048788837645570, 0.7654031723576613, 0.6760524444636201, 0.1976012774731970, 0.4090216157068599, 0.5, 0.5, 0.5, 0.5, 0.5, 0.5, 0.5, 0.5, 0.5, 0.5 * 0.0000139830526512, 0.0000104652073882, 0.0000056022418806, 0.0000328794999298, 0.0000975017442898, 0.0002090745410704, 0.0000000901857885, 0.0013560325739539, 0.0179058713275076, 0.9998387301517211 *   0
0.9945474336829723, 0.6622997697732876, 0.3027205175267162, 0.0626153601625074, 0.7064915540192702, 0.5552702497482627, 0.4704479777582213, 0.9086144426412016, 0.9796214909197862, 0.5, 0.5, 0.5, 0.5, 0.5, 0.5, 0.5, 0.5, 0.5, 0.5 * 0.0000037122281836, 0.0001159295119403, 0.0008024567778332, 0.0007388112883327, 0.0013060686234348, 0.0034335232101021, 0.0003782991818217, 0.0019836949477740, 0.0073877560003020, 0.9999633217153754 *   0
0.7607332196835117, 0.9986779596650405, 0.6209693474792732, 0.6348049708804139, 0.6374387390154594, 0.2597814413065936, 0.9852501670761268, 0.7489049149439228, 0.4132437139811198, 0.5, 0.5, 0.5, 0.5, 0.5, 0.5, 0.5, 0.5, 0.5, 0.5 * 0.0000008143115748, 0.0000006179154671, 0.0000024558873147, 0.0001147938403794, 0.0000496422709701, 0.0001953781422204, 0.0003590553502812, 0.0006310882126997, 0.3670526576628847, 0.9301998524445491 *   0
0.9829875030475610, 0.7329802977540438, 0.9459611335517658, 0.5952367478028111, 0.9708986333435861, 0.3445001148360316, 0.7784809180435170, 0.0627445844294245, 0.6330956284110880, 0.5, 0.5, 0.5, 0.5, 0.5, 0.5, 0.5, 0.5, 0.5, 0.5 * 0.0000039678259693, 0.0000061049245495, 0.0000007199457895, 0.0000201713792333, 0.0000128954129023, 0.0005472639048687, 0.0007422883885102, 0.0108423538446407, 0.0244038923757862, 0.9996429574020301 *   0
0.9785968195547335, 0.1675683945266383, 0.5787424112571136, 0.5826202675619258, 0.9975871015328854, 0.8815865078389582, 0.1153966850207172, 0.5985690367401434, 0.6517946420478610, 0.5, 0.5, 0.5, 0.5, 0.5, 0.5, 0.5, 0.5, 0.5, 0.5 * 0.0000025704622641, 0.0000042212782297, 0.0000067704560729, 0.0000015363060382, 0.0000452871542513, 0.0121582328892020, 0.0158083373639489, 0.0256059168620561, 0.0087458472163860, 0.9994348997795547 *   0
0.9806637479833624, 0.1828934192577812, 0.7387117360433153, 0.9980739639131697, 0.4668009306615223, 0.0608611516937898, 0.2569843014967555, 0.5040767218470931, 0.8553240563978087, 0.5, 0.5, 0.5, 0.5, 0.5, 0.5, 0.5, 0.5, 0.5, 0.5 * 0.0000037851599581, 0.0000163681712776, 0.0000170166886730, 0.0000102136903409, 0.0000024934552015, 0.0000235301606479, 0.0116205496861266, 0.0267052324202247, 0.0086050377451669, 0.9995387663696496 *   0
0.9448679447848666, 0.9920924841389490, 0.4464151870675456, 0.2993578367397924, 0.6713401920494345, 0.0681487885621138, 0.4030730358339255, 0.9917097198738296, 0.1695297770991595, 0.5, 0.5, 0.5, 0.5, 0.5, 0.5, 0.5, 0.5, 0.5, 0.5 * 0.0000036373308229, 0.0000009921740073, 0.0002895032583665, 0.0002124971145370, 0.0000385926733647, 0.0006363730484482, 0.0003719101970728, 0.0006930978316282, 0.0864863500005691, 0.9962524565191064 *   0
0.9508773595797259, 0.8692815303193785, 0.9934814027480229, 0.3352553496767093, 0.9561282587033363, 0.6494582060954804, 0.1468781126415721, 0.7840128172114551, 0.7231423709183663, 0.5, 0.5, 0.5, 0.5, 0.5, 0.5, 0.5, 0.5, 0.5, 0.5 * 0.0000006841924583, 0.0000014728094913, 0.0000046015598981, 0.0000011462373893, 0.0000081641085681, 0.0001387959148763, 0.0000808855437007, 0.0157162368450773, 0.0754658150314379, 0.9970245156276324 *   0
0.8944107619553855, 0.9889776050061815, 0.8864602231823189, 0.8500202809693386, 0.1200634404644666, 0.8745826281954453, 0.0942309317617821, 0.7952108903765729, 0.6846371622218923, 0.5, 0.5, 0.5, 0.5, 0.5, 0.5, 0.5, 0.5, 0.5, 0.5 * 0.0000033826940721, 0.0000062606909919, 0.0000213531789880, 0.0000033560832101, 0.0001140141810619, 0.0000221903682354, 0.0004930814138793, 0.0028130452902736, 0.1650750427892796, 0.9862768677635735 *   0
0.9957454507219351, 0.9130507837576097, 0.5117031715399135, 0.5448394890617763, 0.4045166226124934, 0.5009291225582962, 0.7350116710807251, 0.6162481012829804, 0.1169372140974445, 0.5, 0.5, 0.5, 0.5, 0.5, 0.5, 0.5, 0.5, 0.5, 0.5 * 0.0000530212764282, 0.0000098502212951, 0.0000783560321283, 0.0002151694764213, 0.0002359446971724, 0.0002457073654037, 0.0004768384994993, 0.0006551314634740, 0.0066207454309912, 0.9999776686355978 *   0
0.9895178195971613, 0.8087038960348367, 0.7939421761752768, 0.8160986773744685, 0.7694036000265757, 0.3208319429870843, 0.7277188760823192, 0.7170601569661219, 0.1870667567416405, 0.5, 0.5, 0.5, 0.5, 0.5, 0.5, 0.5, 0.5, 0.5, 0.5 * 0.0000233860782953, 0.0000070767132942, 0.0000513071697994, 0.0001246669545688, 0.0000755542537252, 0.0004128889622954, 0.0014857428891616, 0.0046202374338290, 0.0157268859889680, 0.9998644488500470 *   0
0.9223512527171296, 0.9761850144603220, 0.2107058284854078, 0.9061852087761206, 0.0132866543779553, 0.7796974372024170, 0.8294212184052082, 0.8271023392803513, 0.7761072026454412, 0.5, 0.5, 0.5, 0.5, 0.5, 0.5, 0.5, 0.5, 0.5, 0.5 * 0.0000052424479396, 0.0000142867463607, 0.0000546499241339, 0.0002066289756190, 0.0005942851397184, 0.0000131866118561, 0.0042567513714316, 0.0014787134237321, 0.1215830500228929, 0.9925708318095222 *   0
0.2950437065656500, 0.9994650133882952, 0.2439651602152573, 0.7081516886633595, 0.5237791899236753, 0.0494894227243445, 0.0957584470025070, 0.9250964112231026, 0.9580964180445748, 0.5, 0.5, 0.5, 0.5, 0.5, 0.5, 0.5, 0.5, 0.5, 0.5 * 0.0000015972701643, 0.0000242314565631, 0.0002054413920350, 0.0000313538372719, 0.0000162982500521, 0.0002261622947952, 0.0006251976986212, 0.0002810704165768, 0.8945136349579407, 0.4470400337862713 *   0
0.9722188096364116, 0.2361711423081211, 0.9956729542443868, 0.6091391693843246, 0.0473397323150838, 0.3144677082609700, 0.3791247845530160, 0.2777875760932395, 0.9283061688432033, 0.5, 0.5, 0.5, 0.5, 0.5, 0.5, 0.5, 0.5, 0.5, 0.5 * 0.0000117860263453, 0.0001042135801365, 0.0000489073482453, 0.0000784114402077, 0.0000752727047223, 0.0000118275853533, 0.0002258728424199, 0.0406561732627258, 0.0158151000845523, 0.9990479877467702 *   0
0.8037502285110533, 0.9917570520154001, 0.9922836734877357, 0.6668250345004839, 0.3674627455731215, 0.1036570687329662, 0.6693117286401390, 0.1701527364413034, 0.3068587753488025, 0.5, 0.5, 0.5, 0.5, 0.5, 0.5, 0.5, 0.5, 0.5, 0.5 * 0.0000083477878852, 0.0000043673260825, 0.0000025797796156, 0.0000170822366098, 0.0000032326447904, 0.0000129857042586, 0.0000412412468222, 0.0039281408873284, 0.3033837053530166, 0.9528603752745243 *   0
0.9992596036751101, 0.0226796320745161, 0.0036288280988246, 0.6354573558249778, 0.1638090238737916, 0.2169893766832489, 0.4039203628915923, 0.6109319686009231, 0.7265723434866277, 0.5, 0.5, 0.5, 0.5, 0.5, 0.5, 0.5, 0.5, 0.5, 0.5 * 0.0001104575143280, 0.0002411657254669, 0.0003786007914051, 0.0003402331831400, 0.0002035863054941, 0.0001602600989379, 0.0009768553946276, 0.0000066250979635, 0.0000414236198560, 0.9999993237018208 *   0
0.9860687754052080, 0.7555879656018634, 0.3581260639979160, 0.9612035467108728, 0.4780742784394297, 0.7201311731339112, 0.1816003817047926, 0.7276481961494536, 0.6167802170928476, 0.5, 0.5, 0.5, 0.5, 0.5, 0.5, 0.5, 0.5, 0.5, 0.5 * 0.0000296150657279, 0.0000431066574280, 0.0001146988691408, 0.0000369676482103, 0.0002793215736281, 0.0002881099028986, 0.0069200311163317, 0.0043711796130025, 0.0202884701916918, 0.9997605741625789 *   0
0.8621923140539752, 0.1251091319718906, 0.1411867566132856, 0.9981318148775640, 0.9288593604829439, 0.1329438081630244, 0.9904154878996385, 0.5956843945177664, 0.5004065542018071, 0.5, 0.5, 0.5, 0.5, 0.5, 0.5, 0.5, 0.5, 0.5, 0.5 * 0.0000004151861508, 0.0000004157167770, 0.0000007972538442, 0.0000657764686358, 0.0000139407407297, 0.0005992503623811, 0.2054870984089957, 0.0463343746087928, 0.0419378461468203, 0.9766621890678290 *   0
0.9918408985211704, 0.2434855784492034, 0.9704164401490318, 0.0369787379340170, 0.5046557982008233, 0.6660869953530314, 0.0301580857625967, 0.8111011324502068, 0.0894493419162228, 0.5, 0.5, 0.5, 0.5, 0.5, 0.5, 0.5, 0.5, 0.5, 0.5 * 0.0000560492175785, 0.0000079275280309, 0.0001851430071958, 0.0000091782898556, 0.0003350027969795, 0.0003927343059095, 0.0000320642882522, 0.0118771108488336, 0.0047830310368501, 0.9999178725226502 *   0
0.9577761878994182, 0.8667037803058996, 0.5127804435383437, 0.9643517825586497, 0.2361741420981354, 0.8325518080184943, 0.4396612394785794, 0.8255964544720932, 0.7985904728055887, 0.5, 0.5, 0.5, 0.5, 0.5, 0.5, 0.5, 0.5, 0.5, 0.5 * 0.0000083975632929, 0.0000256516526389, 0.0000960480356528, 0.0000824462895243, 0.0004806641037104, 0.0001936344339415, 0.0095285390232743, 0.0099345814249334, 0.0648288973128646, 0.9978013027781506 *   0
0.9587139035382839, 0.7739320135553982, 0.7269344095731780, 0.5286266573372421, 0.7106501495980891, 0.7134483571692595, 0.9832566510807986, 0.9804211310019815, 0.5797109802159066, 0.5, 0.5, 0.5, 0.5, 0.5, 0.5, 0.5, 0.5, 0.5, 0.5 * 0.0000005988158176, 0.0000007712654354, 0.0000317395048447, 0.0012070998851315, 0.0024990220842528, 0.0056801057828980, 0.0069176732086206, 0.0204914301707976, 0.0607632749224375, 0.9978978428156209 *   0
0.9877887605632603, 0.7035067284961728, 0.4301410929440246, 0.5832077393230087, 0.4985692922484918, 0.6478587634153007, 0.9686020370426597, 0.0549525721254538, 0.4474205772613271, 0.5, 0.5, 0.5, 0.5, 0.5, 0.5, 0.5, 0.5, 0.5, 0.5 * 0.0000571050487165, 0.0000483735441225, 0.0000064762064455, 0.0015218735092842, 0.0024678253082496, 0.0028873212995302, 0.0053312672645525, 0.0053869286004809, 0.0171373830573858, 0.9998160431617443 *   0
0.6772212077291782, 0.0553875961598882, 0.9994177948680789, 0.7273095938038592, 0.5043668376767854, 0.9350930750067780, 0.1255995184767989, 0.3027817692154934, 0.8706586411551845, 0.5, 0.5, 0.5, 0.5, 0.5, 0.5, 0.5, 0.5, 0.5, 0.5 * 0.0000023101645656, 0.0000112137751931, 0.0000058968485522, 0.0000025743238646, 0.0001283680677406, 0.0001308206655272, 0.0004024229941102, 0.4837372686577533, 0.0421929464664592, 0.8741955241654215 *   0
0.6243160309383254, 0.9862470873567495, 0.7295860348872776, 0.3831923228610271, 0.9427514993319062, 0.2176611014724062, 0.9930824050647591, 0.3719002787824256, 0.5986317063675409, 0.5, 0.5, 0.5, 0.5, 0.5, 0.5, 0.5, 0.5, 0.5, 0.5 * 0.0000018459081119, 0.0000025292249684, 0.0000020702135563, 0.0003454343755888, 0.0001229395739773, 0.0040665732612362, 0.0028048857677192, 0.0109521709345909, 0.5563333802269582, 0.8308722411668779 *   0
0.9626806368877555, 0.4700197598291653, 0.9703519516486451, 0.2430298338844580, 0.2024368025373839, 0.9768355316374616, 0.3868907179622402, 0.5862670790340132, 0.0462717549159526, 0.5, 0.5, 0.5, 0.5, 0.5, 0.5, 0.5, 0.5, 0.5, 0.5 * 0.0000320497623203, 0.0000023335998177, 0.0000422806480579, 0.0000369376114579, 0.0017770385039801, 0.0005853117562288, 0.0007515301907892, 0.0432849675946953, 0.0394314990336935, 0.9982822742222184 *   0
0.9191688689958160, 0.9336054315481360, 0.8584441886555609, 0.0495311580829002, 0.8835154156589486, 0.8924012644646695, 0.6694329491208461, 0.3715069784650146, 0.2017234220177510, 0.5, 0.5, 0.5, 0.5, 0.5, 0.5, 0.5, 0.5, 0.5, 0.5 * 0.0000349059382776, 0.0000114461906761, 0.0000242548739363, 0.0000770153671407, 0.0005198433047569, 0.0028499164544378, 0.0002259534183314, 0.0128578997790671, 0.1259403317262454, 0.9919502286269424 *   0
0.9656652468096769, 0.7181418206161548, 0.8232892471474079, 0.2508546673929573, 0.7373827634087683, 0.9185888073028013, 0.6651811248926358, 0.8991727572396271, 0.0902019269253136, 0.5, 0.5, 0.5, 0.5, 0.5, 0.5, 0.5, 0.5, 0.5, 0.5 * 0.0000234195303795, 0.0000033406719107, 0.0001481159381461, 0.0002584014817665, 0.0023236492744767, 0.0053533534320475, 0.0024296713553512, 0.0222106447046898, 0.0487090947114347, 0.9985459734249039 *   0
0.8962121209577714, 0.7418456430276137, 0.9363200082147122, 0.9015172742779913, 0.9932707748344498, 0.8493142322866778, 0.1724627028091171, 0.5513720645342823, 0.9365326207766927, 0.5, 0.5, 0.5, 0.5, 0.5, 0.5, 0.5, 0.5, 0.5, 0.5 * 0.0000001516997398, 0.0000015166041356, 0.0000017923843271, 0.0000006534508080, 0.0000101230789189, 0.0009851278006808, 0.0063176136784371, 0.0637082578672606, 0.1491455318740162, 0.9867400799469546 *   0
0.7470602634116357, 0.9809679002412446, 0.8820873083929006, 0.5490230533988323, 0.8939554495243148, 0.7518563492930757, 0.4576071428403292, 0.6689401905373392, 0.8843007594739556, 0.5, 0.5, 0.5, 0.5, 0.5, 0.5, 0.5, 0.5, 0.5, 0.5 * 0.0000059015517808, 0.0000321142027131, 0.0000570241867844, 0.0000574943465972, 0.0002125423540275, 0.0013666475070581, 0.0016175647069235, 0.0113684034457261, 0.3867726587482129, 0.9221025608950361 *   0
0.9367952202152439, 0.0634289211888932, 0.9838446732535235, 0.2393960618597437, 0.8958899760134006, 0.6665523423191869, 0.6634055327919337, 0.3734014678622603, 0.5952714023158286, 0.5, 0.5, 0.5, 0.5, 0.5, 0.5, 0.5, 0.5, 0.5, 0.5 * 0.0000472830217581, 0.0000640732353432, 0.0000529188596665, 0.0001636612773071, 0.0003281616952310, 0.0022966454162806, 0.0009190490259402, 0.0985954942206934, 0.0098592647714080, 0.9950756054540193 *   0
0.9167304783671770, 0.9306349339571944, 0.8124189706577076, 0.4202213815507578, 0.0536214723501454, 0.1247935179270774, 0.9755847519149933, 0.8300231256662044, 0.6746996662927325, 0.5, 0.5, 0.5, 0.5, 0.5, 0.5, 0.5, 0.5, 0.5, 0.5 * 0.0000157318135916, 0.0000280601151134, 0.0001176077226021, 0.0031776746048682, 0.0006314717539803, 0.0002737248913973, 0.0025255934969272, 0.0135717545274993, 0.1296533704841050, 0.9914579397102138 *   0
0.8595825679877692, 0.8167274341996421, 0.9979552552094475, 0.9750973926741152, 0.5849374372441961, 0.3180935989683930, 0.6207794144846404, 0.2825654667255308, 0.3301609402197231, 0.5, 0.5, 0.5, 0.5, 0.5, 0.5, 0.5, 0.5, 0.5, 0.5 * 0.0000018286963864, 0.0000010436828015, 0.0000010011873738, 0.0000034397138750, 0.0000022682767253, 0.0000062020025596, 0.0001993615958539, 0.0621174143279616, 0.2097794878199004, 0.9757735154846668 *   0
0.9788714689104220, 0.2062375406763691, 0.9133278093828483, 0.3063649094227538, 0.1511054854612357, 0.9054202930561361, 0.7527800964902994, 0.4504633222010281, 0.5767604846399094, 0.5, 0.5, 0.5, 0.5, 0.5, 0.5, 0.5, 0.5, 0.5, 0.5 * 0.0000966526617942, 0.0001233031268424, 0.0001340058917362, 0.0005039335155641, 0.0036378732417233, 0.0008898624695140, 0.0019762044493846, 0.0311654001774049, 0.0105626743039245, 0.9994493083345463 *   0
0.9336441713076290, 0.1301426427113556, 0.5667491422811286, 0.8244624374548264, 0.6072328121435050, 0.8591932467460601, 0.9419049103473802, 0.4706275530488359, 0.9685411741810577, 0.5, 0.5, 0.5, 0.5, 0.5, 0.5, 0.5, 0.5, 0.5, 0.5 * 0.0000073681421240, 0.0001489847814683, 0.0001360004377417, 0.0022058702076278, 0.0098510733499253, 0.0142347104063507, 0.0616812139133772, 0.0791811491947191, 0.0211213979034790, 0.9945728142153464 *   0
0.9814069052140261, 0.3849740775232083, 0.0567971901301281, 0.9139282954455951, 0.3397554817328954, 0.9006048338024899, 0.3686470330546829, 0.2802416269109778, 0.1275098869239492, 0.5, 0.5, 0.5, 0.5, 0.5, 0.5, 0.5, 0.5, 0.5, 0.5 * 0.0003203889891737, 0.0000650434876551, 0.0001539906727007, 0.0002362820460187, 0.0027429284959326, 0.0016406983166009, 0.0237093671866531, 0.0021404376031897, 0.0166020587198667, 0.9995735361197521 *   0
0.8533758664752245, 0.9592209313806244, 0.5600085410103242, 0.8374188858258625, 0.2889115956094636, 0.6950515772658641, 0.3301395454118678, 0.9485451713896101, 0.9325213902315690, 0.5, 0.5, 0.5, 0.5, 0.5, 0.5, 0.5, 0.5, 0.5, 0.5 * 0.0000072311576482, 0.0000679659075343, 0.0008438051751912, 0.0004831203195046, 0.0018767924904977, 0.0010315566057844, 0.0090124207466367, 0.0112596273146265, 0.2278176418159613, 0.9735941570281127 *   0
0.8876646789199043, 0.8080537639595818, 0.3445486944841913, 0.6448891636193214, 0.9372754022186973, 0.9711372000030881, 0.9077396904620061, 0.3180683498820608, 0.7958406935426596, 0.5, 0.5, 0.5, 0.5, 0.5, 0.5, 0.5, 0.5, 0.5, 0.5 * 0.0000042130953972, 0.0000126839969947, 0.0000072949691054, 0.0001043311171061, 0.0023239912478309, 0.0235350270355548, 0.0379063711468675, 0.0268557397414720, 0.1676228773280308, 0.9844720096152909 *   0
0.9607986640002573, 0.5398627405706153, 0.0337337926187244, 0.9322540871483526, 0.3224429629381946, 0.8909563458948193, 0.2908557747913784, 0.7928984583322417, 0.5044442212695461, 0.5, 0.5, 0.5, 0.5, 0.5, 0.5, 0.5, 0.5, 0.5, 0.5 * 0.0001296023986184, 0.0001314246492831, 0.0005472270526245, 0.0002838862686805, 0.0037201915073231, 0.0020944719017693, 0.0404189561457122, 0.0021559592447244, 0.0461518652665081, 0.9981047161499483 *   0
0.9482631450278047, 0.9679186781718948, 0.5944597658675442, 0.4478976872972668, 0.1819892554460043, 0.8745201415729337, 0.4549800527538080, 0.1411402342566942, 0.0520840268824641, 0.5, 0.5, 0.5, 0.5, 0.5, 0.5, 0.5, 0.5, 0.5, 0.5 * 0.0002558936430921, 0.0000209823640764, 0.0000578740038267, 0.0002283738854893, 0.0017449623401201, 0.0005230029588039, 0.0015734868122669, 0.0032871271671890, 0.0810755816737758, 0.9966995681442757 *   0
0.9777861232765885, 0.7378735326872550, 0.0501214289339825, 0.0180305908518054, 0.6956497201210119, 0.9168252092398821, 0.5308110343901492, 0.6600015022140003, 0.1529993508723561, 0.5, 0.5, 0.5, 0.5, 0.5, 0.5, 0.5, 0.5, 0.5, 0.5 * 0.0002770910153422, 0.0000679059638710, 0.0004824024331938, 0.0006175036385951, 0.0063464227615920, 0.0123532065972039, 0.0003941574391877, 0.0010980949688798, 0.0319706930977304, 0.9993912844334791 *   0
0.7396859460229455, 0.9743719645656514, 0.6187266612512650, 0.3602330565267396, 0.3746984910102089, 0.9645354477523526, 0.9735650494571613, 0.3890482026101315, 0.0642923000568023, 0.5, 0.5, 0.5, 0.5, 0.5, 0.5, 0.5, 0.5, 0.5, 0.5 * 0.0000119280173737, 0.0000012087238277, 0.0000083993329628, 0.0003523304960907, 0.0063235479864057, 0.0042274870118314, 0.0048363301289449, 0.0132166415012834, 0.3972784560571420, 0.9175585950741928 *   0
0.8800041675008853, 0.9931539753420064, 0.4821768354075853, 0.3245761102645547, 0.1709292983500889, 0.8311488995473594, 0.1632813295178494, 0.6820732432799755, 0.1364296312147889, 0.5, 0.5, 0.5, 0.5, 0.5, 0.5, 0.5, 0.5, 0.5, 0.5 * 0.0001461903226288, 0.0000318176303558, 0.0002742564503931, 0.0000819321903791, 0.0011890278790687, 0.0003390017264041, 0.0007145398575905, 0.0013843332602384, 0.1873640501138424, 0.9822884773610194 *   0
0.9763938332797931, 0.4004163646141143, 0.7523737231979024, 0.0164442458266598, 0.2267877968152928, 0.8917177440094378, 0.1432804810550439, 0.6504824546400841, 0.9421574324100080, 0.5, 0.5, 0.5, 0.5, 0.5, 0.5, 0.5, 0.5, 0.5, 0.5 * 0.0000832158378737, 0.0009133582596659, 0.0014991876564854, 0.0004023615246643, 0.0104975615031749, 0.0039634762972346, 0.0002936243173223, 0.0277382791865753, 0.0218099757256508, 0.9993125977705328 *   0
0.3628191274417653, 0.9929053960335000, 0.9363882187457701, 0.8693355703117958, 0.2108774516782153, 0.8092518215110767, 0.5204087027909274, 0.0886043678450418, 0.0853086258681997, 0.5, 0.5, 0.5, 0.5, 0.5, 0.5, 0.5, 0.5, 0.5, 0.5 * 0.0000357474201900, 0.0000048191225324, 0.0000050529808227, 0.0000388364844741, 0.0001723508432113, 0.0000620384159752, 0.0009163167976181, 0.0093358112598493, 0.8418945850927037, 0.5395604453578355 *   0
0.9706890610841518, 0.9672154295105559, 0.0686536017193709, 0.6493489875687980, 0.0579641768978742, 0.4097985818096430, 0.3202338858136134, 0.6042749558595358, 0.3319684110265078, 0.5, 0.5, 0.5, 0.5, 0.5, 0.5, 0.5, 0.5, 0.5, 0.5 * 0.0004344131732986, 0.0002495682448523, 0.0006993933017510, 0.0004733764746678, 0.0007367868790956, 0.0001120860660979, 0.0020070427498335, 0.0002549967538065, 0.0459642335482517, 0.9989402766616206 *   0
0.8568740155812697, 0.7914416542236887, 0.8791520329560861, 0.9513627905172123, 0.4714893854556090, 0.6935071086946443, 0.9701644806052393, 0.8935605380188490, 0.9313225405902241, 0.5, 0.5, 0.5, 0.5, 0.5, 0.5, 0.5, 0.5, 0.5, 0.5 * 0.0000002963752375, 0.0000027366451860, 0.0000163100236909, 0.0003526806513883, 0.0006758066373367, 0.0006970688467903, 0.0134959634144997, 0.0704453798113128, 0.2110762751655014, 0.9748338557006460 *   0
0.9882172038723794, 0.0173975075676094, 0.7393151408710121, 0.6213128322834675, 0.0744107589472135, 0.8621524106069246, 0.0165435504245309, 0.6527678652912229, 0.2856129846934289, 0.5, 0.5, 0.5, 0.5, 0.5, 0.5, 0.5, 0.5, 0.5, 0.5 * 0.0004115506573340, 0.0001981116823935, 0.0007526772015033, 0.0000228843135319, 0.0040036537398216, 0.0004813465085736, 0.0061005176392875, 0.0169709190706831, 0.0005057038944571, 0.9998287249561431 *   0
0.9272509631362049, 0.7272594881836602, 0.5462723670277150, 0.7867767083397027, 0.3563257429545399, 0.8587923421798238, 0.7558061670306168, 0.9895815416190687, 0.3950865698955425, 0.5, 0.5, 0.5, 0.5, 0.5, 0.5, 0.5, 0.5, 0.5, 0.5 * 0.0000094567954693, 0.0000067598687059, 0.0007102457489331, 0.0017601499672366, 0.0084164985896980, 0.0054058169684112, 0.0292535764437016, 0.0358396849656528, 0.1037201434012097, 0.9934778377407236 *   0
0.8519963188339008, 0.3551762464247533, 0.2384388867013338, 0.9798531765024425, 0.9610762647171860, 0.4614457224781838, 0.2248830447089314, 0.9289070288319639, 0.8959159519970026, 0.5, 0.5, 0.5, 0.5, 0.5, 0.5, 0.5, 0.5, 0.5, 0.5 * 0.0000044808208886, 0.0000271618639272, 0.0002454895109132, 0.0000910819686797, 0.0002331815044825, 0.0057450740048629, 0.1818178047834785, 0.0715073217920887, 0.1219743411314152, 0.9730971787707494 *   0
0.8273896369279314, 0.2454504767644454, 0.7241308129039271, 0.9969409685567677, 0.1050330442865533, 0.5408582466379079, 0.9948962233005539, 0.0801304364950072, 0.1257956834164428, 0.5, 0.5, 0.5, 0.5, 0.5, 0.5, 0.5, 0.5, 0.5, 0.5 * 0.0000025433979118, 0.0000005092187821, 0.0000003282223053, 0.0003261198345688, 0.0003709291039273, 0.0000822358988440, 0.1042030687263217, 0.2252272338542213, 0.1007216201382201, 0.9634673414926942 *   0
0.9282403322533892, 0.4372269927697382, 0.2887401214282681, 0.6681497817245078, 0.7787094725196759, 0.9743172214246901, 0.2935219762351001, 0.9403375736159914, 0.3950619527115775, 0.5, 0.5, 0.5, 0.5, 0.5, 0.5, 0.5, 0.5, 0.5, 0.5 * 0.0000364721097828, 0.0000260687167219, 0.0004769586999236, 0.0002379848823805, 0.0132522256195101, 0.0366064426443601, 0.0678018045529428, 0.0381111626530213, 0.0713200721081004, 0.9936538444709763 *   0
0.9592848811109014, 0.5345398665100988, 0.7883729821948209, 0.6909994379109701, 0.6517059098238619, 0.4261135325888700, 0.4139774890681624, 0.9576798393194004, 0.4191638149410318, 0.5, 0.5, 0.5, 0.5, 0.5, 0.5, 0.5, 0.5, 0.5, 0.5 * 0.0001108466933170, 0.0000857485504476, 0.0021050430922637, 0.0016047187849000, 0.0020971355228127, 0.0055488701124885, 0.0123178418464684, 0.0403388234363302, 0.0475765159503119, 0.9979555658046700 *   0
0.9547814046753483, 0.8438076436723618, 0.4547187380747491, 0.9404861456437438, 0.2269050535871205, 0.0627478687384854, 0.3492280525850263, 0.4034776731410425, 0.4556875710634922, 0.5, 0.5, 0.5, 0.5, 0.5, 0.5, 0.5, 0.5, 0.5, 0.5 * 0.0005882698908399, 0.0005115894245030, 0.0005729495762230, 0.0005912722982403, 0.0001121221413403, 0.0004242245286146, 0.0129676267626174, 0.0112919999967505, 0.0688441873821048, 0.9974784865142405 *   0
0.8900565322907905, 0.0952881635610425, 0.9682467337549882, 0.4735395766205804, 0.2428115216283181, 0.2405306195097652, 0.4352750030510477, 0.0609047315367054, 0.9852469824185813, 0.5, 0.5, 0.5, 0.5, 0.5, 0.5, 0.5, 0.5, 0.5, 0.5 * 0.0000961670755171, 0.0041490428378753, 0.0003982568535042, 0.0033972762070305, 0.0021345252019180, 0.0023205296703854, 0.0057363475345159, 0.1697089568981511, 0.0256250284681646, 0.9851245896976669 *   0
0.9309318051351848, 0.4698644436289857, 0.6722983413712580, 0.2653559661774691, 0.9536437960125710, 0.8301354450314005, 0.6711934901174128, 0.7464271256450690, 0.4328018633801499, 0.5, 0.5, 0.5, 0.5, 0.5, 0.5, 0.5, 0.5, 0.5, 0.5 * 0.0001030316673057, 0.0000832910775246, 0.0003148435507006, 0.0006014771739339, 0.0025305585342124, 0.0359638991032327, 0.0159658272035874, 0.0697222042405160, 0.0728563076959732, 0.9941205061797467 *   0
0.8218789667924302, 0.8310322332340443, 0.7059634652482175, 0.9789973101480851, 0.4301455130009658, 0.6881789372713207, 0.9320733244214549, 0.3466779181485427, 0.4990559492721483, 0.5, 0.5, 0.5, 0.5, 0.5, 0.5, 0.5, 0.5, 0.5, 0.5 * 0.0000252136365820, 0.0000251389680751, 0.0000215638373154, 0.0003886406643116, 0.0007331337541272, 0.0006659229670600, 0.0322625817967461, 0.0648479803158214, 0.2664857484866151, 0.9611129368630598 *   0
0.8270240886262730, 0.1893177531609860, 0.9828797876755148, 0.6352923110291792, 0.2269344782582179, 0.7069141733026664, 0.2791710520531848, 0.9883813168799418, 0.0060685914969391, 0.5, 0.5, 0.5, 0.5, 0.5, 0.5, 0.5, 0.5, 0.5, 0.5 * 0.0000257279939916, 0.0000002452600779, 0.0014096154497222, 0.0006611842622351, 0.0031400046251134, 0.0013051470741732, 0.0057981353616768, 0.2565064377417495, 0.0786393105397626, 0.9633133965542735 *   0
0.9815306016157990, 0.7274800961499476, 0.2272616020530749, 0.4983820866320199, 0.0903317183676789, 0.1803498231714358, 0.7659296145504013, 0.5071866645045516, 0.6391929600570319, 0.5, 0.5, 0.5, 0.5, 0.5, 0.5, 0.5, 0.5, 0.5, 0.5 * 0.0010256308940138, 0.0016116161830299, 0.0019539187294956, 0.0070940689094065, 0.0022131623804596, 0.0011310736595108, 0.0079575904100481, 0.0042079087151221, 0.0263901589808991, 0.9995791912175760 *   0
0.8209288850524131, 0.8535363585006149, 0.5684702040480777, 0.9904586621515726, 0.4964406180644597, 0.1079383492972415, 0.7872885692805465, 0.4968227276098089, 0.1500339150196099, 0.5, 0.5, 0.5, 0.5, 0.5, 0.5, 0.5, 0.5, 0.5, 0.5 * 0.0000944866464832, 0.0000226895606763, 0.0000962076058890, 0.0003939088698592, 0.0000713819607317, 0.0004183301391377, 0.0396930322930522, 0.0493072808984135, 0.2702756334870852, 0.9606997362458309 *   0
0.8266814923038154, 0.3137654090829964, 0.8741075489083806, 0.9349335115099947, 0.2951723138313612, 0.2590816264315888, 0.9917307016401229, 0.2091006088112949, 0.5988371081644842, 0.5, 0.5, 0.5, 0.5, 0.5, 0.5, 0.5, 0.5, 0.5, 0.5 * 0.0000282569445641, 0.0000387433233635, 0.0000163423655377, 0.0038999931109133, 0.0016811441170277, 0.0021236453268286, 0.0462984964384233, 0.2322770364997974, 0.1272284773783137, 0.9631688291564229 *   0
0.9358381326011560, 0.7113267605711365, 0.4740443748766763, 0.5488012482173746, 0.3507626132810314, 0.8718980717807534, 0.4964869327361169, 0.9433777741824173, 0.0814291588409940, 0.5, 0.5, 0.5, 0.5, 0.5, 0.5, 0.5, 0.5, 0.5, 0.5 * 0.0002250182036787, 0.0000289397652552, 0.0025440516546892, 0.0025261127624100, 0.0176110173215366, 0.0110439176840536, 0.0246057092731228, 0.0298701635341053, 0.0904468185835764, 0.9949254667790941 *   0
0.8426198725787084, 0.7900602383492795, 0.9899965492030589, 0.5191904285546347, 0.7782774422216590, 0.0073940567706684, 0.2585055689599857, 0.3995902740394651, 0.0818048157178819, 0.5, 0.5, 0.5, 0.5, 0.5, 0.5, 0.5, 0.5, 0.5, 0.5 * 0.0002147880831867, 0.0000277529099944, 0.0001571371019262, 0.0001150449221514, 0.0000033829913072, 0.0008022388653983, 0.0009065521889665, 0.0792314851007938, 0.2315162851380449, 0.9695983865588584 *   0
0.9284008321950216, 0.5012505708733809, 0.1529963422347775, 0.7174196176777685, 0.2731552623552993, 0.5118319673984461, 0.9678747677094651, 0.7885154880529808, 0.3829366841274019, 0.5, 0.5, 0.5, 0.5, 0.5, 0.5, 0.5, 0.5, 0.5, 0.5 * 0.0002826960351685, 0.0001940323794338, 0.0009938971028442, 0.0208172878029800, 0.0216333764473167, 0.0137437276626720, 0.0694721378622916, 0.0188518676934033, 0.0795148701862905, 0.9936821708521583 *   0
0.7328515191249789, 0.0903086094606242, 0.9817078164693470, 0.3731745478572205, 0.0891165733752384, 0.9744673743725136, 0.1939699520328874, 0.1214086288220289, 0.6450504374900137, 0.5, 0.5, 0.5, 0.5, 0.5, 0.5, 0.5, 0.5, 0.5, 0.5 * 0.0001899418617550, 0.0003046153584501, 0.0000693031350710, 0.0001149771623146, 0.0095510130837731, 0.0013468739792908, 0.0064100506329664, 0.4031689244337433, 0.0576026255181547, 0.9132373647325729 *   0
0.8863202304981277, 0.7641998588872142, 0.5620820781039456, 0.7083967033347099, 0.8347494736475635, 0.8888346263621164, 0.0069322939994430, 0.1081356467251366, 0.7839338317438652, 0.5, 0.5, 0.5, 0.5, 0.5, 0.5, 0.5, 0.5, 0.5, 0.5 * 0.0002641037410067, 0.0007480476407645, 0.0001360603975456, 0.0000087649085612, 0.0045627212765108, 0.0174464002759435, 0.0366132538517502, 0.0496742910912794, 0.1655749382215224, 0.9840990961567617 *   0
0.9368269559633112, 0.3291677005259170, 0.9094945764678971, 0.6141269750027577, 0.4984586818602209, 0.7793801342041139, 0.3466013727460994, 0.4688925270311965, 0.2523294404392734, 0.5, 0.5, 0.5, 0.5, 0.5, 0.5, 0.5, 0.5, 0.5, 0.5 * 0.0009782955729154, 0.0004094235096654, 0.0009616263725110, 0.0008667936907251, 0.0046342817544951, 0.0049034005305830, 0.0100282716134217, 0.0852499256440198, 0.0489721512870717, 0.9950805453298183 *   0
0.7076692267822424, 0.7666268794641955, 0.4717802975661030, 0.9638483268040458, 0.6948672112519234, 0.9090072908015024, 0.2525884477666525, 0.3630169925107700, 0.6877167628555171, 0.5, 0.5, 0.5, 0.5, 0.5, 0.5, 0.5, 0.5, 0.5, 0.5 * 0.0001598197710680, 0.0002992468023275, 0.0002175570720295, 0.0001688578191758, 0.0030363004082226, 0.0059023355634761, 0.1170117561751889, 0.1072450585398005, 0.4137753657995333, 0.8964108686159109 *   0
0.8990645752749706, 0.4747954595250988, 0.8786953081743304, 0.8906897054476149, 0.1824646858416799, 0.6453221871728646, 0.3624700025480567, 0.1463130121800643, 0.3401893984247881, 0.5, 0.5, 0.5, 0.5, 0.5, 0.5, 0.5, 0.5, 0.5, 0.5 * 0.0013433612694401, 0.0007950011748995, 0.0003652089002061, 0.0010261234029841, 0.0030554519146280, 0.0010609760555878, 0.0216416701037571, 0.1138743713068993, 0.1071355849331136, 0.9874574156417469 *   0
0.2815328223079130, 0.5006871905646693, 0.9089999361471273, 0.0740729011940178, 0.9168691243589246, 0.9895214759695909, 0.5029486680882744, 0.7120529053323217, 0.5806081493294836, 0.5, 0.5, 0.5, 0.5, 0.5, 0.5, 0.5, 0.5, 0.5, 0.5 * 0.0000364515581218, 0.0000470858750343, 0.0001225483902423, 0.0001375174477912, 0.0117601085512300, 0.0895590738288101, 0.0105576718034957, 0.6318814612208213, 0.6397720620657668, 0.4279566541117021 *   0
0.6280383833814591, 0.4067756847510001, 0.8132386229993955, 0.3692816874800630, 0.6104093955878213, 0.4979690669560661, 0.0514746252687064, 0.8066946611770870, 0.9339448972297576, 0.5, 0.5, 0.5, 0.5, 0.5, 0.5, 0.5, 0.5, 0.5, 0.5 * 0.0013471154738576, 0.0129364798604275, 0.0415099664459273, 0.0035249225548897, 0.0433649502087659, 0.0876594084169601, 0.0701754819064427, 0.4238573758071342, 0.3289508340873877, 0.8341116921917837 *   0
