0.0065320744209607, 0.9994448176582552, 0.9096437883142586, 0.2400581390783461, 0.8760033901203440, 0.9801836199966183, 0.0069869901086143, 0.6430537526696239, 0.0966079608055800, 0.5, 0.5, 0.5, 0.5, 0.5, 0.5, 0.5, 0.5, 0.5, 0.5 * 0.0000003631172071, 0.0000000555304724, 0.0000005850172194, 0.0000000075817572, 0.0000221862596049, 0.0001125184648926, 0.0000454199190612, 0.0008632637882347, 0.9999469806910702, 0.0102603784707497 *   0
0.0164757627139221, 0.9997997167519292, 0.9114596508031058, 0.4326358374360184, 0.0798085756040218, 0.2017046507455896, 0.9255286841306504, 0.7795323728488444, 0.4904523838732636, 0.5, 0.5, 0.5, 0.5, 0.5, 0.5, 0.5, 0.5, 0.5, 0.5 * 0.0000009089503178, 0.0000008820874647, 0.0000035100178157, 0.0000317536368706, 0.0000104831103834, 0.0000042403130338, 0.0000274007661988, 0.0003114620691992, 0.9996650802717723, 0.0258771786660527 *   0
0.0122074196171981, 0.8503439625959582, 0.9998002438805067, 0.5799232761282117, 0.7044267429525157, 0.0612430703180111, 0.9602558086441159, 0.7242358721439893, 0.3851898402837989, 0.5, 0.5, 0.5, 0.5, 0.5, 0.5, 0.5, 0.5, 0.5, 0.5 * 0.0000004300182113, 0.0000002973933995, 0.0000011305499682, 0.0000199258957411, 0.0000019265673602, 0.0000400511790208, 0.0000577322550409, 0.2328771311417566, 0.9723171224993765, 0.0191741948019426 *   0
0.0616639987852722, 0.9938078620442226, 0.2092786157546931, 0.9966684244557602, 0.5183259451381518, 0.9840957890190630, 0.1626204350789173, 0.3813961499284004, 0.8884119111524951, 0.5, 0.5, 0.5, 0.5, 0.5, 0.5, 0.5, 0.5, 0.5, 0.5 * 0.0000001145689406, 0.0000006469180762, 0.0000004485958208, 0.0000002077513864, 0.0000329048517114, 0.0000348668559251, 0.0091623251727468, 0.0031254130560049, 0.9952655023017332, 0.0967101919118871 *   0
0.0571295996462598, 0.9892105320418303, 0.9787816535582681, 0.7506245499246869, 0.9761781580635245, 0.6016305347912155, 0.5140001068422572, 0.6532135897563833, 0.8126112757309393, 0.5, 0.5, 0.5, 0.5, 0.5, 0.5, 0.5, 0.5, 0.5, 0.5 * 0.0000004890669013, 0.0000016132525658, 0.0000027823313146, 0.0000033994980949, 0.0000065112771270, 0.0002145875744816, 0.0005198650758959, 0.0168696779633195, 0.9958331235113638, 0.0896185678916713 *   0
0.0055323517907096, 0.9961979505588291, 0.8952669645171925, 0.9639675183985231, 0.0405232864620738, 0.4954618338940022, 0.4717641428447161, 0.5977260105301282, 0.7347592277148549, 0.5, 0.5, 0.5, 0.5, 0.5, 0.5, 0.5, 0.5, 0.5, 0.5 * 0.0000069343675326, 0.0000156692024366, 0.0000234080596627, 0.0000265438632184, 0.0000387641338757, 0.0000035194499383, 0.0009764846472828, 0.0058913506836464, 0.9999444073375739, 0.0086900884918406 *   0
0.0002220431343755, 0.9606004715713674, 0.9500046884408242, 0.3022651589951781, 0.9946318487611747, 0.6189993338747878, 0.3065527976986732, 0.0711389365937277, 0.4989694964601517, 0.5, 0.5, 0.5, 0.5, 0.5, 0.5, 0.5, 0.5, 0.5, 0.5 * 0.0000127883091677, 0.0000127469748820, 0.0000020261260440, 0.0000094946570632, 0.0000300641484788, 0.0043152988939076, 0.0022182091772165, 0.0616585061706202, 0.9980854489398825, 0.0003487845327954 *   0
0.0863957819931189, 0.0936459559452003, 0.9742799959957040, 0.9999132370575858, 0.1606989899467207, 0.8785410588041604, 0.7841471185833900, 0.3690684015718607, 0.0876076925022563, 0.5, 0.5, 0.5, 0.5, 0.5, 0.5, 0.5, 0.5, 0.5, 0.5 * 0.0000002730532513, 0.0000000378149163, 0.0000001804974223, 0.0000009342606053, 0.0000051293377885, 0.0000013474439682, 0.0395863516987477, 0.9793055011573124, 0.1452211822279902, 0.1352939923477979 *   0
0.0379902911549389, 0.5919647568799391, 0.0862702625274054, 0.9929985138555051, 0.8902091695415830, 0.9925951133447677, 0.7583462510995317, 0.6762551859376278, 0.8420114549072513, 0.5, 0.5, 0.5, 0.5, 0.5, 0.5, 0.5, 0.5, 0.5, 0.5 * 0.0000005753118526, 0.0000022704492107, 0.0000042017182791, 0.0000120581809767, 0.0011160758990689, 0.0064076888840449, 0.5913770759213951, 0.0806383488709599, 0.8001071333606091, 0.0596395979254300 *   0
0.1071204916141557, 0.6500280367443468, 0.1479486283603816, 0.9979813680974680, 0.9788025291537877, 0.9937025974475325, 0.9264020202338705, 0.9068390111936437, 0.7294454526758964, 0.5, 0.5, 0.5, 0.5, 0.5, 0.5, 0.5, 0.5, 0.5, 0.5 * 0.0000000036295980, 0.0000000080200344, 0.0000000597264963, 0.0000005198849080, 0.0000529078836325, 0.0015884632597558, 0.5012328213272086, 0.1186290568988263, 0.8406209293846681, 0.1674715878860435 *   0
0.1315297200956986, 0.9763969569357098, 0.9999082256108095, 0.5695911783583422, 0.0715784426180545, 0.9817115436222924, 0.9288068855781140, 0.5714041546785292, 0.0706297476173517, 0.5, 0.5, 0.5, 0.5, 0.5, 0.5, 0.5, 0.5, 0.5, 0.5 * 0.0000000064595287, 0.0000000007196070, 0.0000000081494590, 0.0000000928229405, 0.0000032505751265, 0.0000003671783318, 0.0000040794766867, 0.0362787632456084, 0.9780601058574232, 0.2051396613046420 *   0
0.0956751658095397, 0.0649274131585506, 0.9953989749752912, 0.9950974881626188, 0.9298670421959213, 0.5540794076184180, 0.0745867346760755, 0.5420199504783469, 0.7889070845157407, 0.5, 0.5, 0.5, 0.5, 0.5, 0.5, 0.5, 0.5, 0.5, 0.5 * 0.0000008264259028, 0.0000024003379621, 0.0000028979862717, 0.0000004534555884, 0.0000046013949714, 0.0000544099837853, 0.0071084052948897, 0.9835649076227019, 0.1006634431821884, 0.1497211116621436 *   0
0.0138693894324216, 0.9904402974017152, 0.8490517525230775, 0.9833017443228986, 0.5221890325295688, 0.4881556031704674, 0.7212266264116516, 0.4593751600288670, 0.1196289547344805, 0.5, 0.5, 0.5, 0.5, 0.5, 0.5, 0.5, 0.5, 0.5, 0.5 * 0.0000142059637474, 0.0000027013524196, 0.0000127234628495, 0.0000411376552677, 0.0000437640225287, 0.0000676337253473, 0.0035250587881477, 0.0145921930833228, 0.9996499783473882, 0.0217842626387726 *   0
0.1347497804717858, 0.9994318224487043, 0.9895053999449617, 0.6247635272446850, 0.6191474951892847, 0.5014001436072403, 0.5119425535723300, 0.1188106416346555, 0.8150214742939088, 0.5, 0.5, 0.5, 0.5, 0.5, 0.5, 0.5, 0.5, 0.5, 0.5 * 0.0000006204684151, 0.0000020749601460, 0.0000004089456075, 0.0000022882964480, 0.0000031911079927, 0.0000066069373604, 0.0000119565646958, 0.0008724544409514, 0.9776821975138777, 0.2100875038663540 *   0
0.1371072014500886, 0.9973102845239036, 0.4475018267740969, 0.1132722436977887, 0.9999172231182071, 0.4751992679551240, 0.0786303147108435, 0.4605237173198367, 0.8622842057898101, 0.5, 0.5, 0.5, 0.5, 0.5, 0.5, 0.5, 0.5, 0.5, 0.5 * 0.0000000472333528, 0.0000002149293856, 0.0000001943294109, 0.0000000364463062, 0.0000002736381108, 0.0030992622026911, 0.0005573382656228, 0.0026681803891861, 0.9768892064447051, 0.2137064413931863 *   0
0.1429301626714553, 0.9997138055040100, 0.8081711236425541, 0.8530343900681634, 0.4782879573657587, 0.5209769948948999, 0.0924102394340608, 0.1456523938782757, 0.1678810176290018, 0.5, 0.5, 0.5, 0.5, 0.5, 0.5, 0.5, 0.5, 0.5, 0.5 * 0.0000138296972886, 0.0000037339448408, 0.0000033358066436, 0.0000021501275108, 0.0000158778510069, 0.0000203147541275, 0.0001266214690264, 0.0004185239711059, 0.9749022842702748, 0.2226327559986189 *   0
0.0975795756548548, 0.9992914749306121, 0.4171405697321243, 0.6665396414075697, 0.9356843325941285, 0.4279444540980945, 0.2617551676285244, 0.4324606076965391, 0.9072132333681049, 0.5, 0.5, 0.5, 0.5, 0.5, 0.5, 0.5, 0.5, 0.5, 0.5 * 0.0000035653401861, 0.0000242887134382, 0.0000198237255801, 0.0000137578953214, 0.0000273956627759, 0.0004339819030509, 0.0007551830340843, 0.0006702261457739, 0.9882753513561463, 0.1526781586267554 *   0
0.0730684772474079, 0.9949472653656021, 0.7221519568572529, 0.4497319857821483, 0.9261737228027422, 0.9386823107202921, 0.0716132088897811, 0.1284857430162308, 0.3915985247081139, 0.5, 0.5, 0.5, 0.5, 0.5, 0.5, 0.5, 0.5, 0.5, 0.5 * 0.0000224296982005, 0.0000158481437937, 0.0000056193666272, 0.0000031667605411, 0.0002919893130662, 0.0025182612212678, 0.0021634965903940, 0.0071454285403450, 0.9933892083672946, 0.1145238627521782 *   0
0.0893228119655153, 0.7347067323209283, 0.8701304564579067, 0.1735897721599740, 0.9998781564644902, 0.8766962261296325, 0.7970926281051210, 0.3347710088522970, 0.1482925774288795, 0.5, 0.5, 0.5, 0.5, 0.5, 0.5, 0.5, 0.5, 0.5, 0.5 * 0.0000007596039803, 0.0000001802114708, 0.0000004530844321, 0.0000027354710242, 0.0000146858895168, 0.0781943500384745, 0.0218662121671662, 0.3924766595936072, 0.9054347627187280, 0.1398480400229925 *   0
0.0457732486751737, 0.8783370046309833, 0.9533557253672535, 0.8150130933220560, 0.4029801797135641, 0.9819506006231301, 0.9177068676416329, 0.4024604323331548, 0.9508240930507071, 0.5, 0.5, 0.5, 0.5, 0.5, 0.5, 0.5, 0.5, 0.5, 0.5 * 0.0000007288096130, 0.0000094162253496, 0.0000069176754069, 0.0000900593295716, 0.0032023462724780, 0.0023505679692523, 0.0132873645560848, 0.1889475598688462, 0.9792577314785813, 0.0718385165703243 *   0
0.1436753767280259, 0.9292477178057877, 0.9993234230202266, 0.5482055780236635, 0.7733723860110028, 0.7936537008703005, 0.4996368952559479, 0.6672545790985481, 0.6679835043232811, 0.5, 0.5, 0.5, 0.5, 0.5, 0.5, 0.5, 0.5, 0.5, 0.5 * 0.0000014619920297, 0.0000025443844140, 0.0000050935670499, 0.0000058717110401, 0.0000247296464871, 0.0000701619182171, 0.0000871454431418, 0.1080961949880398, 0.9686281454181103, 0.2237738039524927 *   0
0.0141448313436214, 0.6993136637375288, 0.6295998467270284, 0.9986110301681845, 0.5421280183559880, 0.8795924255995045, 0.7579268458103421, 0.6953055810627088, 0.6252989431960969, 0.5, 0.5, 0.5, 0.5, 0.5, 0.5, 0.5, 0.5, 0.5, 0.5 * 0.0000064101690430, 0.0000096032549322, 0.0000222533230196, 0.0000627229722541, 0.0003528700223639, 0.0004102762728162, 0.2499550398458732, 0.3800003565360170, 0.8902967609419745, 0.0222168210554401 *   0
0.0909473281777219, 0.9949750537029352, 0.9518502177446383, 0.3505100954093552, 0.8177220508538755, 0.5878451855796599, 0.2028318290611877, 0.0834804643334264, 0.8879774696603312, 0.5, 0.5, 0.5, 0.5, 0.5, 0.5, 0.5, 0.5, 0.5, 0.5 * 0.0000141245080482, 0.0000794388549018, 0.0000106413236039, 0.0000268439090568, 0.0001133358443543, 0.0004826162020734, 0.0003088534170767, 0.0077903422427905, 0.9897820586999363, 0.1423742896233165 *   0
0.0441087284330785, 0.1921491651759246, 0.9986811699339566, 0.8515053432674637, 0.7545300786171715, 0.1820396376690080, 0.8994036078915948, 0.5849384235148032, 0.7744396411694771, 0.5, 0.5, 0.5, 0.5, 0.5, 0.5, 0.5, 0.5, 0.5, 0.5 * 0.0000054516574867, 0.0000147374034684, 0.0000205853873324, 0.0001625235215360, 0.0000483854449525, 0.0004226133156478, 0.0019197824831134, 0.9525020331288515, 0.2965520763982163, 0.0692304071690873 *   0
0.1035780315769734, 0.8682985994351555, 0.1242669402269027, 0.9991439385335631, 0.4553411898460897, 0.7919356998949943, 0.8696215450156580, 0.5528305720318251, 0.3090276482091414, 0.5, 0.5, 0.5, 0.5, 0.5, 0.5, 0.5, 0.5, 0.5, 0.5 * 0.0000075308464649, 0.0000039726628879, 0.0000100593549577, 0.0000634490627646, 0.0001911697941532, 0.0001753504037412, 0.1988415089865202, 0.0393141024977145, 0.9657524788509869, 0.1619831279757639 *   0
0.1962149344367045, 0.9915273552721028, 0.9203357118742241, 0.9450564081524762, 0.6155867956651313, 0.1967036189496068, 0.9444680027405117, 0.9000380546320407, 0.5516087610980537, 0.5, 0.5, 0.5, 0.5, 0.5, 0.5, 0.5, 0.5, 0.5, 0.5 * 0.0000006509917412, 0.0000007661252811, 0.0000063500168028, 0.0000735163934924, 0.0000235563389235, 0.0001123043404960, 0.0015768593388663, 0.0125821147530338, 0.9527925894662218, 0.3033569955482468 *   0
0.1386285136168024, 0.6846226587354312, 0.9770407145735998, 0.7188145111868226, 0.9995976136995468, 0.1202830640227921, 0.0129840616197251, 0.1742502689241666, 0.4538777221245122, 0.5, 0.5, 0.5, 0.5, 0.5, 0.5, 0.5, 0.5, 0.5, 0.5 * 0.0000032338062254, 0.0000027961758841, 0.0000012002571579, 0.0000000905749280, 0.0000008492652952, 0.0071539008099934, 0.0151296219416626, 0.4638498168279014, 0.8590051542008920, 0.2160402941760657 *   0
0.1535671237639930, 0.7902181468858468, 0.9846944305974499, 0.0956936199663643, 0.9990991679947354, 0.5236266201937695, 0.8176008247852329, 0.5722309134771260, 0.3361697440669731, 0.5, 0.5, 0.5, 0.5, 0.5, 0.5, 0.5, 0.5, 0.5, 0.5 * 0.0000010926817258, 0.0000006373680187, 0.0000015903508000, 0.0000068973850857, 0.0000077450547432, 0.0074686415693734, 0.0011311838063517, 0.3141332823895870, 0.9188007135386170, 0.2388900780708306 *   0
0.0661968794028260, 0.8477405918984398, 0.9101700242190482, 0.9681239630878549, 0.0198727138433013, 0.3597943262941178, 0.9961492996644924, 0.9122723098435775, 0.6652410978755173, 0.5, 0.5, 0.5, 0.5, 0.5, 0.5, 0.5, 0.5, 0.5, 0.5 * 0.0000005838242534, 0.0000010060040852, 0.0000083871462397, 0.0013998643387499, 0.0008877628945783, 0.0000517620994989, 0.0330946668781748, 0.2332736476859203, 0.9662877893550129, 0.1037945372781925 *   0
0.0488920114230793, 0.8744526677180327, 0.9555306928025236, 0.9614148065268131, 0.7766467704328927, 0.8185150454838365, 0.3893245409193097, 0.4598662948514644, 0.8816167222715993, 0.5, 0.5, 0.5, 0.5, 0.5, 0.5, 0.5, 0.5, 0.5, 0.5 * 0.0000090661450424, 0.0000481909760076, 0.0000432130714904, 0.0000458322805504, 0.0002723970651068, 0.0007755904785654, 0.0136099159539372, 0.1948795296988247, 0.9777266986757595, 0.0767239185352792 *   0
0.1490083318897562, 0.8218531337668435, 0.9790828339658132, 0.9841534597725391, 0.1555622551383275, 0.4373977307404381, 0.9865356068995481, 0.4413002186647152, 0.2444333351424119, 0.5, 0.5, 0.5, 0.5, 0.5, 0.5, 0.5, 0.5, 0.5, 0.5 * 0.0000024853996395, 0.0000010041161852, 0.0000022267983140, 0.0001647445634947, 0.0001351883197810, 0.0000531442334103, 0.0088230470778225, 0.2685184379163434, 0.9348947737402946, 0.2319304122343729 *   0
0.3274289813486063, 0.9950693575642394, 0.9721501753535821, 0.0558738480582246, 0.9121958491914887, 0.9853560686974582, 0.8463176767557476, 0.7354480837171190, 0.6949703133175943, 0.5, 0.5, 0.5, 0.5, 0.5, 0.5, 0.5, 0.5, 0.5, 0.5 * 0.0000000413301931, 0.0000000795549396, 0.0000002031715020, 0.0000009019791306, 0.0000403758412096, 0.0002909614651674, 0.0000258478798751, 0.0067365053518302, 0.8705992459797353, 0.4919466286472576 *   0
0.2031270224615592, 0.9748061066376074, 0.1547333123882922, 0.9613796570158469, 0.3089889782988415, 0.9942615451264482, 0.3846544541347094, 0.7340902382201004, 0.6230365348155781, 0.5, 0.5, 0.5, 0.5, 0.5, 0.5, 0.5, 0.5, 0.5, 0.5 * 0.0000032839344532, 0.0000048820918581, 0.0000132576192819, 0.0000100131190576, 0.0019552681258913, 0.0010313307276652, 0.0363959576235737, 0.0090412487924060, 0.9487837352798860, 0.3136847569298260 *   0
0.2123504030575745, 0.9992589778263397, 0.8938505108905260, 0.3938163376384491, 0.1592550064247358, 0.6212249871442210, 0.8449566722125544, 0.4124201268015523, 0.4194799118766002, 0.5, 0.5, 0.5, 0.5, 0.5, 0.5, 0.5, 0.5, 0.5, 0.5 * 0.0000122775676437, 0.0000095074026957, 0.0000117515821832, 0.0000783737517539, 0.0001193233871232, 0.0000368144070805, 0.0001058535086709, 0.0010845853098917, 0.9448823688900421, 0.3274081540148893 *   0
0.0497935568214364, 0.9875267217808993, 0.3113333621580775, 0.0265724971082865, 0.9952678605892080, 0.0523513439355191, 0.6692989671925543, 0.2821680974597894, 0.0110857230662767, 0.5, 0.5, 0.5, 0.5, 0.5, 0.5, 0.5, 0.5, 0.5, 0.5 * 0.0000572225945118, 0.0000009965414034, 0.0000271694430526, 0.0001107859123846, 0.0000105184147744, 0.0172268850936733, 0.0007194876043903, 0.0091756582308698, 0.9967513745635803, 0.0781358110692369 *   0
0.3401217969786943, 0.9979116404419354, 0.9048290825005756, 0.7765082417877895, 0.9685041578339898, 0.5109172917487645, 0.8083978238554661, 0.2176629617892499, 0.8048000264935196, 0.5, 0.5, 0.5, 0.5, 0.5, 0.5, 0.5, 0.5, 0.5, 0.5 * 0.0000004188935490, 0.0000013230833888, 0.0000004938955223, 0.0000047457789922, 0.0000051425630584, 0.0001444260797816, 0.0003948418130556, 0.0027917539141196, 0.8606399916712173, 0.5092060820887373 *   0
0.0446297177321416, 0.9262180812313305, 0.9930102713373538, 0.3009503545709655, 0.7386856268805850, 0.1955220900455127, 0.9507931219184739, 0.4759137036632345, 0.5600654308498211, 0.5, 0.5, 0.5, 0.5, 0.5, 0.5, 0.5, 0.5, 0.5, 0.5 * 0.0000154793737435, 0.0000187152646631, 0.0000225156642579, 0.0004276193486629, 0.0001360302518218, 0.0010339224272434, 0.0005766567401159, 0.1153460971709641, 0.9908517150946364, 0.0700467884595610 *   0
0.0388923064055351, 0.9844721876943821, 0.9515632986796849, 0.5841648599990480, 0.4844463833069645, 0.7059681232580767, 0.0266165770714248, 0.8399378656595656, 0.7167219574175412, 0.5, 0.5, 0.5, 0.5, 0.5, 0.5, 0.5, 0.5, 0.5, 0.5 * 0.0000388248666646, 0.0000814162223948, 0.0003511620373126, 0.0000151672472153, 0.0007290043706447, 0.0007754776773348, 0.0014694432800928, 0.0242726896915405, 0.9978375791420596, 0.0610538977437546 *   0
0.0575413662276889, 0.9550117305270451, 0.9439475773572678, 0.7732815657617904, 0.5913057376590118, 0.8654165518774728, 0.8181388191031939, 0.1053680931708627, 0.6836687068844534, 0.5, 0.5, 0.5, 0.5, 0.5, 0.5, 0.5, 0.5, 0.5, 0.5 * 0.0000358890692816, 0.0000661825631524, 0.0000125759611862, 0.0002598921246336, 0.0012621481985325, 0.0017266640505869, 0.0057955057412711, 0.0700479853806338, 0.9934322726991309, 0.0902627479091472 *   0
0.2735921425156259, 0.9321875706930587, 0.9934615446224164, 0.2348887255577784, 0.9758596713542285, 0.6882149794549751, 0.7997304796239969, 0.3302458451736001, 0.2266847604078635, 0.5, 0.5, 0.5, 0.5, 0.5, 0.5, 0.5, 0.5, 0.5, 0.5 * 0.0000041583296702, 0.0000015466034757, 0.0000025328804358, 0.0000157004488846, 0.0000309729718241, 0.0009251697533654, 0.0003579926300319, 0.0966452424658684, 0.9039143541761416, 0.4166503955276155 *   0
0.9954445944146461, 0.9939577183658060, 0.7903564780905640, 0.9571077883975151, 0.7705990675699893, 0.8602333259117945, 0.2334699552662065, 0.3038031250721789, 0.4627296167717919, 0.5, 0.5, 0.5, 0.5, 0.5, 0.5, 0.5, 0.5, 0.5, 0.5 * 0.0000000703553292, 0.0000000625647305, 0.0000000486824459, 0.0000000407124256, 0.0000005088319439, 0.0000013836384390, 0.0000219126270776, 0.0000642644874229, 0.0071552310025148, 0.9999743987008002 *   0
0.1113904165622734, 0.7567716100051867, 0.2110308107040035, 0.2263173210557165, 0.9694829978838018, 0.9976960769843758, 0.7545144999187973, 0.9151802733145562, 0.7355823664626024, 0.5, 0.5, 0.5, 0.5, 0.5, 0.5, 0.5, 0.5, 0.5, 0.5 * 0.0000011378246627, 0.0000025800881362, 0.0000210391067963, 0.0000522928837861, 0.0155946132702700, 0.3250744830951798, 0.1208298996955818, 0.1194860176393006, 0.9137300950399339, 0.1740802275928573 *   0
0.9983638515688310, 0.9737245142337515, 0.8308530062580728, 0.0869323052870726, 0.9562199050356727, 0.0427693687578521, 0.5709241687184778, 0.8465834310495217, 0.6053584071832515, 0.5, 0.5, 0.5, 0.5, 0.5, 0.5, 0.5, 0.5, 0.5, 0.5 * 0.0000001636616127, 0.0000002292948865, 0.0000011462760519, 0.0000014777532387, 0.0000001272536323, 0.0000275208756512, 0.0000037905503670, 0.0001023237102404, 0.0025678643888979, 0.9999966974080357 *   0
0.1853570454685749, 0.9963646279631018, 0.5216849299714365, 0.2676499575691531, 0.8316213352752949, 0.8511322312295121, 0.0008566244509335, 0.7016205870088286, 0.8678885888624418, 0.5, 0.5, 0.5, 0.5, 0.5, 0.5, 0.5, 0.5, 0.5, 0.5 * 0.0000192173847666, 0.0000912717599307, 0.0001842162512424, 0.0000002778408694, 0.0008668557023681, 0.0032902440819943, 0.0015239996537406, 0.0039973980141390, 0.9578964344899243, 0.2870618387128247 *   0
0.0882450933979103, 0.3997221851720112, 0.9973594066674633, 0.6091080268887374, 0.0586443571646904, 0.8974693803570556, 0.1802450684738555, 0.0126160206331946, 0.5672493793849132, 0.5, 0.5, 0.5, 0.5, 0.5, 0.5, 0.5, 0.5, 0.5, 0.5 * 0.0001845719555946, 0.0002283544420380, 0.0000058194828229, 0.0000854437842791, 0.0018826246001531, 0.0001761966870857, 0.0027172787684206, 0.8015042219332994, 0.5817976784973878, 0.1381715999998513 *   0
0.9983174279324326, 0.9920430942401490, 0.0702914023167879, 0.2864707523428233, 0.3431874179948063, 0.5255276805374435, 0.9600062458589702, 0.2923025811520883, 0.2181915534744931, 0.5, 0.5, 0.5, 0.5, 0.5, 0.5, 0.5, 0.5, 0.5, 0.5 * 0.0000009120235615, 0.0000003254250748, 0.0000004787370914, 0.0000171723114287, 0.0000186446001716, 0.0000151761993113, 0.0000142802728279, 0.0000036398637928, 0.0026427685102216, 0.9999965073356173 *   0
0.2288696129009452, 0.9180861464320151, 0.3129761951570288, 0.8187180961569390, 0.9970863861949585, 0.7296718655757941, 0.7924846232833734, 0.0714771068056473, 0.8035461715439084, 0.5, 0.5, 0.5, 0.5, 0.5, 0.5, 0.5, 0.5, 0.5, 0.5 * 0.0000054204700785, 0.0000170042028633, 0.0000020122803196, 0.0000531336333649, 0.0001240485189436, 0.0297459089114634, 0.1016229266441547, 0.0566996544508710, 0.9283321013091297, 0.3518133056233710 *   0
0.9984054686494197, 0.8313392209035061, 0.9513744800125130, 0.2498728708596308, 0.7468371045528153, 0.5511282400931828, 0.3569082116507498, 0.1312514320627094, 0.9793739942737734, 0.5, 0.5, 0.5, 0.5, 0.5, 0.5, 0.5, 0.5, 0.5, 0.5 * 0.0000003116496266, 0.0000096156711271, 0.0000020120863683, 0.0000061708384947, 0.0000136370770274, 0.0000426306970054, 0.0000191419460385, 0.0006539220961196, 0.0024172939848594, 0.9999968632806988 *   0
0.0620307657225201, 0.9458262785085599, 0.9813299728470528, 0.5320396504979765, 0.3106214540594358, 0.6169462882061238, 0.6280577544253588, 0.9964840156009812, 0.5323645163012504, 0.5, 0.5, 0.5, 0.5, 0.5, 0.5, 0.5, 0.5, 0.5, 0.5 * 0.0000016981768945, 0.0000018802542930, 0.0004587413635638, 0.0006937558809389, 0.0012112900193479, 0.0007798148171493, 0.0018399209065337, 0.0845536970673158, 0.9916553951589108, 0.0972835914920433 *   0
0.5310233312337768, 0.9960002638380976, 0.9963508048077816, 0.8020842740321924, 0.4511379163950393, 0.7495619597609909, 0.7302757016058432, 0.1774159489094354, 0.5572031208114713, 0.5, 0.5, 0.5, 0.5, 0.5, 0.5, 0.5, 0.5, 0.5, 0.5 * 0.0000005455645709, 0.0000006536063430, 0.0000002436046950, 0.0000019635256466, 0.0000051900576145, 0.0000048167165413, 0.0000230347443211, 0.0042208111555562, 0.6718094688108981, 0.7407119695157030 *   0
0.4742217154587720, 0.9994390234348546, 0.9093938623133087, 0.7379167255656406, 0.2626609132916950, 0.6286480047873445, 0.5570457482510459, 0.9047412159409101, 0.1632148242384264, 0.5, 0.5, 0.5, 0.5, 0.5, 0.5, 0.5, 0.5, 0.5, 0.5 * 0.0000017148475123, 0.0000004495406439, 0.0000117591083834, 0.0000142398824008, 0.0000281131258627, 0.0000147433709228, 0.0000842094265887, 0.0006412510571123, 0.7351515269645114, 0.6779025097723810 *   0
0.1614730521857147, 0.9894077996674030, 0.2030144902891547, 0.5928036186810600, 0.1353662564118236, 0.9514839644317906, 0.9500128426356301, 0.6927165145486205, 0.5641283404846342, 0.5, 0.5, 0.5, 0.5, 0.5, 0.5, 0.5, 0.5, 0.5, 0.5 * 0.0000156415821333, 0.0000191590436579, 0.0000471986882477, 0.0006772430291041, 0.0088968776893250, 0.0019263954022755, 0.0122700025447853, 0.0050492241922323, 0.9678711509207060, 0.2509303900658629 *   0
0.2810815764968663, 0.9052388271806943, 0.9975668485265071, 0.6687326713785215, 0.0420601493874845, 0.6775799890410061, 0.8380432966342397, 0.7975062894623290, 0.8139140288410308, 0.5, 0.5, 0.5, 0.5, 0.5, 0.5, 0.5, 0.5, 0.5, 0.5 * 0.0000027968909289, 0.0000092943810864, 0.0000294788552068, 0.0001193517092690, 0.0002223138527827, 0.0000168207483252, 0.0004446233446868, 0.1340787082763384, 0.8941049949199509, 0.4273159199489252 *   0
0.0608732784450395, 0.6219125048359448, 0.9299468355858451, 0.9339250442264253, 0.9855077667094337, 0.1004351554906159, 0.4426304821123511, 0.8346665174861748, 0.3622898125845426, 0.5, 0.5, 0.5, 0.5, 0.5, 0.5, 0.5, 0.5, 0.5, 0.5 * 0.0000236655862523, 0.0000151383142880, 0.0001057304636056, 0.0000912668012802, 0.0000226649179112, 0.0063360899472928, 0.0608434335479213, 0.5536707997985567, 0.8249795716321840, 0.0954738790811240 *   0
0.0603733309825758, 0.0603596372810936, 0.9976791054930906, 0.4502568847733815, 0.2959751143567148, 0.3190117000225055, 0.5506086566255468, 0.0922618657780168, 0.9985589375712718, 0.5, 0.5, 0.5, 0.5, 0.5, 0.5, 0.5, 0.5, 0.5, 0.5 * 0.0000031285105274, 0.0013820832591157, 0.0002017125568080, 0.0016385291176192, 0.0011793010113573, 0.0012313309103012, 0.0023475400636942, 0.9910288437707412, 0.0942453152577089, 0.0946921214558987 *   0
0.1599736973456916, 0.9451734013600152, 0.4581809497709297, 0.9480727314707230, 0.8749591013765703, 0.6757841858434417, 0.8377745523293384, 0.9697868493244922, 0.9686092976334548, 0.5, 0.5, 0.5, 0.5, 0.5, 0.5, 0.5, 0.5, 0.5, 0.5 * 0.0000002862752489, 0.0000058011049365, 0.0001222916392791, 0.0004700042855184, 0.0008697700047216, 0.0050065002083073, 0.0624433000252113, 0.0549174552048144, 0.9650036749534928, 0.2486498688614919 *   0
0.0689239641972463, 0.9925045701640214, 0.8507208856058870, 0.6706557779901920, 0.4066283066787889, 0.1207359070520550, 0.3552524034656828, 0.1114615067427333, 0.9157927939276177, 0.5, 0.5, 0.5, 0.5, 0.5, 0.5, 0.5, 0.5, 0.5, 0.5 * 0.0001168287126878, 0.0008780864241295, 0.0001566974922922, 0.0005615226567984, 0.0002035616868485, 0.0008018347506309, 0.0023636234553825, 0.0113842758728283, 0.9940761076161994, 0.1080541294481463 *   0
0.3660596205694879, 0.9947874969778524, 0.9686910146701574, 0.2272099453151272, 0.3929669048604401, 0.7210161507693195, 0.5192338929135510, 0.2793012178872252, 0.5120639728904068, 0.5, 0.5, 0.5, 0.5, 0.5, 0.5, 0.5, 0.5, 0.5, 0.5 * 0.0000471329854576, 0.0000489540571622, 0.0000318866052419, 0.0000797437195708, 0.0002337016536214, 0.0001831913222803, 0.0001180111398187, 0.0068627152238345, 0.8391613954682867, 0.5438390767492598 *   0
0.1771579553266791, 0.8283117389438263, 0.9969589412198211, 0.8599571803863892, 0.2264401150059142, 0.1119969883523867, 0.5675416977924954, 0.0828648121482063, 0.2907094630835156, 0.5, 0.5, 0.5, 0.5, 0.5, 0.5, 0.5, 0.5, 0.5, 0.5 * 0.0001377938625216, 0.0000676950353807, 0.0000200969476453, 0.0001917426856391, 0.0000438099491252, 0.0000929903912275, 0.0011942497021895, 0.2561774508411129, 0.9267744047299488, 0.2747013266808359 *   0
0.0833748430401901, 0.7577102714021272, 0.8594665233322729, 0.9339456613799304, 0.8486575995798491, 0.8544415765695468, 0.8857958786589074, 0.1991676945235430, 0.6721636274234223, 0.5, 0.5, 0.5, 0.5, 0.5, 0.5, 0.5, 0.5, 0.5, 0.5 * 0.0000372744320142, 0.0000658681892823, 0.0000244817330367, 0.0004386473325154, 0.0019156780550020, 0.0081171445732994, 0.0802063948828315, 0.3593482325779859, 0.9204955505319496, 0.1305908374143706 *   0
0.9568688417584025, 0.9908271813722453, 0.8355690873393645, 0.0201503508818105, 0.5041320978217442, 0.1578340149288224, 0.9973767688485685, 0.6301804234414270, 0.4270728674843315, 0.5, 0.5, 0.5, 0.5, 0.5, 0.5, 0.5, 0.5, 0.5, 0.5 * 0.0000003003851960, 0.0000002383945968, 0.0000005841658104, 0.0001695860880463, 0.0000429281820751, 0.0001772222237334, 0.0000078846076358, 0.0009430526668459, 0.0676914194977603, 0.9977058285413610 *   0
0.2412602953804938, 0.9416237296264729, 0.3328748477310291, 0.9895876352626772, 0.7567091629638845, 0.7162446350400544, 0.6032104522936095, 0.1403247784545295, 0.6450790523761321, 0.5, 0.5, 0.5, 0.5, 0.5, 0.5, 0.5, 0.5, 0.5, 0.5 * 0.0000584013593310, 0.0000936693573357, 0.0000247329216974, 0.0001573605729160, 0.0004056195160122, 0.0011184808228946, 0.0736949236465536, 0.0424827299856767, 0.9251427498526846, 0.3699644782832917 *   0
0.3365875060374791, 0.9008775040977064, 0.8934699347677967, 0.9976458610024517, 0.5238038927893173, 0.1117899832836306, 0.1079448867160570, 0.3421199719152040, 0.3375498118519549, 0.5, 0.5, 0.5, 0.5, 0.5, 0.5, 0.5, 0.5, 0.5, 0.5 * 0.0000403443720473, 0.0000236504869469, 0.0000278676657254, 0.0000093201618817, 0.0000097994912833, 0.0000604536827996, 0.0223016842100264, 0.1320286572917224, 0.8530130492718486, 0.5044202608003766 *   0
0.9880148307364504, 0.8371643204415051, 0.9826168538921591, 0.4325976811501187, 0.2685033242537190, 0.8970463810940489, 0.0739232763060943, 0.2776862682205095, 0.5302777018073377, 0.5, 0.5, 0.5, 0.5, 0.5, 0.5, 0.5, 0.5, 0.5, 0.5 * 0.0000089988461732, 0.0000098982733810, 0.0000062356469864, 0.0000017215765713, 0.0000910816416287, 0.0000414077169782, 0.0000817160805640, 0.0047610197538865, 0.0182126870930569, 0.9998227912040059 *   0
0.7534246387674588, 0.9944016979981222, 0.9917936287782125, 0.6768365826815537, 0.2454908328342675, 0.7424904707551424, 0.5580473079150763, 0.0154306017865569, 0.0895603974766845, 0.5, 0.5, 0.5, 0.5, 0.5, 0.5, 0.5, 0.5, 0.5, 0.5 * 0.0000048060608008, 0.0000006806181437, 0.0000001176762754, 0.0000058327011093, 0.0000177275185628, 0.0000078280100803, 0.0000374152384260, 0.0033211668459553, 0.3776933883660874, 0.9259247660594714 *   0
0.2673705971182187, 0.9373875837481522, 0.9498855555196691, 0.0644379318991853, 0.5704204568501657, 0.9820651048710873, 0.3286936629231524, 0.6982680753331018, 0.8709184787566394, 0.5, 0.5, 0.5, 0.5, 0.5, 0.5, 0.5, 0.5, 0.5, 0.5 * 0.0000098663794769, 0.0000479915239132, 0.0000955152618608, 0.0000609388910248, 0.0043804587773463, 0.0054772864015490, 0.0007124424827609, 0.0893817793698333, 0.9086825368730059, 0.4077465300916236 *   0
0.9223839924309328, 0.9601705795899828, 0.9665373465821786, 0.7195920877715536, 0.9209202942070180, 0.5656021621849397, 0.7719047641250792, 0.6970533759785134, 0.7467444309716785, 0.5, 0.5, 0.5, 0.5, 0.5, 0.5, 0.5, 0.5, 0.5, 0.5 * 0.0000008282509284, 0.0000019710050210, 0.0000041483968395, 0.0000124632701498, 0.0000163784160406, 0.0001690174825380, 0.0003613682661272, 0.0075933778772720, 0.1213791836748666, 0.9925770875773514 *   0
0.9235295219922111, 0.9765776549356886, 0.8580914111147129, 0.8400881550461464, 0.9344433457285367, 0.1640416608024582, 0.4066938545586047, 0.1007925239860977, 0.9762324830406497, 0.5, 0.5, 0.5, 0.5, 0.5, 0.5, 0.5, 0.5, 0.5, 0.5 * 0.0000007123594294, 0.0000190718861614, 0.0000030471562454, 0.0000143547109216, 0.0000063444958192, 0.0002409151807592, 0.0009438422474228, 0.0042987358068137, 0.1197497984006795, 0.9927943176485791 *   0
0.2896811930880329, 0.4165184392670721, 0.9874908714496954, 0.9840374076664622, 0.4542628375134724, 0.5692322638673858, 0.0448695076838459, 0.3933735719851095, 0.9614773597388888, 0.5, 0.5, 0.5, 0.5, 0.5, 0.5, 0.5, 0.5, 0.5, 0.5 * 0.0000081729914060, 0.0001349008216056, 0.0000960576664795, 0.0000117056393074, 0.0002069646244821, 0.0002298071331600, 0.0139998321233225, 0.7126175818033986, 0.5466526602752956, 0.4394893998088424 *   0
0.9953283383489253, 0.7891223709048342, 0.9282497330234618, 0.2838026049005811, 0.2215755564261114, 0.9179160156836342, 0.3255975154813368, 0.5454676922156790, 0.7296129608199061, 0.5, 0.5, 0.5, 0.5, 0.5, 0.5, 0.5, 0.5, 0.5, 0.5 * 0.0000068879286446, 0.0000152303759402, 0.0000192915193343, 0.0000143266690036, 0.0002257623191297, 0.0000825967826290, 0.0001157297150187, 0.0023713860814718, 0.0069392452553524, 0.9999730753186780 *   0
0.3450729527254929, 0.4164656146506153, 0.9982446962959342, 0.9663627319812601, 0.3583825097225525, 0.4741699469621153, 0.3980877783140576, 0.8353931274429863, 0.6161265315563076, 0.5, 0.5, 0.5, 0.5, 0.5, 0.5, 0.5, 0.5, 0.5, 0.5 * 0.0000072359015084, 0.0000105091892752, 0.0000482424067644, 0.0000360268423045, 0.0000567450558889, 0.0000528287626799, 0.0018717361622404, 0.6797948870729156, 0.5212859341802417, 0.5158840694769994 *   0
0.1126754414814876, 0.7316306967901209, 0.7132071171483058, 0.2756601601260063, 0.9990012939083396, 0.6505947004307968, 0.2255457151800141, 0.0634392258075249, 0.2210151568153012, 0.5, 0.5, 0.5, 0.5, 0.5, 0.5, 0.5, 0.5, 0.5, 0.5 * 0.0001143345621326, 0.0000413690435027, 0.0000121565829359, 0.0000451990866917, 0.0002130544677434, 0.1591910237631554, 0.0735884143426657, 0.3626013099997304, 0.8982000910944508, 0.1760675643195939 *   0
0.9923695013822845, 0.9762157718540243, 0.3105298435830184, 0.9042886257657262, 0.1198806986770968, 0.5862108336697383, 0.2305761469670460, 0.2471826189417311, 0.3952504612483319, 0.5, 0.5, 0.5, 0.5, 0.5, 0.5, 0.5, 0.5, 0.5, 0.5 * 0.0000247891561559, 0.0000177293297445, 0.0000124661484297, 0.0000124764237583, 0.0000463214211790, 0.0000110882087135, 0.0003910110638246, 0.0002098132918227, 0.0119773084867811, 0.9999281692509834 *   0
0.9719558684024754, 0.9897615862962611, 0.1670817500758366, 0.4260031387330979, 0.0087654786225248, 0.6982898370820516, 0.9764697402606112, 0.1629600516347960, 0.6791736468110111, 0.5, 0.5, 0.5, 0.5, 0.5, 0.5, 0.5, 0.5, 0.5, 0.5 * 0.0000042259599057, 0.0000076634129054, 0.0000022903976129, 0.0002446350204198, 0.0004772774799642, 0.0000073860021788, 0.0004242738453500, 0.0001837413375216, 0.0440316780110686, 0.9990298843307356 *   0
0.7620081183323675, 0.9782031811672278, 0.3763800847234112, 0.9042585766428423, 0.9845282216484325, 0.7746828486093705, 0.9129840768468492, 0.9108752710329719, 0.1545998738867230, 0.5, 0.5, 0.5, 0.5, 0.5, 0.5, 0.5, 0.5, 0.5, 0.5 * 0.0000002417133744, 0.0000000598806445, 0.0000017671203365, 0.0000129748082125, 0.0000354464740269, 0.0015545900197899, 0.0102620190476702, 0.0069677341713800, 0.3649758615884454, 0.9309330501841911 *   0
0.9919867003299234, 0.6872692488540286, 0.9686043783876134, 0.2049456281610511, 0.5850682182167974, 0.7452782177111498, 0.3974028916086084, 0.9403359195870981, 0.3751293147798299, 0.5, 0.5, 0.5, 0.5, 0.5, 0.5, 0.5, 0.5, 0.5, 0.5 * 0.0000041416066374, 0.0000027685501168, 0.0000529998263913, 0.0000383455362459, 0.0001551231759802, 0.0002207402211936, 0.0000926071595692, 0.0059302418697790, 0.0110985292250981, 0.9999207814675596 *   0
0.2175447308540087, 0.6561393568553680, 0.2865495920584302, 0.9991308068852549, 0.4979442118191832, 0.3789670101268995, 0.4357686552385653, 0.0363738751208288, 0.1924553630838428, 0.5, 0.5, 0.5, 0.5, 0.5, 0.5, 0.5, 0.5, 0.5, 0.5 * 0.0002583314398173, 0.0000805650784055, 0.0000154779931551, 0.0002212100893039, 0.0002369330483861, 0.0004198157704814, 0.4362588953917789, 0.2107970183917832, 0.8080507072111408, 0.3351066890146588 *   0
0.9833503845070257, 0.8905716454100663, 0.8859275248301809, 0.6323470457607634, 0.8871018466945281, 0.5588604656787871, 0.2362208339554355, 0.1298725479887205, 0.7084265508262564, 0.5, 0.5, 0.5, 0.5, 0.5, 0.5, 0.5, 0.5, 0.5, 0.5 * 0.0000197907428399, 0.0000401464747381, 0.0000092599022490, 0.0000177836727325, 0.0000590696918845, 0.0004283863976431, 0.0006679001982913, 0.0044012292556592, 0.0257648065741563, 0.9996580257383065 *   0
0.9942282894599384, 0.1963229864818617, 0.9423510948858927, 0.0064914515272209, 0.6724334478715590, 0.9342592120795786, 0.0801119213365540, 0.5032987284955097, 0.0480943555236302, 0.5, 0.5, 0.5, 0.5, 0.5, 0.5, 0.5, 0.5, 0.5, 0.5 * 0.0000275757824129, 0.0000020872244006, 0.0000279427489347, 0.0000049735141942, 0.0003823761457189, 0.0006799934871801, 0.0000079653200583, 0.0086029767825296, 0.0027517181804106, 0.9999589024560538 *   0
0.9143247343200840, 0.9968888019197103, 0.0782513949453139, 0.4222685230999573, 0.8489364505973349, 0.4135636675234715, 0.6271301915995452, 0.5662295029341381, 0.9256698386397538, 0.5, 0.5, 0.5, 0.5, 0.5, 0.5, 0.5, 0.5, 0.5, 0.5 * 0.0000038931456455, 0.0000331921906293, 0.0000412120280141, 0.0000799872402703, 0.0000729119166061, 0.0004984073993158, 0.0004006846753450, 0.0000803946650236, 0.1341709255099364, 0.9909579874025662 *   0
0.9718462447504729, 0.4808907175813293, 0.5951234854735078, 0.9845514097179060, 0.3336376595933166, 0.8957066870740180, 0.8252467144398237, 0.2920413582083030, 0.5842118638494107, 0.5, 0.5, 0.5, 0.5, 0.5, 0.5, 0.5, 0.5, 0.5, 0.5 * 0.0000096731680164, 0.0000126424035371, 0.0000078618159311, 0.0000630448637673, 0.0003962193327807, 0.0002321177970303, 0.0191110723088470, 0.0258924520556966, 0.0303084786445813, 0.9990222864409510 *   0
0.6074810259079007, 0.9952799626604095, 0.6988713693334122, 0.9285281919541435, 0.2311664192151122, 0.3868867374895544, 0.2041786090490309, 0.2878246350622851, 0.0611385498480585, 0.5, 0.5, 0.5, 0.5, 0.5, 0.5, 0.5, 0.5, 0.5, 0.5 * 0.0001426842124621, 0.0000137451338395, 0.0000696175024998, 0.0000529367635012, 0.0001167924806986, 0.0000777182404836, 0.0019407956424417, 0.0038164157260919, 0.5782221003345277, 0.8158681407499548 *   0
0.1270548273469577, 0.3921972067990327, 0.4772093531103848, 0.9963277699408717, 0.9105142512873348, 0.0257151015222609, 0.3183887155346520, 0.2300671638129592, 0.4472888277132478, 0.5, 0.5, 0.5, 0.5, 0.5, 0.5, 0.5, 0.5, 0.5, 0.5 * 0.0002961897622971, 0.0002507963441244, 0.0001467002755422, 0.0002267316601496, 0.0000191089573194, 0.0033442571913417, 0.5855307907715288, 0.5450487421631750, 0.5663559926003997, 0.1982549958858862 *   0
0.9925526725093614, 0.7491522579217107, 0.3408296743132312, 0.3073062022716301, 0.6818451600530395, 0.0520606758315399, 0.9960483754966634, 0.0614465824614496, 0.9904418485194639, 0.5, 0.5, 0.5, 0.5, 0.5, 0.5, 0.5, 0.5, 0.5, 0.5 * 0.0000001515669089, 0.0000100943410352, 0.0000009774535324, 0.0016339994973524, 0.0001339243608015, 0.0030028408701131, 0.0017929720832759, 0.0022911440118790, 0.0108015422916588, 0.9999315764331527 *   0
0.3025888443470880, 0.5670385447177284, 0.6941403326085491, 0.9893238199825044, 0.9349887636187434, 0.6289617086895564, 0.1040230729170251, 0.2294220096568680, 0.1667900901133148, 0.5, 0.5, 0.5, 0.5, 0.5, 0.5, 0.5, 0.5, 0.5, 0.5 * 0.0002168394385382, 0.0000581470124066, 0.0000845987732752, 0.0000395539080081, 0.0003688480005133, 0.0043110761405296, 0.2583911601202473, 0.4958561343721654, 0.6913284012838370, 0.4576100560600933 *   0
0.0334327975443717, 0.9598977607488156, 0.8260412308508722, 0.5078277632164898, 0.5219748087795334, 0.7841734126136515, 0.0830378509513279, 0.1140916524986232, 0.7758581721111472, 0.5, 0.5, 0.5, 0.5, 0.5, 0.5, 0.5, 0.5, 0.5, 0.5 * 0.0009044458791606, 0.0024618224206010, 0.0004751253804561, 0.0003496475576561, 0.0076232869943909, 0.0086616165676141, 0.0121425537858630, 0.0605316250378590, 0.9966407116659941, 0.0524919795021142 *   0
0.4519824667144485, 0.9052954953654183, 0.0932611031892063, 0.2446064107327752, 0.9950986965536599, 0.2350731348782187, 0.9611087641497649, 0.2679741085823505, 0.8752522235155349, 0.5, 0.5, 0.5, 0.5, 0.5, 0.5, 0.5, 0.5, 0.5, 0.5 * 0.0000080305134810, 0.0000404558788298, 0.0000184651408129, 0.0007388039327386, 0.0002864536248630, 0.1030874442003436, 0.0416817777999092, 0.0164074183137342, 0.7500038653667427, 0.6518128388409085 *   0
0.8045932863860360, 0.5813326540316142, 0.9690047297482400, 0.9267485458062722, 0.3347572923334117, 0.9634064277463622, 0.9185421741188234, 0.0115938750149654, 0.2088972601149684, 0.5, 0.5, 0.5, 0.5, 0.5, 0.5, 0.5, 0.5, 0.5, 0.5 * 0.0000061929196378, 0.0000021083326848, 0.0000001191529494, 0.0000508567279848, 0.0008910661716855, 0.0005179736659013, 0.0089289583036480, 0.1844690174427408, 0.2391301231449755, 0.9532613359342396 *   0
0.2702177051781759, 0.9913396984298433, 0.4234833775197544, 0.5967609028316853, 0.6350460926234005, 0.1902358220844696, 0.0445798780045378, 0.0752220433555646, 0.8475109361333358, 0.5, 0.5, 0.5, 0.5, 0.5, 0.5, 0.5, 0.5, 0.5, 0.5 * 0.0007032298011767, 0.0028795186615357, 0.0003518781410543, 0.0002093667720178, 0.0009217627499378, 0.0048499067554217, 0.0078611340600859, 0.0076511007508067, 0.9111781810745053, 0.4118260075659331 *   0
0.8231094190027143, 0.8977243643709106, 0.9822260723366524, 0.1552992612846658, 0.8054672096881397, 0.7794216195025582, 0.2466179315217854, 0.5116429582758075, 0.5254639138120524, 0.5, 0.5, 0.5, 0.5, 0.5, 0.5, 0.5, 0.5, 0.5, 0.5 * 0.0000529283705613, 0.0000573413616117, 0.0000809427111001, 0.0000458729938994, 0.0003363286475856, 0.0011335459058288, 0.0002958450250755, 0.0438606230694232, 0.2707652986650384, 0.9616448920832147 *   0
0.8969150948789507, 0.9653587662453571, 0.8502879351611659, 0.3945801306490694, 0.1719832900781107, 0.1315163029970211, 0.9720550472717988, 0.6488513153273852, 0.4986342519981015, 0.5, 0.5, 0.5, 0.5, 0.5, 0.5, 0.5, 0.5, 0.5, 0.5 * 0.0000255612471385, 0.0000254518080539, 0.0000586260561371, 0.0015671253918375, 0.0003287473278217, 0.0004438244574398, 0.0011867640056263, 0.0085269349803799, 0.1609800891380006, 0.9869187039452754 *   0
0.9888950982079353, 0.3162523239461018, 0.5116696876993727, 0.9149804059020152, 0.6016733914621516, 0.1845577327462648, 0.6904946140435033, 0.9794983356164295, 0.4574687320075318, 0.5, 0.5, 0.5, 0.5, 0.5, 0.5, 0.5, 0.5, 0.5, 0.5 * 0.0000090061329721, 0.0000078765540493, 0.0003713960834798, 0.0007031294887530, 0.0002372371853702, 0.0011486102829641, 0.0105476651832329, 0.0110399264336137, 0.0083129367751682, 0.9998478653321970 *   0
0.6901042883703971, 0.9442222523243270, 0.1411177656339098, 0.9458518242211322, 0.8241659970135270, 0.0201175739151042, 0.8078711935355659, 0.4826951736969385, 0.2265463635449048, 0.5, 0.5, 0.5, 0.5, 0.5, 0.5, 0.5, 0.5, 0.5, 0.5 * 0.0001870416161983, 0.0000695199222425, 0.0001889798620469, 0.0008828305468514, 0.0000292282630319, 0.0032637180064474, 0.0397869064537375, 0.0089993367740226, 0.4659907120162924, 0.8838422725219430 *   0
0.3328607861571297, 0.8062361962190998, 0.5055828529901722, 0.5341084937258197, 0.9887648234091535, 0.1563511100394424, 0.9233414549023572, 0.2590992274969347, 0.8209887565211340, 0.5, 0.5, 0.5, 0.5, 0.5, 0.5, 0.5, 0.5, 0.5, 0.5 * 0.0000637204294501, 0.0002206054647424, 0.0000989815598550, 0.0020665131677803, 0.0005217615599597, 0.1215853037414325, 0.1353863425894690, 0.1852010076372153, 0.8265749132968494, 0.4993570329900292 *   0
0.9495936711084069, 0.4717345016411201, 0.8881902940981976, 0.3712310764804627, 0.9498861189698270, 0.4960261194482568, 0.7848923093568964, 0.9124759314174186, 0.3451222406444709, 0.5, 0.5, 0.5, 0.5, 0.5, 0.5, 0.5, 0.5, 0.5, 0.5 * 0.0000185335569182, 0.0000111629580100, 0.0001563779713456, 0.0004492979320004, 0.0004703170387169, 0.0084851078977012, 0.0056145789832848, 0.0574584305415423, 0.0533913673160605, 0.9968670533795899 *   0
0.4650675321300828, 0.4216956181552706, 0.9614634136489888, 0.9345395746336037, 0.1649680771701821, 0.1452301592311031, 0.8207613787710487, 0.9651573370048577, 0.6655844113163577, 0.5, 0.5, 0.5, 0.5, 0.5, 0.5, 0.5, 0.5, 0.5, 0.5 * 0.0000261720937553, 0.0000451539479252, 0.0009526361004892, 0.0032986321940688, 0.0007972281629917, 0.0009344913050806, 0.0353422117971759, 0.5862321705513346, 0.4580733412044723, 0.6672617809325163 *   0
0.1959962366130185, 0.8832168550618071, 0.0182785498994768, 0.3147765720797593, 0.8301283390401529, 0.7846142951327443, 0.9163628583384504, 0.4279642777647657, 0.9264830276027708, 0.5, 0.5, 0.5, 0.5, 0.5, 0.5, 0.5, 0.5, 0.5, 0.5 * 0.0001580925525561, 0.0013629105544137, 0.0010920334655641, 0.0132708482893450, 0.0380445827425699, 0.1475417617317259, 0.0824606027650179, 0.0049905429734867, 0.9369915853043203, 0.3030296360763342 *   0
0.2962265751772684, 0.8833621027336279, 0.3092913829299115, 0.8639655070677239, 0.4851801500121039, 0.9319119280818440, 0.2162722359487192, 0.1731264019259840, 0.4167010823342489, 0.5, 0.5, 0.5, 0.5, 0.5, 0.5, 0.5, 0.5, 0.5, 0.5 * 0.0016987003662572, 0.0013036045430009, 0.0005970985989069, 0.0007856372647056, 0.0219601916529250, 0.0210813115198436, 0.1407056016618263, 0.0760285184632256, 0.8787243611995892, 0.4487013089377244 *   0
0.5801520150062405, 0.9788271668268494, 0.5688713521551673, 0.4068966123307574, 0.1522945943997682, 0.8722279886120129, 0.5688892153878180, 0.6484390514197010, 0.3092655387284539, 0.5, 0.5, 0.5, 0.5, 0.5, 0.5, 0.5, 0.5, 0.5, 0.5 * 0.0005768851660495, 0.0003045933661171, 0.0010587191309352, 0.0015466875019718, 0.0097551532684238, 0.0024279626328941, 0.0076156823914481, 0.0158780035442859, 0.6123795240827160, 0.7903013426216033 *   0
0.8362673627381527, 0.6402239592933208, 0.8700849958090507, 0.8961880136729162, 0.1870017485632569, 0.4696953359384534, 0.8365571619181694, 0.8214385364304476, 0.9059670846471409, 0.5, 0.5, 0.5, 0.5, 0.5, 0.5, 0.5, 0.5, 0.5, 0.5 * 0.0000328364200608, 0.0002206894031073, 0.0007745084085273, 0.0030701596699850, 0.0028855213210923, 0.0012976090704108, 0.0272396147854063, 0.1333932226067757, 0.2148150606516818, 0.9671083991558675 *   0
0.8523306501341661, 0.8168405298222046, 0.9489876739443223, 0.1155528328919564, 0.4310483380365411, 0.3666837026209960, 0.1116678594200257, 0.8564375987539243, 0.6400699325092463, 0.5, 0.5, 0.5, 0.5, 0.5, 0.5, 0.5, 0.5, 0.5, 0.5 * 0.0003959473374130, 0.0006240646870703, 0.0032216411619939, 0.0005857997336869, 0.0021800840695521, 0.0032175557966192, 0.0009425257096102, 0.0650210757098892, 0.2204351232810481, 0.9732180403110589 *   0
