0.3210847491030976, 0.0113720013812985, 0.6483267595285209, 0.0163031397463303, 0.0269167143976859, 0.0049982406222253, 0.0353391538538687, 0.7867737369550269, 0.2878468657321515, 0.5, 0.5, 0.5, 0.5, 0.5, 0.5, 0.5, 0.5, 0.5, 0.5 * 1.0000000000000000, 0.0000000000000000, 0.0000000000604095, 0.0000000000000000, 0.0000000000000000, 0.0000000000000000, 0.0000000000000000, 0.0000000000000000, 0.0000000000000000, 0.0000000000000000 *   0
0.1723420522978260, 0.0085367769973989, 0.2318105363435161, 0.2015652759939270, 0.0266435733189078, 0.0189108061692262, 0.2873881050792467, 0.0194394816735012, 0.5814414567227668, 0.5, 0.5, 0.5, 0.5, 0.5, 0.5, 0.5, 0.5, 0.5, 0.5 * 1.0000000000000000, 0.0000000000000000, 0.0000000000000000, 0.0000000000000000, 0.0000000000000000, 0.0000000000000000, 0.0000000000000000, 0.0000000000000000, 0.0000000000000000, 0.0000000000000000 *   0
0.4153164859932458, 0.0015299310914846, 0.2859130633463678, 0.5875785018259559, 0.0106725776617753, 0.0462591112806737, 0.2178827809253162, 0.1293460960170934, 0.1640042458493282, 0.5, 0.5, 0.5, 0.5, 0.5, 0.5, 0.5, 0.5, 0.5, 0.5 * 1.0000000000000000, 0.0000000000000000, 0.0000000000000000, 0.0000000000000000, 0.0000000000000000, 0.0000000000000000, 0.0000000000000000, 0.0000000000000000, 0.0000000000000000, 0.0000000000000000 *   0
0.0880530169643709, 0.0181825491684408, 0.5782147271457196, 0.0161661785171210, 0.0370603026994785, 0.0131042730124222, 0.6029979221536769, 0.0583459264870481, 0.6473744235222109, 0.5, 0.5, 0.5, 0.5, 0.5, 0.5, 0.5, 0.5, 0.5, 0.5 * 1.0000000000000000, 0.0000000000000000, 0.0000000000000000, 0.0000000000000000, 0.0000000000000000, 0.0000000000000000, 0.0000000000000000, 0.0000000000000000, 0.0000000000000000, 0.0000000000000000 *   0
0.4779020093744165, 0.0642220876478693, 0.8131087621734984, 0.1524427817912971, 0.0098807974764522, 0.0168642024588139, 0.0300987032382277, 0.1597127016446147, 0.4820183592299085, 0.5, 0.5, 0.5, 0.5, 0.5, 0.5, 0.5, 0.5, 0.5, 0.5 * 1.0000000000000000, 0.0000000000000000, 0.0000000000000000, 0.0000000000000000, 0.0000000000000000, 0.0000000000000000, 0.0000000000000000, 0.0000000016254888, 0.0000000000000000, 0.0000000000000000 *   0
0.2744171024646690, 0.0382287297575868, 0.1357054613231241, 0.5008977565452911, 0.0977210915171174, 0.0234531345886426, 0.4249948721495433, 0.0971330991467149, 0.0842893673499531, 0.5, 0.5, 0.5, 0.5, 0.5, 0.5, 0.5, 0.5, 0.5, 0.5 * 1.0000000000000000, 0.0000000000000000, 0.0000000000000000, 0.0000000000000000, 0.0000000000000000, 0.0000000000000000, 0.0000000000000000, 0.0000000000000000, 0.0000000000000000, 0.0000000000000000 *   0
0.2097132635348073, 0.0309972083340386, 0.9749470492708250, 0.3294321365325861, 0.0190290510743060, 0.0309765092241468, 0.3823380825958858, 0.1519793463647269, 0.2897367702283602, 0.5, 0.5, 0.5, 0.5, 0.5, 0.5, 0.5, 0.5, 0.5, 0.5 * 0.9922935033455391, 0.0000000000000000, 0.0000000000000000, 0.0000000000000000, 0.0000000000000000, 0.0000000000000000, 0.0000000000000000, 0.1239096574857529, 0.0000000000000000, 0.0000000000000000 *   0
0.2816128191918195, 0.0638128146826349, 0.4595094576755117, 0.4858205679272397, 0.1240269449185706, 0.0788842682162692, 0.0808914532330313, 0.0765360840952658, 0.0142821935071993, 0.5, 0.5, 0.5, 0.5, 0.5, 0.5, 0.5, 0.5, 0.5, 0.5 * 1.0000000000000000, 0.0000000000000000, 0.0000000000000000, 0.0000000000000000, 0.0000000000000000, 0.0000000000000000, 0.0000000000000000, 0.0000000000000000, 0.0000000000000000, 0.0000000000000000 *   0
0.4672190134726553, 0.0842466638815807, 0.0300400150148384, 0.3550290052569606, 0.1300697853463096, 0.0927355620510576, 0.0626033419103377, 0.0651334352163288, 0.1070484528816531, 0.5, 0.5, 0.5, 0.5, 0.5, 0.5, 0.5, 0.5, 0.5, 0.5 * 1.0000000000000000, 0.0000000000000000, 0.0000000000000000, 0.0000000000000000, 0.0000000000000000, 0.0000000000000000, 0.0000000000000000, 0.0000000000000000, 0.0000000000000000, 0.0000000000000000 *   0
0.1008246243469532, 0.0503208507086713, 0.4020399290146492, 0.1543832920279276, 0.1317495126890715, 0.0189477037726658, 0.0401149071008502, 0.8476589433139464, 0.2197619132789606, 0.5, 0.5, 0.5, 0.5, 0.5, 0.5, 0.5, 0.5, 0.5, 0.5 * 0.9999999999999946, 0.0000000000000000, 0.0000001042880920, 0.0000000000000000, 0.0000000000000000, 0.0000000000000000, 0.0000000000000000, 0.0000000000000000, 0.0000000000000000, 0.0000000000000000 *   0
0.8513848436304298, 0.0429475112086849, 0.2868550262818369, 0.9292923370046972, 0.0147681869635210, 0.0585693661396249, 0.2699948625033697, 0.1406724695771339, 0.0923953415324890, 0.5, 0.5, 0.5, 0.5, 0.5, 0.5, 0.5, 0.5, 0.5, 0.5 * 0.9999994731573558, 0.0000000000000000, 0.0000000000000000, 0.0000000000000000, 0.0000000000000000, 0.0000000000000000, 0.0010264915901675, 0.0000000000000000, 0.0000000000000000, 0.0000001617004901 *   0
0.4872772011381002, 0.0002629300580653, 0.1368839406114462, 0.9832638394940941, 0.1139080767118875, 0.1947468329196548, 0.0496400413334556, 0.0065124821879493, 0.2093595677099002, 0.5, 0.5, 0.5, 0.5, 0.5, 0.5, 0.5, 0.5, 0.5, 0.5 * 0.9581045108107893, 0.0000000000000000, 0.0000000000000000, 0.0000000000000000, 0.0000000000000000, 0.0000000000000000, 0.2864188303237377, 0.0000000000000000, 0.0000000000000000, 0.0000000000000000 *   0
0.3265287924215797, 0.0219392040846586, 0.4289103129081941, 0.2583376389268495, 0.0827960777482000, 0.0112837995455059, 0.0917815622369673, 0.3884773097878682, 0.9101853933698429, 0.5, 0.5, 0.5, 0.5, 0.5, 0.5, 0.5, 0.5, 0.5, 0.5 * 0.9999999917361563, 0.0001285600533187, 0.0000000000000000, 0.0000000000000000, 0.0000000000000000, 0.0000000000000000, 0.0000000000000000, 0.0000000000000000, 0.0000000000000000, 0.0000000000000000 *   0
0.2975952472992219, 0.0599450953583909, 0.3329586858548963, 0.9548756195953468, 0.1534452001347417, 0.0414154301590358, 0.0408799466867372, 0.0279765417929630, 0.3961675499548053, 0.5, 0.5, 0.5, 0.5, 0.5, 0.5, 0.5, 0.5, 0.5, 0.5 * 0.9998796178730180, 0.0000000000000000, 0.0000000000000000, 0.0000000000000000, 0.0000000000000000, 0.0000000000000000, 0.0155161129832017, 0.0000000000000000, 0.0000000000000000, 0.0000000000000000 *   0
0.3909963883417641, 0.0910938228904706, 0.5389546265541365, 0.1366174435879185, 0.1899861670983891, 0.0377454841685228, 0.0701789055346413, 0.3469072460881003, 0.0731233205055461, 0.5, 0.5, 0.5, 0.5, 0.5, 0.5, 0.5, 0.5, 0.5, 0.5 * 1.0000000000000000, 0.0000000000000000, 0.0000000000000000, 0.0000000000000000, 0.0000000000000000, 0.0000000000000000, 0.0000000000000000, 0.0000000000000000, 0.0000000000000000, 0.0000000000000000 *   0
0.0611468837881213, 0.0504250256579486, 0.4294720638680607, 0.1850222699274413, 0.0080024581439805, 0.0143283079445028, 0.8540336023336433, 0.2046248024351079, 0.5069157721041310, 0.5, 0.5, 0.5, 0.5, 0.5, 0.5, 0.5, 0.5, 0.5, 0.5 * 0.9999999999999757, 0.0000000000000000, 0.0000000000000000, 0.0000002206051926, 0.0000000000000000, 0.0000000000000000, 0.0000000000000000, 0.0000000000000000, 0.0000000000000000, 0.0000000000000000 *   0
0.4673182137623980, 0.0377163407568430, 0.5932480495391638, 0.1511143763321985, 0.1016869913328844, 0.0345079437990244, 0.3430649774815259, 0.0469716536099890, 0.4437431737052944, 0.5, 0.5, 0.5, 0.5, 0.5, 0.5, 0.5, 0.5, 0.5, 0.5 * 1.0000000000000000, 0.0000000000000000, 0.0000000000000000, 0.0000000000000000, 0.0000000000000000, 0.0000000000000000, 0.0000000000000000, 0.0000000000000000, 0.0000000000000000, 0.0000000000000000 *   0
0.1774955551035216, 0.1222676425810287, 0.2692467124523812, 0.0711320774029624, 0.1131663793293603, 0.0200440981518683, 0.0333791934109196, 0.9888562504150236, 0.4404625307957002, 0.5, 0.5, 0.5, 0.5, 0.5, 0.5, 0.5, 0.5, 0.5, 0.5 * 0.8716703704509584, 0.0000000000000000, 0.4900926088790657, 0.0000000000000000, 0.0000000000000000, 0.0000000000000000, 0.0000000000000000, 0.0000000000000000, 0.0000000000000000, 0.0000000000000000 *   0
0.9898270824876740, 0.1310363035327924, 0.2239018032438596, 0.2577584415011846, 0.0182692990723389, 0.0365498992784647, 0.2790521598789152, 0.7601977613569227, 0.0399343171342902, 0.5, 0.5, 0.5, 0.5, 0.5, 0.5, 0.5, 0.5, 0.5, 0.5 * 0.8445853554170023, 0.0000000000000000, 0.0000000000016422, 0.0000000000000000, 0.0000000000000000, 0.0000000000000000, 0.0000000000000000, 0.0000000000000000, 0.0000000000000000, 0.5354209347934912 *   0
0.5790975394561410, 0.0732136844066967, 0.9707665257019766, 0.2874275149253325, 0.0595873934494273, 0.0268168114250604, 0.2071409170549088, 0.3005552647172265, 0.3773347676626103, 0.5, 0.5, 0.5, 0.5, 0.5, 0.5, 0.5, 0.5, 0.5, 0.5 * 0.9967346348927817, 0.0000000000000000, 0.0000000000000000, 0.0000000000000000, 0.0000000000000000, 0.0000000000000000, 0.0000000000000000, 0.0807469355774772, 0.0000000000000000, 0.0000000000000000 *   0
0.7703361705738754, 0.0565094384627926, 0.3773208085341941, 0.3168001879550518, 0.0401008255035155, 0.2724027839826433, 0.0353583814740919, 0.0666251345847850, 0.0520099369119899, 0.5, 0.5, 0.5, 0.5, 0.5, 0.5, 0.5, 0.5, 0.5, 0.5 * 1.0000000000000000, 0.0000000000000000, 0.0000000000000000, 0.0000000000000000, 0.0000000000000000, 0.0000000000000000, 0.0000000000000000, 0.0000000000000000, 0.0000000000000000, 0.0000000000073139 *   0
0.2589592348127436, 0.0189285283065068, 0.6187847655353996, 0.1193245426375999, 0.1234856304356296, 0.1603659550474798, 0.1724674055224598, 0.0584674435939954, 0.4208717879005111, 0.5, 0.5, 0.5, 0.5, 0.5, 0.5, 0.5, 0.5, 0.5, 0.5 * 1.0000000000000000, 0.0000000000000000, 0.0000000000000000, 0.0000000000000000, 0.0000000000000000, 0.0000000000000000, 0.0000000000000000, 0.0000000000000000, 0.0000000000000000, 0.0000000000000000 *   0
0.5275400935334806, 0.0409467946928678, 0.8207242436803525, 0.2642376251817856, 0.1022534682891581, 0.0213210657338244, 0.2882241179646105, 0.3691880569649805, 0.2185551124711312, 0.5, 0.5, 0.5, 0.5, 0.5, 0.5, 0.5, 0.5, 0.5, 0.5 * 1.0000000000000000, 0.0000000000000000, 0.0000000000000000, 0.0000000000000000, 0.0000000000000000, 0.0000000000000000, 0.0000000000000000, 0.0000000041290117, 0.0000000000000000, 0.0000000000000000 *   0
0.5431915244754364, 0.0298461015475197, 0.3106484996670151, 0.0587381641654010, 0.0730314101432596, 0.4090625827242912, 0.0589161510853638, 0.1352776541073237, 0.0718215392305616, 0.5, 0.5, 0.5, 0.5, 0.5, 0.5, 0.5, 0.5, 0.5, 0.5 * 1.0000000000000000, 0.0000000000000000, 0.0000000000000000, 0.0000000000000000, 0.0000000000000000, 0.0000000000000000, 0.0000000000000000, 0.0000000000000000, 0.0000000000000000, 0.0000000000000000 *   0
0.8379695819867633, 0.1681674361080711, 0.1145674042005871, 0.2838973120245604, 0.0340211512679333, 0.1297134305954508, 0.1672582589868727, 0.2064003596112134, 0.0086395698639748, 0.5, 0.5, 0.5, 0.5, 0.5, 0.5, 0.5, 0.5, 0.5, 0.5 * 0.9999999999999994, 0.0000000000000000, 0.0000000000000000, 0.0000000000000000, 0.0000000000000000, 0.0000000000000000, 0.0000000000000000, 0.0000000000000000, 0.0000000000000000, 0.0000000330327929 *   0
0.7041023199931263, 0.1256120131004658, 0.6308283967109529, 0.1322561740559787, 0.1615710799403354, 0.0042679733616616, 0.5409286094554367, 0.0417979262032536, 0.0861511873482499, 0.5, 0.5, 0.5, 0.5, 0.5, 0.5, 0.5, 0.5, 0.5, 0.5 * 1.0000000000000000, 0.0000000000000000, 0.0000000000000000, 0.0000000000000000, 0.0000000000000000, 0.0000000000000000, 0.0000000000000000, 0.0000000000000000, 0.0000000000000000, 0.0000000000000009 *   0
0.3143900182630820, 0.0339873023489431, 0.1923527737112496, 0.3136143196903236, 0.1909746402832561, 0.0807140833142745, 0.0167738855894533, 0.2530406682067740, 0.6512166870065111, 0.5, 0.5, 0.5, 0.5, 0.5, 0.5, 0.5, 0.5, 0.5, 0.5 * 1.0000000000000000, 0.0000000000000000, 0.0000000000000000, 0.0000000000000000, 0.0000000000000000, 0.0000000000000000, 0.0000000000000000, 0.0000000000000000, 0.0000000000000000, 0.0000000000000000 *   0
0.1935949149511731, 0.0657978533142236, 0.7759042488298864, 0.5427755492472908, 0.0435976172069077, 0.1168017997950324, 0.3991221088911975, 0.1641455852259628, 0.0801662449166953, 0.5, 0.5, 0.5, 0.5, 0.5, 0.5, 0.5, 0.5, 0.5, 0.5 * 1.0000000000000000, 0.0000000000000000, 0.0000000000000000, 0.0000000000000000, 0.0000000000000000, 0.0000000000000000, 0.0000000000000000, 0.0000000000150291, 0.0000000000000000, 0.0000000000000000 *   0
0.8234431128126770, 0.1424622089334122, 0.2455164972904681, 0.4441352754105513, 0.1105421693579025, 0.0685264421946027, 0.2960937266685505, 0.0910533015108916, 0.0381451887256211, 0.5, 0.5, 0.5, 0.5, 0.5, 0.5, 0.5, 0.5, 0.5, 0.5 * 1.0000000000000000, 0.0000000000000000, 0.0000000000000000, 0.0000000000000000, 0.0000000000000000, 0.0000000000000000, 0.0000000000000000, 0.0000000000000000, 0.0000000000000000, 0.0000000057475139 *   0
0.8032764530755936, 0.1556686783003009, 0.2578055626981918, 0.3049186301906214, 0.0283421231565727, 0.0943154059789681, 0.2613104266400032, 0.0509964847243375, 0.2473245590214266, 0.5, 0.5, 0.5, 0.5, 0.5, 0.5, 0.5, 0.5, 0.5, 0.5 * 1.0000000000000000, 0.0000000000000000, 0.0000000000000000, 0.0000000000000000, 0.0000000000000000, 0.0000000000000000, 0.0000000000000000, 0.0000000000000000, 0.0000000000000000, 0.0000000004815302 *   0
0.7772254821738347, 0.0287523730791883, 0.7795763946043217, 0.2342507728534987, 0.0477229980974100, 0.0028365245102143, 0.4689169444464691, 0.1118286261855758, 0.8379460558471949, 0.5, 0.5, 0.5, 0.5, 0.5, 0.5, 0.5, 0.5, 0.5, 0.5 * 0.9999999999999994, 0.0000000329401815, 0.0000000000000000, 0.0000000000000000, 0.0000000000000000, 0.0000000000000000, 0.0000000000000000, 0.0000000000240984, 0.0000000000000000, 0.0000000000178165 *   0
0.1768068178448858, 0.1675767638569590, 0.2717846828847121, 0.4481023803577304, 0.0373898102144663, 0.1126410579833393, 0.2714782446955695, 0.4387270218873057, 0.0049571492732303, 0.5, 0.5, 0.5, 0.5, 0.5, 0.5, 0.5, 0.5, 0.5, 0.5 * 1.0000000000000000, 0.0000000000000000, 0.0000000000000000, 0.0000000000000000, 0.0000000000000000, 0.0000000000000000, 0.0000000000000000, 0.0000000000000000, 0.0000000000000000, 0.0000000000000000 *   0
0.0361638516356069, 0.0632781875614441, 0.0337490281247297, 0.3250292103388483, 0.2513980694354503, 0.1942401017035544, 0.4610257560671427, 0.0459137014327169, 0.0528835794203373, 0.5, 0.5, 0.5, 0.5, 0.5, 0.5, 0.5, 0.5, 0.5, 0.5 * 1.0000000000000000, 0.0000000000000000, 0.0000000000000000, 0.0000000000000000, 0.0000000000000000, 0.0000000000000000, 0.0000000000000000, 0.0000000000000000, 0.0000000000000000, 0.0000000000000000 *   0
0.1900277771940584, 0.0521588893850143, 0.7898841843893212, 0.0417438866764977, 0.0139381284890408, 0.3089521957137399, 0.1642466132362590, 0.3534764411642572, 0.1781841438162067, 0.5, 0.5, 0.5, 0.5, 0.5, 0.5, 0.5, 0.5, 0.5, 0.5 * 1.0000000000000000, 0.0000000000000000, 0.0000000000000000, 0.0000000000000000, 0.0000000000000000, 0.0000000000000000, 0.0000000000000000, 0.0000000000896317, 0.0000000000000000, 0.0000000000000000 *   0
0.1328039216496069, 0.0261715157079378, 0.4181780956770191, 0.1591502247188009, 0.2359571430068264, 0.2041025255825848, 0.0512948385678673, 0.3902463705233514, 0.2286120905674119, 0.5, 0.5, 0.5, 0.5, 0.5, 0.5, 0.5, 0.5, 0.5, 0.5 * 1.0000000000000000, 0.0000000000000000, 0.0000000000000000, 0.0000000000000000, 0.0000000000000000, 0.0000000000000000, 0.0000000000000000, 0.0000000000000000, 0.0000000000000000, 0.0000000000000000 *   0
0.2234782395993724, 0.1426150357083487, 0.4436984837258693, 0.2884138232508739, 0.0336829717427879, 0.0359245590101576, 0.0656208861924805, 0.7137835578591486, 0.4901529068547082, 0.5, 0.5, 0.5, 0.5, 0.5, 0.5, 0.5, 0.5, 0.5, 0.5 * 1.0000000000000000, 0.0000000000000000, 0.0000000000000036, 0.0000000000000000, 0.0000000000000000, 0.0000000000000000, 0.0000000000000000, 0.0000000000000000, 0.0000000000000000, 0.0000000000000000 *   0
0.0451334156306150, 0.0198468314576181, 0.7032192469123840, 0.8646628972444045, 0.0546864476309560, 0.0230347355934953, 0.2990208521015108, 0.9143096725057390, 0.3191057519610532, 0.5, 0.5, 0.5, 0.5, 0.5, 0.5, 0.5, 0.5, 0.5, 0.5 * 0.9999999795883204, 0.0000000000000000, 0.0002020464827319, 0.0000000000000000, 0.0000000000000000, 0.0000000000000000, 0.0000007599801576, 0.0000000000000008, 0.0000000000000000, 0.0000000000000000 *   0
0.1186451130167791, 0.0201537557971448, 0.1403507674766475, 0.1140520279826839, 0.2066834113591739, 0.0950959572080038, 0.5918431368618473, 0.0807873043607861, 0.9689669324871930, 0.5, 0.5, 0.5, 0.5, 0.5, 0.5, 0.5, 0.5, 0.5, 0.5 * 0.9977466022850771, 0.0670948405511507, 0.0000000000000000, 0.0000000000000000, 0.0000000000000000, 0.0000000000000000, 0.0000000000000000, 0.0000000000000000, 0.0000000000000000, 0.0000000000000000 *   0
0.2015580940998896, 0.2247239827293549, 0.3634075761602296, 0.3261729913419918, 0.0246516727025861, 0.0141384736700628, 0.2668897347836242, 0.0606115614346282, 0.7289503480908229, 0.5, 0.5, 0.5, 0.5, 0.5, 0.5, 0.5, 0.5, 0.5, 0.5 * 1.0000000000000000, 0.0000000000000292, 0.0000000000000000, 0.0000000000000000, 0.0000000000000000, 0.0000000000000000, 0.0000000000000000, 0.0000000000000000, 0.0000000000000000, 0.0000000000000000 *   0
0.5038871599845063, 0.0585684576344529, 0.6105346575428428, 0.6357782299796949, 0.1911157426382954, 0.0107672596400451, 0.6558313787243475, 0.2076724922320212, 0.0460349284326820, 0.5, 0.5, 0.5, 0.5, 0.5, 0.5, 0.5, 0.5, 0.5, 0.5 * 1.0000000000000000, 0.0000000000000000, 0.0000000000000000, 0.0000000000000000, 0.0000000000000000, 0.0000000000000000, 0.0000000000000000, 0.0000000000000000, 0.0000000000000000, 0.0000000000000000 *   0
0.4001385836862673, 0.0434183343515817, 0.8582206912609844, 0.0017758323819264, 0.0528362482100894, 0.4992492853194705, 0.1107060988949174, 0.0089726233896672, 0.2531909762198064, 0.5, 0.5, 0.5, 0.5, 0.5, 0.5, 0.5, 0.5, 0.5, 0.5 * 0.9999999999999353, 0.0000000000000000, 0.0000000000000000, 0.0000000000000000, 0.0000000000000000, 0.0000000000000000, 0.0000000000000000, 0.0000003597642218, 0.0000000000000000, 0.0000000000000000 *   0
0.1979708625925569, 0.0637750206812169, 0.0303996461585162, 0.1038377942069610, 0.6428244298523406, 0.0388336344802909, 0.3914829233621633, 0.4314106239152191, 0.0531898522997228, 0.5, 0.5, 0.5, 0.5, 0.5, 0.5, 0.5, 0.5, 0.5, 0.5 * 1.0000000000000000, 0.0000000000000000, 0.0000000000000000, 0.0000000000000000, 0.0000000000000000, 0.0000000000000000, 0.0000000000000000, 0.0000000000000000, 0.0000000000000000, 0.0000000000000000 *   0
0.8066718209565952, 0.1358498708046274, 0.2308840822572280, 0.8453386909539525, 0.1102133631288136, 0.0681594582591948, 0.2224039659939725, 0.3465171867732504, 0.0354292802677626, 0.5, 0.5, 0.5, 0.5, 0.5, 0.5, 0.5, 0.5, 0.5, 0.5 * 0.9999999999999969, 0.0000000000000000, 0.0000000000000000, 0.0000000000000000, 0.0000000000000000, 0.0000000000000000, 0.0000000792856472, 0.0000000000000000, 0.0000000000000000, 0.0000000007341901 *   0
0.2473182949457868, 0.0181710627014614, 0.0877945917136011, 0.0051817372465421, 0.3293368813252714, 0.0475756637973598, 0.8105270815130915, 0.2682929179949187, 0.4468430771710551, 0.5, 0.5, 0.5, 0.5, 0.5, 0.5, 0.5, 0.5, 0.5, 0.5 * 1.0000000000000000, 0.0000000000000000, 0.0000000000000000, 0.0000000011826954, 0.0000000000000000, 0.0000000000000000, 0.0000000000000000, 0.0000000000000000, 0.0000000000000000, 0.0000000000000000 *   0
0.4223735781490680, 0.0913481465966199, 0.0327122393216529, 0.0086906333494422, 0.5223322559717727, 0.0184176941488021, 0.2730470883068848, 0.9673776114207588, 0.1462905780162153, 0.5, 0.5, 0.5, 0.5, 0.5, 0.5, 0.5, 0.5, 0.5, 0.5 * 0.9983770742154551, 0.0000000000000000, 0.0569492553154799, 0.0000000000000000, 0.0000000000000000, 0.0000000000000000, 0.0000000000000000, 0.0000000000000000, 0.0000000000000000, 0.0000000000000000 *   0
0.2531400482417737, 0.1047840435545817, 0.8028467808863365, 0.3396360275054518, 0.3214447183168702, 0.0075638350134547, 0.3538671933831029, 0.3633284030311408, 0.1042644498423973, 0.5, 0.5, 0.5, 0.5, 0.5, 0.5, 0.5, 0.5, 0.5, 0.5 * 1.0000000000000000, 0.0000000000000000, 0.0000000000000000, 0.0000000000000000, 0.0000000000000000, 0.0000000000000000, 0.0000000000000000, 0.0000000004564434, 0.0000000000000000, 0.0000000000000000 *   0
0.5537798272230569, 0.1547432235231359, 0.6229655289198112, 0.7147924772998283, 0.0993765187912511, 0.0346994442095512, 0.3888670636289134, 0.2156785429528349, 0.1234077779219522, 0.5, 0.5, 0.5, 0.5, 0.5, 0.5, 0.5, 0.5, 0.5, 0.5 * 1.0000000000000000, 0.0000000000000000, 0.0000000000000000, 0.0000000000000000, 0.0000000000000000, 0.0000000000000000, 0.0000000000000041, 0.0000000000000000, 0.0000000000000000, 0.0000000000000000 *   0
0.1515770443489668, 0.3171146154949044, 0.6184897202153177, 0.2633390874896846, 0.4410205234033151, 0.0047059729717234, 0.0099275629082357, 0.1835407922899075, 0.1037536724953697, 0.5, 0.5, 0.5, 0.5, 0.5, 0.5, 0.5, 0.5, 0.5, 0.5 * 1.0000000000000000, 0.0000000000000000, 0.0000000000000000, 0.0000000000000000, 0.0000000000000000, 0.0000000000000000, 0.0000000000000000, 0.0000000000000000, 0.0000000000000000, 0.0000000000000000 *   0
0.5999981549568466, 0.2814794887236690, 0.3306522557189000, 0.1816010136071597, 0.0007587089206831, 0.0028892895220263, 0.1143399747620989, 0.8429151260493859, 0.5102480629041083, 0.5, 0.5, 0.5, 0.5, 0.5, 0.5, 0.5, 0.5, 0.5, 0.5 * 0.9999999999999982, 0.0000000000000000, 0.0000000594983067, 0.0000000000000000, 0.0000000000000000, 0.0000000000000000, 0.0000000000000000, 0.0000000000000000, 0.0000000000000000, 0.0000000000000000 *   0
0.2987040454981402, 0.0278709586839522, 0.1156925550269394, 0.4083553857208953, 0.0677319807315860, 0.2098328071692180, 0.4141109196534897, 0.2742352663885035, 0.6160893065929829, 0.5, 0.5, 0.5, 0.5, 0.5, 0.5, 0.5, 0.5, 0.5, 0.5 * 1.0000000000000000, 0.0000000000000000, 0.0000000000000000, 0.0000000000000000, 0.0000000000000000, 0.0000000000000000, 0.0000000000000000, 0.0000000000000000, 0.0000000000000000, 0.0000000000000000 *   0
0.2489076611813659, 0.1107256468901064, 0.3149067416390901, 0.7231850026749005, 0.1291824263190769, 0.1648158725187256, 0.2765772777034795, 0.2257540371388914, 0.2125299820734793, 0.5, 0.5, 0.5, 0.5, 0.5, 0.5, 0.5, 0.5, 0.5, 0.5 * 1.0000000000000000, 0.0000000000000000, 0.0000000000000000, 0.0000000000000000, 0.0000000000000000, 0.0000000000000000, 0.0000000000000132, 0.0000000000000000, 0.0000000000000000, 0.0000000000000000 *   0
0.1422733660518533, 0.1409344222121567, 0.3430201692241338, 0.0834591244736030, 0.2099926696205477, 0.0164090436959681, 0.8101974580484430, 0.2458339013372706, 0.4413215440890386, 0.5, 0.5, 0.5, 0.5, 0.5, 0.5, 0.5, 0.5, 0.5, 0.5 * 1.0000000000000000, 0.0000000000000000, 0.0000000000000000, 0.0000000011355532, 0.0000000000000000, 0.0000000000000000, 0.0000000000000000, 0.0000000000000000, 0.0000000000000000, 0.0000000000000000 *   0
0.2902129931795471, 0.0276458300778856, 0.0861585992789635, 0.6229475250574515, 0.1489227503300285, 0.0914586838760686, 0.1777173491091082, 0.6007417038086530, 0.7516850376276696, 0.5, 0.5, 0.5, 0.5, 0.5, 0.5, 0.5, 0.5, 0.5, 0.5 * 1.0000000000000000, 0.0000000000006305, 0.0000000000000000, 0.0000000000000000, 0.0000000000000000, 0.0000000000000000, 0.0000000000000000, 0.0000000000000000, 0.0000000000000000, 0.0000000000000000 *   0
0.4668819338394711, 0.4436045924404657, 0.5151528196945567, 0.0465928730771844, 0.2236794769874213, 0.0395409651284762, 0.1061467854800386, 0.1605823520387441, 0.1614959343157224, 0.5, 0.5, 0.5, 0.5, 0.5, 0.5, 0.5, 0.5, 0.5, 0.5 * 1.0000000000000000, 0.0000000000000000, 0.0000000000000000, 0.0000000000000000, 0.0000000000000000, 0.0000000000000000, 0.0000000000000000, 0.0000000000000000, 0.0000000000000000, 0.0000000000000000 *   0
0.8369591100313510, 0.0154091646035245, 0.3144848152596899, 0.3712384646624506, 0.3666941348308204, 0.0014833672910386, 0.2806417365933963, 0.5294096691205211, 0.4571792927836903, 0.5, 0.5, 0.5, 0.5, 0.5, 0.5, 0.5, 0.5, 0.5, 0.5 * 0.9999999999999996, 0.0000000000000000, 0.0000000000000000, 0.0000000000000000, 0.0000000000000000, 0.0000000000000000, 0.0000000000000000, 0.0000000000000000, 0.0000000000000000, 0.0000000292781725 *   0
0.3391264483049169, 0.0100391344214040, 0.9913223227445606, 0.3204166317919347, 0.0003629978747866, 0.2423711140837386, 0.8119477973375226, 0.2959703022129695, 0.4220674621975363, 0.5, 0.5, 0.5, 0.5, 0.5, 0.5, 0.5, 0.5, 0.5, 0.5 * 0.7917882110616069, 0.0000000000000000, 0.0000000000000000, 0.0000000011156802, 0.0000000000000000, 0.0000000000000000, 0.0000000000000000, 0.6107957341238233, 0.0000000000000000, 0.0000000000000000 *   0
0.0817630892068907, 0.2015095777816650, 0.0056202383738105, 0.0233024051521450, 0.6575635115884074, 0.2370344336317081, 0.0422152485895042, 0.1356208837291323, 0.0817566039421393, 0.5, 0.5, 0.5, 0.5, 0.5, 0.5, 0.5, 0.5, 0.5, 0.5 * 1.0000000000000000, 0.0000000000000000, 0.0000000000000000, 0.0000000000000000, 0.0000000000000000, 0.0000000000000000, 0.0000000000000000, 0.0000000000000000, 0.0000000000000000, 0.0000000000000000 *   0
0.3309656085125011, 0.0278634666594972, 0.7187758291693291, 0.7050362488744017, 0.3424460465751803, 0.2002136694268387, 0.3620243903072665, 0.0891999369902536, 0.0116158425862043, 0.5, 0.5, 0.5, 0.5, 0.5, 0.5, 0.5, 0.5, 0.5, 0.5 * 1.0000000000000000, 0.0000000000000000, 0.0000000000000000, 0.0000000000000000, 0.0000000000000000, 0.0000000000000000, 0.0000000000000010, 0.0000000000000072, 0.0000000000000000, 0.0000000000000000 *   0
0.0506034805675053, 0.0655609551191148, 0.9619238134296256, 0.1553347041622432, 0.0790875573079509, 0.1179375695613853, 0.5582928059428431, 0.7998080397023857, 0.5139428384201336, 0.5, 0.5, 0.5, 0.5, 0.5, 0.5, 0.5, 0.5, 0.5, 0.5 * 0.9994760292004146, 0.0000000000000000, 0.0000000003122258, 0.0000000000000000, 0.0000000000000000, 0.0000000000000000, 0.0000000000000000, 0.0323676853323201, 0.0000000000000000, 0.0000000000000000 *   0
0.1416500556010986, 0.3163119705004208, 0.0510826832852711, 0.2981983941505655, 0.0283511625734862, 0.1338129132677861, 0.5078842749390212, 0.0688752341404908, 0.5273832806979228, 0.5, 0.5, 0.5, 0.5, 0.5, 0.5, 0.5, 0.5, 0.5, 0.5 * 1.0000000000000000, 0.0000000000000000, 0.0000000000000000, 0.0000000000000000, 0.0000000000000000, 0.0000000000000000, 0.0000000000000000, 0.0000000000000000, 0.0000000000000000, 0.0000000000000000 *   0
0.6786672629782312, 0.5338636979152745, 0.5594738156346016, 0.2039392591472432, 0.1485658102429313, 0.0403116154672166, 0.1907703882040318, 0.1271464820611973, 0.0108329961126824, 0.5, 0.5, 0.5, 0.5, 0.5, 0.5, 0.5, 0.5, 0.5, 0.5 * 1.0000000000000000, 0.0000000000000000, 0.0000000000000000, 0.0000000000000000, 0.0000000000000000, 0.0000000000000000, 0.0000000000000000, 0.0000000000000000, 0.0000000000000000, 0.0000000000000000 *   0
0.2217607392099503, 0.0880062431506842, 0.0217914031919983, 0.8373608844528724, 0.0561549063102132, 0.1794818929301025, 0.1591948094587749, 0.6673836571478209, 0.5467868203049464, 0.5, 0.5, 0.5, 0.5, 0.5, 0.5, 0.5, 0.5, 0.5, 0.5 * 0.9999999999999996, 0.0000000000000000, 0.0000000000000000, 0.0000000000000000, 0.0000000000000000, 0.0000000000000000, 0.0000000307175706, 0.0000000000000000, 0.0000000000000000, 0.0000000000000000 *   0
0.5243733388019601, 0.3205003348740285, 0.9160165893454182, 0.7177055695642277, 0.1570120612890516, 0.0192840402104352, 0.2703027190967942, 0.2762772134860406, 0.0275145056785618, 0.5, 0.5, 0.5, 0.5, 0.5, 0.5, 0.5, 0.5, 0.5, 0.5 * 0.9999999703600446, 0.0000000000000000, 0.0000000000000000, 0.0000000000000000, 0.0000000000000000, 0.0000000000000000, 0.0000000000000062, 0.0002434746596798, 0.0000000000000000, 0.0000000000000000 *   0
0.1454757708802241, 0.1644175798466511, 0.1876400430629216, 0.2121759216357842, 0.0449637412302959, 0.6504598099973331, 0.0589213157347037, 0.0714846733359083, 0.3080339135173866, 0.5, 0.5, 0.5, 0.5, 0.5, 0.5, 0.5, 0.5, 0.5, 0.5 * 1.0000000000000000, 0.0000000000000000, 0.0000000000000000, 0.0000000000000000, 0.0000000000000000, 0.0000000000000000, 0.0000000000000000, 0.0000000000000000, 0.0000000000000000, 0.0000000000000000 *   0
0.7316351652758359, 0.0660320488112197, 0.7119274170659144, 0.0658287238636188, 0.2299053707299313, 0.2458914188881830, 0.7311778635397450, 0.1138113220752270, 0.0345897283566136, 0.5, 0.5, 0.5, 0.5, 0.5, 0.5, 0.5, 0.5, 0.5, 0.5 * 1.0000000000000000, 0.0000000000000000, 0.0000000000000000, 0.0000000000000397, 0.0000000000000000, 0.0000000000000000, 0.0000000000000000, 0.0000000000000028, 0.0000000000000000, 0.0000000000000422 *   0
0.6466895018921650, 0.3062777343701002, 0.9168978505380907, 0.1521841455959641, 0.1360033997967855, 0.0546846636825635, 0.4232135268036339, 0.2135517109248562, 0.2723152741195239, 0.5, 0.5, 0.5, 0.5, 0.5, 0.5, 0.5, 0.5, 0.5, 0.5 * 0.9999999640746771, 0.0000000000000000, 0.0000000000000000, 0.0000000000000000, 0.0000000000000000, 0.0000000000000000, 0.0000000000000000, 0.0002680497054188, 0.0000000000000000, 0.0000000000000000 *   0
0.4433406467751324, 0.0388115542190203, 0.0827113544022252, 0.9794799727292173, 0.3140443853633685, 0.3156463640349202, 0.2395182434653483, 0.5710809545456809, 0.0119352787788656, 0.5, 0.5, 0.5, 0.5, 0.5, 0.5, 0.5, 0.5, 0.5, 0.5 * 0.9805504748741899, 0.0000000000000000, 0.0000000000000000, 0.0000000000000000, 0.0000000000000000, 0.0000000000000000, 0.1962670788084457, 0.0000000000000000, 0.0000000000000000, 0.0000000000000000 *   0
0.3645722769967151, 0.1562194582802334, 0.5221935145194612, 0.1574535207624796, 0.2015216188512378, 0.0849885521852358, 0.4510665067709361, 0.4343092140901411, 0.4834899383054534, 0.5, 0.5, 0.5, 0.5, 0.5, 0.5, 0.5, 0.5, 0.5, 0.5 * 1.0000000000000000, 0.0000000000000000, 0.0000000000000000, 0.0000000000000000, 0.0000000000000000, 0.0000000000000000, 0.0000000000000000, 0.0000000000000000, 0.0000000000000000, 0.0000000000000000 *   0
0.8244810159432148, 0.1104973000988817, 0.3123379155585253, 0.1615700643330673, 0.5353777085129999, 0.1859675865555031, 0.0280687823091023, 0.4174374092451471, 0.1541095297569919, 0.5, 0.5, 0.5, 0.5, 0.5, 0.5, 0.5, 0.5, 0.5, 0.5 * 1.0000000000000000, 0.0000000000000000, 0.0000000000000000, 0.0000000000000000, 0.0000000000000000, 0.0000000000000000, 0.0000000000000000, 0.0000000000000000, 0.0000000000000000, 0.0000000065190739 *   0
0.2011381039401228, 0.4018549897716637, 0.7594593561996982, 0.1048743632179100, 0.0013513281016384, 0.0538149308663862, 0.3922096916438125, 0.3407764077842126, 0.6235803643351330, 0.5, 0.5, 0.5, 0.5, 0.5, 0.5, 0.5, 0.5, 0.5, 0.5 * 1.0000000000000000, 0.0000000000000000, 0.0000000000000000, 0.0000000000000000, 0.0000000000000000, 0.0000000000000000, 0.0000000000000000, 0.0000000000017643, 0.0000000000000000, 0.0000000000000000 *   0
0.0045868293403587, 0.1885343325270965, 0.2926100107341120, 0.2976248288981732, 0.1646101009867201, 0.2516473528238234, 0.2269471530928030, 0.4070315516586562, 0.5598924604989087, 0.5, 0.5, 0.5, 0.5, 0.5, 0.5, 0.5, 0.5, 0.5, 0.5 * 1.0000000000000000, 0.0000000000000000, 0.0000000000000000, 0.0000000000000000, 0.0000000000000000, 0.0000000000000000, 0.0000000000000000, 0.0000000000000000, 0.0000000000000000, 0.0000000000000000 *   0
0.3065152099852055, 0.0562327830382775, 0.5091209940189128, 0.1009542635180774, 0.0420498647922882, 0.5742595766551138, 0.3268873339178447, 0.7969096693195913, 0.0349245541891663, 0.5, 0.5, 0.5, 0.5, 0.5, 0.5, 0.5, 0.5, 0.5, 0.5 * 1.0000000000000000, 0.0000000000000000, 0.0000000002172849, 0.0000000000000000, 0.0000000000000000, 0.0000000000000000, 0.0000000000000000, 0.0000000000000000, 0.0000000000000000, 0.0000000000000000 *   0
0.0412025633459923, 0.4305583487407110, 0.1728595351673940, 0.5658131155957529, 0.0272045522123596, 0.0218437221002969, 0.9139562039235403, 0.0959289754256275, 0.5984654783264107, 0.5, 0.5, 0.5, 0.5, 0.5, 0.5, 0.5, 0.5, 0.5, 0.5 * 0.9999999811076148, 0.0000000000000000, 0.0000000000000000, 0.0001943830498481, 0.0000000000000000, 0.0000000000000000, 0.0000000000000000, 0.0000000000000000, 0.0000000000000000, 0.0000000000000000 *   0
0.1615004451766147, 0.8357423943633877, 0.1616607122876033, 0.8174208741716207, 0.0009769522589524, 0.1130653694798543, 0.0589086422971024, 0.0545906471342736, 0.2513822597690775, 0.5, 0.5, 0.5, 0.5, 0.5, 0.5, 0.5, 0.5, 0.5, 0.5 * 0.9999999999999997, 0.0000000000000000, 0.0000000000000000, 0.0000000000000000, 0.0000000000000000, 0.0000000000000000, 0.0000000027586225, 0.0000000000000000, 0.0000000253141400, 0.0000000000000000 *   0
0.3471014496624011, 0.0702465637914122, 0.4731539252554783, 0.0766880372896269, 0.1661904608673372, 0.2027872317483589, 0.9380497033419319, 0.7655347375038707, 0.2478226452357241, 0.5, 0.5, 0.5, 0.5, 0.5, 0.5, 0.5, 0.5, 0.5, 0.5 * 0.9999965614163174, 0.0000000000000000, 0.0000000000039139, 0.0026224331338086, 0.0000000000000000, 0.0000000000000000, 0.0000000000000000, 0.0000000000000000, 0.0000000000000000, 0.0000000000000000 *   0
0.2013774789876200, 0.1056939522296628, 0.1612266489124050, 0.1966085146165493, 0.5835959616040792, 0.2254487365602743, 0.0097172767900477, 0.7360387438610376, 0.2353295340367265, 0.5, 0.5, 0.5, 0.5, 0.5, 0.5, 0.5, 0.5, 0.5, 0.5 * 1.0000000000000000, 0.0000000000000000, 0.0000000000000769, 0.0000000000000000, 0.0000000000000000, 0.0000000000000000, 0.0000000000000000, 0.0000000000000000, 0.0000000000000000, 0.0000000000000000 *   0
0.4326146391372265, 0.3804170472456221, 0.8387632588105105, 0.8582097002576150, 0.0029465216225695, 0.1495133485409959, 0.0373672000306506, 0.2222993658959397, 0.4030941559016212, 0.5, 0.5, 0.5, 0.5, 0.5, 0.5, 0.5, 0.5, 0.5, 0.5 * 0.9999999999999348, 0.0000000000000000, 0.0000000000000000, 0.0000000000000000, 0.0000000000000000, 0.0000000000000000, 0.0000003593037734, 0.0000000363127980, 0.0000000000000000, 0.0000000000000000 *   0
0.3739005673555194, 0.3591014832999099, 0.5480346691552711, 0.7173203028353491, 0.0954348342937580, 0.0405249819348217, 0.9095401274550428, 0.0682235188168583, 0.1871813932374033, 0.5, 0.5, 0.5, 0.5, 0.5, 0.5, 0.5, 0.5, 0.5, 0.5 * 0.9999999928289526, 0.0000000000000000, 0.0000000000000000, 0.0001197584857243, 0.0000000000000000, 0.0000000000000000, 0.0000000000000059, 0.0000000000000000, 0.0000000000000000, 0.0000000000000000 *   0
0.5482124074121063, 0.1521418938190406, 0.1453095190903682, 0.1490908312374218, 0.2093346455177919, 0.1733223088892746, 0.2358837547879125, 0.7383952875334747, 0.5166236541777028, 0.5, 0.5, 0.5, 0.5, 0.5, 0.5, 0.5, 0.5, 0.5, 0.5 * 1.0000000000000000, 0.0000000000000000, 0.0000000000001059, 0.0000000000000000, 0.0000000000000000, 0.0000000000000000, 0.0000000000000000, 0.0000000000000000, 0.0000000000000000, 0.0000000000000000 *   0
0.6955253969391461, 0.2741202373402753, 0.1814505379560639, 0.5631302504628571, 0.0781071335441001, 0.0529075972982252, 0.6017266333111220, 0.8948918585176077, 0.1097549265761650, 0.5, 0.5, 0.5, 0.5, 0.5, 0.5, 0.5, 0.5, 0.5, 0.5 * 0.9999999997211818, 0.0000000000000000, 0.0000236143272620, 0.0000000000000000, 0.0000000000000000, 0.0000000000000000, 0.0000000000000000, 0.0000000000000000, 0.0000000000000000, 0.0000000000000003 *   0
0.6450429985509454, 0.0956258690429972, 0.1103408812127732, 0.5316526962125919, 0.1315808352695689, 0.4678476608674264, 0.5535400475159008, 0.2393573407267022, 0.0011863876139682, 0.5, 0.5, 0.5, 0.5, 0.5, 0.5, 0.5, 0.5, 0.5, 0.5 * 1.0000000000000000, 0.0000000000000000, 0.0000000000000000, 0.0000000000000000, 0.0000000000000000, 0.0000000000000000, 0.0000000000000000, 0.0000000000000000, 0.0000000000000000, 0.0000000000000000 *   0
0.1838428625761731, 0.1289461125288839, 0.6845522116332092, 0.9470842550262270, 0.3425760838867054, 0.1321899053324898, 0.4235058582497322, 0.1614867258637616, 0.4514313067549054, 0.5, 0.5, 0.5, 0.5, 0.5, 0.5, 0.5, 0.5, 0.5, 0.5 * 0.9999766153217583, 0.0000000000000000, 0.0000000000000000, 0.0000000000000000, 0.0000000000000000, 0.0000000000000000, 0.0068387725243831, 0.0000000000000001, 0.0000000000000000, 0.0000000000000000 *   0
0.9741229736125669, 0.1791331936508106, 0.1072182581327941, 0.4748452941304284, 0.5129793526199550, 0.0629748455542023, 0.5631534837014757, 0.1339587406879099, 0.4521699275133060, 0.5, 0.5, 0.5, 0.5, 0.5, 0.5, 0.5, 0.5, 0.5, 0.5 * 0.9934912851846677, 0.0000000000000000, 0.0000000000000000, 0.0000000000000000, 0.0000000000000000, 0.0000000000000000, 0.0000000000000000, 0.0000000000000000, 0.0000000000000000, 0.1139081483569866 *   0
0.0504322136055828, 0.0686296113154989, 0.6537782934744741, 0.5961582793836288, 0.8546132840470473, 0.0808900152709754, 0.1818485950035269, 0.3620933105061265, 0.3645337556323660, 0.5, 0.5, 0.5, 0.5, 0.5, 0.5, 0.5, 0.5, 0.5, 0.5 * 0.9999999999999721, 0.0000000000000000, 0.0000000000000000, 0.0000000000000000, 0.0000000000000000, 0.0000002360933718, 0.0000000000000000, 0.0000000000000000, 0.0000000000000000, 0.0000000000000000 *   0
0.6611690244922270, 0.2536252896551160, 0.0770396157526596, 0.2093310184820234, 0.3981430001548226, 0.2500553695718084, 0.1138427402422962, 0.4197976633067232, 0.2936839346278849, 0.5, 0.5, 0.5, 0.5, 0.5, 0.5, 0.5, 0.5, 0.5, 0.5 * 1.0000000000000000, 0.0000000000000000, 0.0000000000000000, 0.0000000000000000, 0.0000000000000000, 0.0000000000000000, 0.0000000000000000, 0.0000000000000000, 0.0000000000000000, 0.0000000000000000 *   0
0.7120391925387267, 0.0827302299825150, 0.2096858807884557, 0.0405240715670046, 0.3935703674301367, 0.3029383301282946, 0.2166678939092289, 0.9241724176910577, 0.3663914405584295, 0.5, 0.5, 0.5, 0.5, 0.5, 0.5, 0.5, 0.5, 0.5, 0.5 * 0.9999998254940332, 0.0000000000000000, 0.0005907722938489, 0.0000000000000000, 0.0000000000000000, 0.0000000000000000, 0.0000000000000000, 0.0000000000000000, 0.0000000000000000, 0.0000000000000028 *   0
0.1576158740360364, 0.3461991359229196, 0.4335592479601313, 0.5022611271134862, 0.1662249156116624, 0.1553695817270175, 0.0299179442366203, 0.5054527956552118, 0.9147010049385489, 0.5, 0.5, 0.5, 0.5, 0.5, 0.5, 0.5, 0.5, 0.5, 0.5 * 0.9999999777648020, 0.0002108800501592, 0.0000000000000000, 0.0000000000000000, 0.0000000000000000, 0.0000000000000000, 0.0000000000000000, 0.0000000000000000, 0.0000000000000000, 0.0000000000000000 *   0
0.1329154121377112, 0.1815557909112218, 0.4471465649302800, 0.7400695652421888, 0.7006225836000510, 0.0361056723800049, 0.0162835270242223, 0.7003797547427844, 0.3388675578585209, 0.5, 0.5, 0.5, 0.5, 0.5, 0.5, 0.5, 0.5, 0.5, 0.5 * 1.0000000000000000, 0.0000000000000000, 0.0000000000000005, 0.0000000000000000, 0.0000000000000000, 0.0000000000000006, 0.0000000000001329, 0.0000000000000000, 0.0000000000000000, 0.0000000000000000 *   0
0.1308586272089084, 0.4316655441334776, 0.4832227916844296, 0.2674089997389396, 0.3468396637341192, 0.0568801416349039, 0.1799476315174008, 0.5512614993151563, 0.4170668033962449, 0.5, 0.5, 0.5, 0.5, 0.5, 0.5, 0.5, 0.5, 0.5, 0.5 * 1.0000000000000000, 0.0000000000000000, 0.0000000000000000, 0.0000000000000000, 0.0000000000000000, 0.0000000000000000, 0.0000000000000000, 0.0000000000000000, 0.0000000000000000, 0.0000000000000000 *   0
0.0600580373127284, 0.4640340155288735, 0.5424558462307117, 0.1405786048344237, 0.0238036634511331, 0.2396410807220457, 0.7952214762546223, 0.5497524894539977, 0.0510149072161945, 0.5, 0.5, 0.5, 0.5, 0.5, 0.5, 0.5, 0.5, 0.5, 0.5 * 1.0000000000000000, 0.0000000000000000, 0.0000000000000000, 0.0000000001757640, 0.0000000000000000, 0.0000000000000000, 0.0000000000000000, 0.0000000000000000, 0.0000000000000000, 0.0000000000000000 *   0
0.1062747804011566, 0.4725548114965459, 0.4108620003847694, 0.3390312266252149, 0.3409956490346210, 0.1216524616450316, 0.3449550463561691, 0.0375597756530902, 0.5992619900960764, 0.5, 0.5, 0.5, 0.5, 0.5, 0.5, 0.5, 0.5, 0.5, 0.5 * 1.0000000000000000, 0.0000000000000000, 0.0000000000000000, 0.0000000000000000, 0.0000000000000000, 0.0000000000000000, 0.0000000000000000, 0.0000000000000000, 0.0000000000000000, 0.0000000000000000 *   0
0.6399811900406989, 0.3816463502038486, 0.4989070587320752, 0.9159428439642968, 0.2272512862585724, 0.1593594002348182, 0.8462464696943045, 0.0100079737650268, 0.0779074933742674, 0.5, 0.5, 0.5, 0.5, 0.5, 0.5, 0.5, 0.5, 0.5, 0.5 * 0.9999999708334805, 0.0000000000000000, 0.0000000000000000, 0.0000000882687260, 0.0000000000000000, 0.0000000000000000, 0.0002415223187875, 0.0000000000000000, 0.0000000000000000, 0.0000000000000000 *   0
0.7766413496698445, 0.0698768473555692, 0.2763621673343527, 0.5332040575021897, 0.6024962913256587, 0.2749230690649352, 0.3111754475679134, 0.8712584277946774, 0.0500814602943517, 0.5, 0.5, 0.5, 0.5, 0.5, 0.5, 0.5, 0.5, 0.5, 0.5 * 0.9999999999986799, 0.0000000000000000, 0.0000016248717507, 0.0000000000000000, 0.0000000000000000, 0.0000000000000000, 0.0000000000000000, 0.0000000000000000, 0.0000000000000000, 0.0000000000165261 *   0
0.3537683381483743, 0.7805610069914539, 0.0229097702647139, 0.4352440118953790, 0.1662675366579869, 0.0179289761082870, 0.1379028941215495, 0.9137498545058770, 0.5068897043852554, 0.5, 0.5, 0.5, 0.5, 0.5, 0.5, 0.5, 0.5, 0.5, 0.5 * 0.9999999819418224, 0.0000000000000000, 0.0001900430342694, 0.0000000000000000, 0.0000000000000000, 0.0000000000000000, 0.0000000000000000, 0.0000000000000000, 0.0000000000273404, 0.0000000000000000 *   0
0.1374195754236633, 0.1464724788192997, 0.6085862464311469, 0.4424263678688679, 0.0899759624572359, 0.3120505401455101, 0.7714862198436103, 0.5556152628528025, 0.9712807056360323, 0.5, 0.5, 0.5, 0.5, 0.5, 0.5, 0.5, 0.5, 0.5, 0.5 * 0.9963700623665137, 0.0851275444245254, 0.0000000000000000, 0.0000000000084906, 0.0000000000000000, 0.0000000000000000, 0.0000000000000000, 0.0000000000000000, 0.0000000000000000, 0.0000000000000000 *   0
0.3023641888528896, 0.0437440085428506, 0.7098828799602962, 0.1596584213709731, 0.7262308554380345, 0.1292594536809528, 0.3863463189389307, 0.7278310790321935, 0.9305752818149400, 0.5, 0.5, 0.5, 0.5, 0.5, 0.5, 0.5, 0.5, 0.5, 0.5 * 0.9999993057558811, 0.0011783411033227, 0.0000000000000251, 0.0000000000000000, 0.0000000000000000, 0.0000000000000201, 0.0000000000000000, 0.0000000000000021, 0.0000000000000000, 0.0000000000000000 *   0
0.5266127872870363, 0.3283910571264061, 0.4577349663980934, 0.4927363365389110, 0.1942320657867156, 0.1199552985466809, 0.8901707827533459, 0.8199058602656730, 0.3150516610197032, 0.5, 0.5, 0.5, 0.5, 0.5, 0.5, 0.5, 0.5, 0.5, 0.5 * 0.9999999999031997, 0.0000000000000000, 0.0000000037369641, 0.0000139140465100, 0.0000000000000000, 0.0000000000000000, 0.0000000000000000, 0.0000000000000000, 0.0000000000000000, 0.0000000000000000 *   0
0.8202041037474778, 0.4471385457772475, 0.4677479860688317, 0.9905445938885885, 0.7112502212222900, 0.1425466151640502, 0.0624044868454358, 0.5431498883027350, 0.1878184546659787, 0.5, 0.5, 0.5, 0.5, 0.5, 0.5, 0.5, 0.5, 0.5, 0.5 * 0.8210961462403609, 0.0000000000000000, 0.0000000000000000, 0.0000000000000000, 0.0000000000000000, 0.0000000000000021, 0.5707899076098210, 0.0000000000000000, 0.0000000000000000, 0.0000000038753744 *   0
0.4723858849482545, 0.2394742356797095, 0.8654288462667861, 0.4603140128125968, 0.5428107299575632, 0.3615923828266526, 0.9303230256449073, 0.0603373912444047, 0.4698226868500107, 0.5, 0.5, 0.5, 0.5, 0.5, 0.5, 0.5, 0.5, 0.5, 0.5 * 0.9999993423967845, 0.0000000000000000, 0.0000000000000000, 0.0011468240096970, 0.0000000000000000, 0.0000000000000000, 0.0000000000000000, 0.0000008303411618, 0.0000000000000000, 0.0000000000000000 *   0
0.7204783226924382, 0.6443766265382881, 0.9669299721563840, 0.0969739179578488, 0.2001774596051208, 0.4115695377865665, 0.6188736574812204, 0.2123608324734312, 0.3991433844897632, 0.5, 0.5, 0.5, 0.5, 0.5, 0.5, 0.5, 0.5, 0.5, 0.5 * 0.9985205267563890, 0.0000000000000000, 0.0000000000000000, 0.0000000000000000, 0.0000000000000000, 0.0000000000000000, 0.0000000000000000, 0.0543760760458443, 0.0000000000000000, 0.0000000000000091 *   0
0.6432802051507310, 0.4027026348759898, 0.9774494310735955, 0.0569664906044335, 0.3024647935770754, 0.6463302800647590, 0.5875930500159008, 0.4199978487659236, 0.3004506501836938, 0.5, 0.5, 0.5, 0.5, 0.5, 0.5, 0.5, 0.5, 0.5, 0.5 * 0.9871430908173848, 0.0000000000000000, 0.0000000000000000, 0.0000000000000000, 0.0000000000000000, 0.0000000000000000, 0.0000000000000000, 0.1598390385716215, 0.0000000000000000, 0.0000000000000000 *   0
