0.9999664342030726, 0.3650626034313173, 0.1226970865962548, 0.0933072586047031, 0.8820272222543262, 0.3081963007842173, 0.9460591808641605, 0.7655991263527419, 0.9751347717713261, 0.5, 0.5, 0.5, 0.5, 0.5, 0.5, 0.5, 0.5, 0.5, 0.5 * 0.0000032953144059, 0.0000032953144059, 0.0000046602783252, 0.0000065906288119, 0.0000093205566504, 0.0000131812576238, 0.0000186411133007, 0.0000263625152476, 0.0000372822266014, 0.9999999986100356 *   0
0.9999626176431601, 0.4467594569766705, 0.0273808622860261, 0.8521593184453246, 0.7562151829508204, 0.7117385066634689, 0.2373109176928694, 0.2871094719912435, 0.1096098083581821, 0.5, 0.5, 0.5, 0.5, 0.5, 0.5, 0.5, 0.5, 0.5, 0.5 * 0.0000036700042986, 0.0000036700042986, 0.0000051901698530, 0.0000073400085972, 0.0000103803397061, 0.0000146800171944, 0.0000207606794121, 0.0000293600343887, 0.0000415213588243, 0.9999999982759767 *   0
0.9998979507945003, 0.7143758920553960, 0.4674139751435323, 0.0605355031138917, 0.7073387627989700, 0.2878453253246124, 0.5393196416736207, 0.6446916142686697, 0.4576455985464368, 0.5, 0.5, 0.5, 0.5, 0.5, 0.5, 0.5, 0.5, 0.5, 0.5 * 0.0000100186572791, 0.0000100186572791, 0.0000141685210008, 0.0000200373145581, 0.0000283370420016, 0.0000400746291162, 0.0000566740840033, 0.0000801492582325, 0.0001133481680065, 0.9999999871521927 *   0
0.9998902869410302, 0.2979895231770303, 0.7298355320141816, 0.8997392579446264, 0.4608388955056849, 0.0708628162140319, 0.1469106483957314, 0.7959576713833760, 0.3174191249149941, 0.5, 0.5, 0.5, 0.5, 0.5, 0.5, 0.5, 0.5, 0.5, 0.5 * 0.0000107710543236, 0.0000107710543236, 0.0000152325711056, 0.0000215421086473, 0.0000304651422111, 0.0000430842172946, 0.0000609302844222, 0.0000861684345891, 0.0001218605688444, 0.9999999851500017 *   0
0.9998890645801505, 0.0592858214207393, 0.6596436447741667, 0.0328825251352426, 0.5657903312546156, 0.6882113575414808, 0.6975209283165266, 0.8719893968068014, 0.0907886773770622, 0.5, 0.5, 0.5, 0.5, 0.5, 0.5, 0.5, 0.5, 0.5, 0.5 * 0.0000108910593206, 0.0000108910593206, 0.0000154022837998, 0.0000217821186412, 0.0000308045675996, 0.0000435642372823, 0.0000616091351991, 0.0000871284745647, 0.0001232182703982, 0.9999999848172577 *   0
0.9998616920783472, 0.4545913834379015, 0.4483720126787070, 0.0248711668070737, 0.6009306612428886, 0.9689807565738358, 0.6721453804858706, 0.4073530651663211, 0.8478680601566415, 0.5, 0.5, 0.5, 0.5, 0.5, 0.5, 0.5, 0.5, 0.5, 0.5 * 0.0000135783483494, 0.0000135783483494, 0.0000192026843903, 0.0000271566966987, 0.0000384053687806, 0.0000543133933975, 0.0000768107375612, 0.0001086267867950, 0.0001536214751224, 0.9999999764004421 *   0
0.9998532230965109, 0.2107900442605792, 0.7335848369326372, 0.0274494392925172, 0.0204986068515566, 0.6925988680182951, 0.2857598407593369, 0.8872392898831699, 0.4612377944687557, 0.5, 0.5, 0.5, 0.5, 0.5, 0.5, 0.5, 0.5, 0.5, 0.5 * 0.0000144097886760, 0.0000144097886760, 0.0000203785185766, 0.0000288195773520, 0.0000407570371531, 0.0000576391547041, 0.0000815140743063, 0.0001152783094082, 0.0001630281486125, 0.9999999734218225 *   0
0.9998344997874622, 0.9720079405102916, 0.3256843161423152, 0.8270876243836655, 0.6966514674465412, 0.0622375263191003, 0.6999722163658459, 0.8328321118991971, 0.2314591488016113, 0.5, 0.5, 0.5, 0.5, 0.5, 0.5, 0.5, 0.5, 0.5, 0.5 * 0.0000162479451881, 0.0000162479451881, 0.0000229780644457, 0.0000324958903763, 0.0000459561288915, 0.0000649917807525, 0.0000919122577830, 0.0001299835615050, 0.0001838245155660, 0.9999999662085469 *   0
0.9997818353584883, 0.4347922370931098, 0.6660832807729409, 0.7370240621906817, 0.4340320077883228, 0.5360939179249545, 0.0180707410993384, 0.5502624113812402, 0.3853856541148320, 0.5, 0.5, 0.5, 0.5, 0.5, 0.5, 0.5, 0.5, 0.5, 0.5 * 0.0000214182631760, 0.0000214182631760, 0.0000302899982659, 0.0000428365263520, 0.0000605799965319, 0.0000856730527039, 0.0001211599930638, 0.0001713461054078, 0.0002423199861276, 0.9999999412810227 *   0
0.9997324193826562, 0.4860080277947746, 0.3677190092241946, 0.6314488596429344, 0.8220052313162038, 0.9461917797784283, 0.2569127475176531, 0.1861961452226137, 0.5266564658501448, 0.5, 0.5, 0.5, 0.5, 0.5, 0.5, 0.5, 0.5, 0.5, 0.5 * 0.0000262696649043, 0.0000262696649043, 0.0000371509163867, 0.0000525393298087, 0.0000743018327734, 0.0001050786596173, 0.0001486036655468, 0.0002101573192347, 0.0002972073310936, 0.9999999116677984 *   0
0.9996503912842136, 0.8195199439392984, 0.0595165039689823, 0.4386332153522564, 0.6377965349880031, 0.9714704756492146, 0.7780296224067126, 0.5620641939165369, 0.7428983006360467, 0.5, 0.5, 0.5, 0.5, 0.5, 0.5, 0.5, 0.5, 0.5, 0.5 * 0.0000343227536856, 0.0000343227536856, 0.0000485397037602, 0.0000686455073712, 0.0000970794075204, 0.0001372910147425, 0.0001941588150407, 0.0002745820294849, 0.0003883176300815, 0.9999998492094068 *   0
0.9995958702636863, 0.7368289151866123, 0.3264001981943846, 0.2499270668485793, 0.6669747040918911, 0.4431457158379004, 0.9923318228648658, 0.1338028046925565, 0.1987692775199047, 0.5, 0.5, 0.5, 0.5, 0.5, 0.5, 0.5, 0.5, 0.5, 0.5 * 0.0000396753414197, 0.0000396753414197, 0.0000561094059275, 0.0000793506828393, 0.0001122188118549, 0.0001587013656787, 0.0002244376237099, 0.0003174027313573, 0.0004488752474198, 0.9999997985109920 *   0
0.9995856056919254, 0.2708368386471816, 0.8440848560277767, 0.3264739836223768, 0.9518066048397713, 0.8190590682528257, 0.5849426512536325, 0.1052634004062337, 0.1996500697916607, 0.5, 0.5, 0.5, 0.5, 0.5, 0.5, 0.5, 0.5, 0.5, 0.5 * 0.0000406830631876, 0.0000406830631876, 0.0000575345397187, 0.0000813661263751, 0.0001150690794375, 0.0001627322527502, 0.0002301381588749, 0.0003254645055005, 0.0004602763177498, 0.9999997881456889 *   0
0.9993692878630801, 0.8726614433679084, 0.2547081635588352, 0.5652956732387169, 0.9308845763704202, 0.7429955619121881, 0.2732521399265398, 0.1845249231832684, 0.2033255552888501, 0.5, 0.5, 0.5, 0.5, 0.5, 0.5, 0.5, 0.5, 0.5, 0.5 * 0.0000619200091168, 0.0000619200091168, 0.0000875681166753, 0.0001238400182336, 0.0001751362333505, 0.0002476800364673, 0.0003502724667010, 0.0004953600729345, 0.0007005449334021, 0.9999995092366759 *   0
0.9993405262936561, 0.7500937505392794, 0.9499337197979604, 0.2723199516871571, 0.0697317109767961, 0.8333831573060635, 0.2263461524743336, 0.6606603775455897, 0.4578338938103215, 0.5, 0.5, 0.5, 0.5, 0.5, 0.5, 0.5, 0.5, 0.5, 0.5 * 0.0000647436681422, 0.0000647436681422, 0.0000915613735644, 0.0001294873362843, 0.0001831227471289, 0.0002589746725687, 0.0003662454942577, 0.0005179493451373, 0.0007324909885155, 0.9999994634568078 *   0
0.9992134938944194, 0.3476050851622620, 0.0126148662588628, 0.0101794484118835, 0.5942097532535948, 0.1707068077152161, 0.1608858444545818, 0.6810118601103369, 0.0458257259083100, 0.5, 0.5, 0.5, 0.5, 0.5, 0.5, 0.5, 0.5, 0.5, 0.5 * 0.0000772150367106, 0.0000772150367106, 0.0001091985521352, 0.0001544300734212, 0.0002183971042705, 0.0003088601468423, 0.0004367942085410, 0.0006177202936847, 0.0008735884170819, 0.9999992368429863 *   0
0.9991392819206879, 0.5829856393779561, 0.4566997152085880, 0.2834306244195581, 0.3874228356347525, 0.4712829121720432, 0.4683544158322525, 0.9781811246546829, 0.0297380820986526, 0.5, 0.5, 0.5, 0.5, 0.5, 0.5, 0.5, 0.5, 0.5, 0.5 * 0.0000845007740931, 0.0000845007740931, 0.0001195021407535, 0.0001690015481863, 0.0002390042815071, 0.0003380030963725, 0.0004780085630141, 0.0006760061927450, 0.0009560171260282, 0.9999990860308371 *   0
0.9990997728887479, 0.8213803669537326, 0.7365483421536854, 0.8860862045018404, 0.3482276733723598, 0.3624100719403522, 0.5749336092616122, 0.7324300323298341, 0.4179966586725771, 0.5, 0.5, 0.5, 0.5, 0.5, 0.5, 0.5, 0.5, 0.5, 0.5 * 0.0000883795605232, 0.0000883795605232, 0.0001249875731285, 0.0001767591210465, 0.0002499751462570, 0.0003535182420929, 0.0004999502925141, 0.0007070364841858, 0.0009999005850282, 0.9999990001983202 *   0
0.9990459671239582, 0.4767676812954096, 0.6853986492778168, 0.1034211339910613, 0.7368017331402756, 0.5395544085370164, 0.8964004590624945, 0.4510055293566573, 0.5082221205850235, 0.5, 0.5, 0.5, 0.5, 0.5, 0.5, 0.5, 0.5, 0.5, 0.5 * 0.0000936619235257, 0.0000936619235257, 0.0001324579625280, 0.0001873238470514, 0.0002649159250560, 0.0003746476941028, 0.0005298318501120, 0.0007492953882057, 0.0010596637002241, 0.9999988771122120 *   0
0.9989917692723645, 0.3059110796572226, 0.2985912777011242, 0.0589927984676290, 0.9836744288837884, 0.6146692366407576, 0.8157097198142250, 0.2119223965387430, 0.0549225230025698, 0.5, 0.5, 0.5, 0.5, 0.5, 0.5, 0.5, 0.5, 0.5, 0.5 * 0.0000989827788429, 0.0000989827788429, 0.0001399827882809, 0.0001979655576857, 0.0002799655765619, 0.0003959311153714, 0.0005599311531238, 0.0007918622307428, 0.0011198623062475, 0.9999987459076287 *   0
0.9989603222342954, 0.7045884079786895, 0.5316688909808495, 0.9162051351350756, 0.2768656496316500, 0.1064801798697934, 0.7779910642551217, 0.4511605354264195, 0.8482988662311336, 0.5, 0.5, 0.5, 0.5, 0.5, 0.5, 0.5, 0.5, 0.5, 0.5 * 0.0001020700805920, 0.0001020700805920, 0.0001443488922858, 0.0002041401611841, 0.0002886977845716, 0.0004082803223682, 0.0005773955691431, 0.0008165606447363, 0.0011547911382863, 0.9999986664565378 *   0
0.9988965592341947, 0.7654853690254899, 0.5421576078711812, 0.6179251804100001, 0.6336733338579877, 0.9861730546626137, 0.5827850622976130, 0.9768094373758927, 0.2252165019629600, 0.5, 0.5, 0.5, 0.5, 0.5, 0.5, 0.5, 0.5, 0.5, 0.5 * 0.0001083299896182, 0.0001083299896182, 0.0001532017405298, 0.0002166599792364, 0.0003064034810596, 0.0004333199584728, 0.0006128069621192, 0.0008666399169457, 0.0012256139242385, 0.9999984978693806 *   0
0.9988859337749360, 0.5041534409411966, 0.6362238892522751, 0.0856259069804223, 0.3668279887022581, 0.1632373990319843, 0.9617497897528809, 0.5551131649665130, 0.2632174688685767, 0.5, 0.5, 0.5, 0.5, 0.5, 0.5, 0.5, 0.5, 0.5, 0.5 * 0.0001093731400595, 0.0001093731400595, 0.0001546769780315, 0.0002187462801190, 0.0003093539560630, 0.0004374925602380, 0.0006187079121259, 0.0008749851204761, 0.0012374158242519, 0.9999984688009056 *   0
0.9988650716835936, 0.8244450552502857, 0.7533823003775357, 0.8908718279054723, 0.9571096570962619, 0.2687191400996964, 0.9838495026267364, 0.3061910938966046, 0.8040524818022049, 0.5, 0.5, 0.5, 0.5, 0.5, 0.5, 0.5, 0.5, 0.5, 0.5 * 0.0001114212678924, 0.0001114212678924, 0.0001575734681903, 0.0002228425357849, 0.0003151469363806, 0.0004456850715697, 0.0006302938727611, 0.0008913701431394, 0.0012605877455222, 0.9999984109172733 *   0
0.9984923047006560, 0.7748197283478545, 0.4250672345166407, 0.9461671141656894, 0.3072534163050602, 0.4175010171800391, 0.8508007395317781, 0.7277375388554006, 0.5313927850366537, 0.5, 0.5, 0.5, 0.5, 0.5, 0.5, 0.5, 0.5, 0.5, 0.5 * 0.0001480175015176, 0.0001480175015176, 0.0002093283581148, 0.0002960350030352, 0.0004186567162295, 0.0005920700060703, 0.0008373134324590, 0.0011841400121407, 0.0016746268649180, 0.9999971956209310 *   0
0.9984768750138939, 0.1824198244989011, 0.9358132704793537, 0.3304452855747404, 0.5162540806998751, 0.9759591896906306, 0.2956880206687786, 0.0938838390139322, 0.8800635979883669, 0.5, 0.5, 0.5, 0.5, 0.5, 0.5, 0.5, 0.5, 0.5, 0.5 * 0.0001495323031815, 0.0001495323031815, 0.0002114706111721, 0.0002990646063629, 0.0004229412223442, 0.0005981292127258, 0.0008458824446884, 0.0011962584254517, 0.0016917648893769, 0.9999971379274634 *   0
0.9984365836709909, 0.0058882790645064, 0.5239030339400764, 0.3371099156034691, 0.5806366757399574, 0.3560530954767266, 0.6805260831865138, 0.0533384992989425, 0.4166097703467169, 0.5, 0.5, 0.5, 0.5, 0.5, 0.5, 0.5, 0.5, 0.5, 0.5 * 0.0001534878848978, 0.0001534878848978, 0.0002170646484824, 0.0003069757697955, 0.0004341292969647, 0.0006139515395910, 0.0008682585939295, 0.0012279030791821, 0.0017365171878590, 0.9999969845035097 *   0
0.9984054686494197, 0.8313392209035061, 0.9513744800125130, 0.2498728708596308, 0.7468371045528153, 0.5511282400931828, 0.3569082116507498, 0.1312514320627094, 0.9793739942737734, 0.5, 0.5, 0.5, 0.5, 0.5, 0.5, 0.5, 0.5, 0.5, 0.5 * 0.0001565425856013, 0.0001565425856013, 0.0002213846476463, 0.0003130851712025, 0.0004427692952925, 0.0006261703424050, 0.0008855385905850, 0.0012523406848101, 0.0017710771811700, 0.9999968632806988 *   0
0.9983977153889825, 0.5496735836144879, 0.6288610052451775, 0.0622120788610597, 0.9320043604504338, 0.8062439243338275, 0.2933666716764526, 0.0348802362731100, 0.4993951797948196, 0.5, 0.5, 0.5, 0.5, 0.5, 0.5, 0.5, 0.5, 0.5, 0.5 * 0.0001573037577655, 0.0001573037577655, 0.0002224611076442, 0.0003146075155310, 0.0004449222152885, 0.0006292150310620, 0.0008898444305769, 0.0012584300621240, 0.0017796888611538, 0.9999968327025416 *   0
0.9982165908432643, 0.1352638966102451, 0.6115596441605872, 0.9667533235469615, 0.1968982318401794, 0.2292317027362211, 0.5755756826026251, 0.4354128592812516, 0.7382755790549682, 0.5, 0.5, 0.5, 0.5, 0.5, 0.5, 0.5, 0.5, 0.5, 0.5 * 0.0001750855555328, 0.0001750855555328, 0.0002476083672101, 0.0003501711110656, 0.0004952167344202, 0.0007003422221312, 0.0009904334688404, 0.0014006844442623, 0.0019808669376808, 0.9999960761584770 *   0
0.9982040217137914, 0.5703728332046293, 0.7608264110800002, 0.5380753607200810, 0.9533246690190046, 0.7385424993646064, 0.7966087138264480, 0.9674789137055534, 0.1592432116899841, 0.5, 0.5, 0.5, 0.5, 0.5, 0.5, 0.5, 0.5, 0.5, 0.5 * 0.0001763195220571, 0.0001763195220571, 0.0002493534594043, 0.0003526390441142, 0.0004987069188086, 0.0007052780882284, 0.0009974138376172, 0.0014105561764569, 0.0019948276752345, 0.9999960206546286 *   0
0.9980650716452231, 0.5659036913727893, 0.5154118898862097, 0.6186633927834515, 0.3787277789687402, 0.9511683336231710, 0.0443846979385171, 0.3641175242905121, 0.6252884886345307, 0.5, 0.5, 0.5, 0.5, 0.5, 0.5, 0.5, 0.5, 0.5, 0.5 * 0.0001899608545474, 0.0001899608545474, 0.0002686452168209, 0.0003799217090948, 0.0005372904336418, 0.0007598434181896, 0.0010745808672836, 0.0015196868363792, 0.0021491617345673, 0.9999953810931715 *   0
0.9974106922733648, 0.0875369022076656, 0.5111997684050350, 0.1070205006315468, 0.4322201616280806, 0.2896979992695609, 0.8232222189303591, 0.5367523667108046, 0.6145069425061843, 0.5, 0.5, 0.5, 0.5, 0.5, 0.5, 0.5, 0.5, 0.5, 0.5 * 0.0002542039907487, 0.0002542039907487, 0.0003594987313262, 0.0005084079814975, 0.0007189974626525, 0.0010168159629950, 0.0014379949253049, 0.0020336319259899, 0.0028759898506098, 0.9999917286481715 *   0
0.9972695764141482, 0.0638964050746972, 0.6987454209936529, 0.0562842968182099, 0.5832850493412861, 0.9176220972638680, 0.9903732873454566, 0.0607888801306434, 0.1607594765540024, 0.5, 0.5, 0.5, 0.5, 0.5, 0.5, 0.5, 0.5, 0.5, 0.5 * 0.0002680578868805, 0.0002680578868805, 0.0003790910991275, 0.0005361157737611, 0.0007581821982551, 0.0010722315475222, 0.0015163643965102, 0.0021444630950444, 0.0030327287930203, 0.9999908025137711 *   0
0.9971541045220355, 0.1332950494872849, 0.4218638662350662, 0.5130404729922491, 0.5429076834315936, 0.6828891926831050, 0.4458081011873707, 0.3327309663094259, 0.4910851956769289, 0.5, 0.5, 0.5, 0.5, 0.5, 0.5, 0.5, 0.5, 0.5, 0.5 * 0.0002793942046409, 0.0002793942046409, 0.0003951230734516, 0.0005587884092818, 0.0007902461469032, 0.0011175768185637, 0.0015804922938065, 0.0022351536371273, 0.0031609845876130, 0.9999900081265181 *   0
0.9965502978286475, 0.9055178542181467, 0.3573985408793197, 0.4121275345851330, 0.6575241753168051, 0.1294291644028524, 0.8163465349079793, 0.3238515790197307, 0.0790445972602091, 0.5, 0.5, 0.5, 0.5, 0.5, 0.5, 0.5, 0.5, 0.5, 0.5 * 0.0003386720612861, 0.0003386720612861, 0.0004789546222677, 0.0006773441225722, 0.0009579092445353, 0.0013546882451444, 0.0019158184890706, 0.0027093764902888, 0.0038316369781412, 0.9999853184502938 *   0
0.9964679297974649, 0.2119781366605210, 0.8979644686439840, 0.9409416410797004, 0.6361496302467536, 0.2981039966913425, 0.3525617538730436, 0.0919166044760107, 0.6711943739425364, 0.5, 0.5, 0.5, 0.5, 0.5, 0.5, 0.5, 0.5, 0.5, 0.5 * 0.0003467584022587, 0.0003467584022587, 0.0004903904353411, 0.0006935168045174, 0.0009807808706822, 0.0013870336090349, 0.0019615617413645, 0.0027740672180698, 0.0039231234827289, 0.9999846089836976 *   0
0.9963379362581009, 0.1890534265847194, 0.6186248094861512, 0.8573995469405313, 0.5933234871334040, 0.2343828418452213, 0.5492187484862370, 0.4593903308079533, 0.6444703371471122, 0.5, 0.5, 0.5, 0.5, 0.5, 0.5, 0.5, 0.5, 0.5, 0.5 * 0.0003595202844033, 0.0003595202844033, 0.0005084384621513, 0.0007190405688066, 0.0010168769243027, 0.0014380811376131, 0.0020337538486054, 0.0028761622752262, 0.0040675076972108, 0.9999834552442687 *   0
0.9963002288696823, 0.5432952346947487, 0.5461833894002174, 0.6606735161788173, 0.7157233868333154, 0.7073972130694414, 0.8283800635618996, 0.5338968981680912, 0.6283455428799360, 0.5, 0.5, 0.5, 0.5, 0.5, 0.5, 0.5, 0.5, 0.5, 0.5 * 0.0003632221367245, 0.0003632221367245, 0.0005136736719100, 0.0007264442734490, 0.0010273473438199, 0.0014528885468981, 0.0020546946876398, 0.0029057770937962, 0.0041093893752796, 0.9999831127763732 *   0
0.9955787681953883, 0.7506446669579692, 0.6304285100802912, 0.9657182697978421, 0.4467169760943935, 0.0814545336558738, 0.9153652209394449, 0.9598899581282818, 0.8682558428813963, 0.5, 0.5, 0.5, 0.5, 0.5, 0.5, 0.5, 0.5, 0.5, 0.5 * 0.0004340499282816, 0.0004340499282816, 0.0006138392953229, 0.0008680998565632, 0.0012276785906458, 0.0017361997131264, 0.0024553571812917, 0.0034723994262528, 0.0049107143625833, 0.9999758845936727 *   0
0.9954467327312784, 0.3140529027739786, 0.6196754084060320, 0.7160679910872448, 0.0122492988650917, 0.8649577185814072, 0.4206699251293530, 0.4476698299160553, 0.9845364405701572, 0.5, 0.5, 0.5, 0.5, 0.5, 0.5, 0.5, 0.5, 0.5, 0.5 * 0.0004470121576330, 0.0004470121576330, 0.0006321706558703, 0.0008940243152661, 0.0012643413117406, 0.0017880486305322, 0.0025286826234812, 0.0035760972610643, 0.0050573652469624, 0.9999744227296604 *   0
0.9951741634845613, 0.7998238223604037, 0.4561040836647637, 0.6485408179687991, 0.1069309362708269, 0.4077916752583309, 0.3045638880248013, 0.2722117026672753, 0.1936470089450698, 0.5, 0.5, 0.5, 0.5, 0.5, 0.5, 0.5, 0.5, 0.5, 0.5 * 0.0004737708546322, 0.0004737708546322, 0.0006700131680779, 0.0009475417092644, 0.0013400263361559, 0.0018950834185288, 0.0026800526723117, 0.0037901668370575, 0.0053601053446235, 0.9999712688579553 *   0
0.9947763546345645, 0.5293151347568795, 0.5063686182286444, 0.2116106446886485, 0.4320055541731443, 0.1131893792716737, 0.5534777732349363, 0.8646701447966835, 0.5120159171111955, 0.5, 0.5, 0.5, 0.5, 0.5, 0.5, 0.5, 0.5, 0.5, 0.5 * 0.0005128244300263, 0.0005128244300263, 0.0007252432640595, 0.0010256488600527, 0.0014504865281190, 0.0020512977201053, 0.0029009730562379, 0.0041025954402106, 0.0058019461124759, 0.9999663368547043 *   0
0.9947179877174637, 0.1892444282720072, 0.0859073424180538, 0.8691283966736535, 0.6046851946062806, 0.6124215478135373, 0.8921918635685890, 0.6973426410450333, 0.5565247347375959, 0.5, 0.5, 0.5, 0.5, 0.5, 0.5, 0.5, 0.5, 0.5, 0.5 * 0.0005185543936546, 0.0005185543936546, 0.0007333466563345, 0.0010371087873092, 0.0014666933126689, 0.0020742175746183, 0.0029333866253379, 0.0041484351492367, 0.0058667732506757, 0.9999655803792700 *   0
0.9942618529285592, 0.7799504929128803, 0.7473103095531978, 0.0663594333763977, 0.3516710313743311, 0.4617537439157040, 0.4639829161874870, 0.3790757378465849, 0.8300370927108625, 0.5, 0.5, 0.5, 0.5, 0.5, 0.5, 0.5, 0.5, 0.5, 0.5 * 0.0005633336435603, 0.0005633336435603, 0.0007966740788640, 0.0011266672871205, 0.0015933481577280, 0.0022533345742411, 0.0031866963154560, 0.0045066691484822, 0.0063733926309119, 0.9999593790413411 *   0
0.9941247859942377, 0.1491827755929822, 0.7567392702944294, 0.4949371169763324, 0.0459919297350533, 0.9929958209362792, 0.0900982302101786, 0.8832506215587494, 0.5750324002350832, 0.5, 0.5, 0.5, 0.5, 0.5, 0.5, 0.5, 0.5, 0.5, 0.5 * 0.0005767895985927, 0.0005767895985927, 0.0008157036729655, 0.0011535791971854, 0.0016314073459310, 0.0023071583943707, 0.0032628146918620, 0.0046143167887415, 0.0065256293837241, 0.9999574152544159 *   0
0.9938262295880477, 0.9047388536411984, 0.9973193099709783, 0.4321718627736773, 0.7660953759989214, 0.0026685092610626, 0.8070406777817014, 0.7719504855442562, 0.4596193420978353, 0.5, 0.5, 0.5, 0.5, 0.5, 0.5, 0.5, 0.5, 0.5, 0.5 * 0.0006060989925380, 0.0006060989925380, 0.0008571534153879, 0.0012121979850760, 0.0017143068307759, 0.0024243959701521, 0.0034286136615517, 0.0048487919403041, 0.0068572273231034, 0.9999529773278735 *   0
0.9937190129392404, 0.6064096445247575, 0.5481034910995995, 0.2423089920740151, 0.4964987884724973, 0.0077374326101213, 0.3779384402455475, 0.2130611125440621, 0.2971477719476203, 0.5, 0.5, 0.5, 0.5, 0.5, 0.5, 0.5, 0.5, 0.5, 0.5 * 0.0006166244588158, 0.0006166244588158, 0.0008720386725482, 0.0012332489176315, 0.0017440773450964, 0.0024664978352630, 0.0034881546901929, 0.0049329956705261, 0.0069763093803858, 0.9999513299230409 *   0
0.9933200641504116, 0.1233976446666744, 0.1993174716827075, 0.2695780230078744, 0.1788380430912776, 0.2441174025852780, 0.6585212413494108, 0.3158510310183517, 0.5147014025201562, 0.5, 0.5, 0.5, 0.5, 0.5, 0.5, 0.5, 0.5, 0.5, 0.5 * 0.0006557891346824, 0.0006557891346824, 0.0009274258883247, 0.0013115782693647, 0.0018548517766494, 0.0026231565387294, 0.0037097035532988, 0.0052463130774588, 0.0074194071065976, 0.9999449508829840 *   0
0.9912784211296953, 0.4049947547749592, 0.0875109117885637, 0.7655743978757292, 0.1305398466673399, 0.3104135828606848, 0.7498183212009344, 0.3779495630310614, 0.9684413289504318, 0.5, 0.5, 0.5, 0.5, 0.5, 0.5, 0.5, 0.5, 0.5, 0.5 * 0.0008562122196891, 0.0008562122196891, 0.0012108669333540, 0.0017124244393783, 0.0024217338667079, 0.0034248488787566, 0.0048434677334159, 0.0068496977575132, 0.0096869354668317, 0.9999061588781833 *   0
0.9908825512932998, 0.5724896879738615, 0.5977579101909687, 0.7207996485386042, 0.7153835267365833, 0.9716127747537627, 0.8498402251162753, 0.0438967421855297, 0.1679550610333472, 0.5, 0.5, 0.5, 0.5, 0.5, 0.5, 0.5, 0.5, 0.5, 0.5 * 0.0008950728348718, 0.0008950728348718, 0.0012658241423875, 0.0017901456697437, 0.0025316482847750, 0.0035802913394873, 0.0050632965695499, 0.0071605826789747, 0.0101265931390999, 0.9998974468528211 *   0
0.9907778929876061, 0.2850093312026045, 0.8864549048647540, 0.3228851972720051, 0.3257185292084322, 0.5680504932850834, 0.3181724647610320, 0.0493478412038404, 0.8100821565883617, 0.5, 0.5, 0.5, 0.5, 0.5, 0.5, 0.5, 0.5, 0.5, 0.5 * 0.0009053465741512, 0.0009053465741512, 0.0012803534038127, 0.0018106931483024, 0.0025607068076253, 0.0036213862966048, 0.0051214136152506, 0.0072427725932096, 0.0102428272305012, 0.9998950789861165 *   0
0.9903660071968874, 0.0937836035591474, 0.7859033903972727, 0.9549641446000730, 0.7594513361153432, 0.2216351885449305, 0.7419928050329875, 0.2176951222204115, 0.2142929254166283, 0.5, 0.5, 0.5, 0.5, 0.5, 0.5, 0.5, 0.5, 0.5, 0.5 * 0.0009457789321196, 0.0009457789321196, 0.0013375333928103, 0.0018915578642392, 0.0026750667856206, 0.0037831157284784, 0.0053501335712412, 0.0075662314569569, 0.0107002671424824, 0.9998854977276943 *   0
0.9899005326395391, 0.4434312961266522, 0.9842260559016028, 0.5310621673851563, 0.8389527345257591, 0.1658049156730086, 0.3644340645356263, 0.1007918371356986, 0.4804682747835611, 0.5, 0.5, 0.5, 0.5, 0.5, 0.5, 0.5, 0.5, 0.5, 0.5 * 0.0009914713005377, 0.0009914713005377, 0.0014021521599242, 0.0019829426010755, 0.0028043043198483, 0.0039658852021509, 0.0056086086396966, 0.0079317704043019, 0.0112172172793932, 0.9998741661194241 *   0
0.9898288920474373, 0.4097347554796071, 0.6363519516942799, 0.5215780220560627, 0.7825815909461032, 0.3599724133312573, 0.7453850506550562, 0.7802570633498286, 0.8159793791435563, 0.5, 0.5, 0.5, 0.5, 0.5, 0.5, 0.5, 0.5, 0.5, 0.5 * 0.0009985037079005, 0.0009985037079005, 0.0014120974857927, 0.0019970074158010, 0.0028241949715854, 0.0039940148316020, 0.0056483899431709, 0.0079880296632041, 0.0112967798863418, 0.9998723746200807 *   0
0.9896757737685348, 0.8322886241750274, 0.7363252335862840, 0.4724519208410997, 0.5108666608626333, 0.5172512594225124, 0.4665515830118915, 0.6072728599455547, 0.4444686060047097, 0.5, 0.5, 0.5, 0.5, 0.5, 0.5, 0.5, 0.5, 0.5, 0.5 * 0.0010135341122440, 0.0010135341122440, 0.0014333536874632, 0.0020270682244879, 0.0028667073749264, 0.0040541364489759, 0.0057334147498528, 0.0081082728979517, 0.0114668294997055, 0.9998685031755172 *   0
0.9895569281603941, 0.0228379545839680, 0.1800518665369842, 0.7714070108586024, 0.7559699894655356, 0.8183177745986348, 0.4938227913779313, 0.4892639780832753, 0.2415015996627052, 0.5, 0.5, 0.5, 0.5, 0.5, 0.5, 0.5, 0.5, 0.5, 0.5 * 0.0010252002005528, 0.0010252002005528, 0.0014498520277694, 0.0020504004011056, 0.0028997040555387, 0.0041008008022111, 0.0057994081110774, 0.0082016016044222, 0.0115988162221548, 0.9998654584115252 *   0
0.9877371722775219, 0.7473692506306662, 0.7827179514722516, 0.5942998610410373, 0.0093006738504864, 0.2376852241520235, 0.1974545131425627, 0.0275610247755242, 0.4903394936073290, 0.5, 0.5, 0.5, 0.5, 0.5, 0.5, 0.5, 0.5, 0.5, 0.5 * 0.0012038258485511, 0.0012038258485511, 0.0017024668417563, 0.0024076516971022, 0.0034049336835125, 0.0048153033942044, 0.0068098673670251, 0.0096306067884088, 0.0136197347340502, 0.9998144856179811 *   0
0.9834775207487296, 0.9037540582491802, 0.5509153397525266, 0.7020527840135865, 0.5835384729241666, 0.0433537000992120, 0.2494501719481545, 0.9573633181663991, 0.0047214315294854, 0.5, 0.5, 0.5, 0.5, 0.5, 0.5, 0.5, 0.5, 0.5, 0.5 * 0.0016219085117547, 0.0016219085117547, 0.0022937250142519, 0.0032438170235095, 0.0045874500285039, 0.0064876340470190, 0.0091749000570077, 0.0129752680940380, 0.0183498001140154, 0.9996632281281288 *   0
0.9821739732204815, 0.4232475657124294, 0.5663629237405783, 0.1346483575807178, 0.4131480978863072, 0.0097942194015692, 0.1188744134823207, 0.9442102652714636, 0.8487469539273284, 0.5, 0.5, 0.5, 0.5, 0.5, 0.5, 0.5, 0.5, 0.5, 0.5 * 0.0017498374030551, 0.0017498374030551, 0.0024746437873482, 0.0034996748061102, 0.0049492875746965, 0.0069993496122204, 0.0098985751493929, 0.0139986992244408, 0.0197971502987858, 0.9996079960064819 *   0
0.9806798086411691, 0.7510217902022516, 0.6834429701247453, 0.8590762940510531, 0.7723443684039378, 0.3293297846472495, 0.6332506396031243, 0.1467150436466164, 0.6625465111166920, 0.5, 0.5, 0.5, 0.5, 0.5, 0.5, 0.5, 0.5, 0.5, 0.5 * 0.0018964642106833, 0.0018964642106833, 0.0026820054073035, 0.0037929284213666, 0.0053640108146071, 0.0075858568427333, 0.0107280216292142, 0.0151717136854666, 0.0214560432584283, 0.9995395321923916 *   0
0.9801776776929282, 0.9972305358374633, 0.2414174709661945, 0.5367024124305241, 0.4890057325777624, 0.9775359392992854, 0.3226862444182328, 0.8099244091705998, 0.4124851731641614, 0.5, 0.5, 0.5, 0.5, 0.5, 0.5, 0.5, 0.5, 0.5, 0.5 * 0.0019457375067344, 0.0019457375067344, 0.0027516883708419, 0.0038914750134689, 0.0055033767416837, 0.0077829500269378, 0.0110067534833674, 0.0155659000538755, 0.0220135069667349, 0.9995152880381826 *   0
0.9785659471426932, 0.5388859671255974, 0.1167874220371188, 0.6393720645640847, 0.7449979473580597, 0.3720036225263046, 0.8349122874601336, 0.1336088400024962, 0.1278931801802913, 0.5, 0.5, 0.5, 0.5, 0.5, 0.5, 0.5, 0.5, 0.5, 0.5 * 0.0021038856823431, 0.0021038856823431, 0.0029753436656521, 0.0042077713646861, 0.0059506873313043, 0.0084155427293722, 0.0119013746626085, 0.0168310854587445, 0.0238027493252170, 0.9994332685322826 *   0
0.9776698504470615, 0.8401670934819463, 0.7390321822553092, 0.8550030607054956, 0.7153762968794333, 0.3062596806819828, 0.2835149384492612, 0.9933312297767639, 0.3637831552716825, 0.5, 0.5, 0.5, 0.5, 0.5, 0.5, 0.5, 0.5, 0.5, 0.5 * 0.0021918077987869, 0.0021918077987869, 0.0030996843151595, 0.0043836155975738, 0.0061993686303191, 0.0087672311951475, 0.0123987372606381, 0.0175344623902951, 0.0247974745212762, 0.9993848960809510 *   0
0.9772998583397362, 0.6007683750245573, 0.2465410983406664, 0.8503171521473291, 0.1691794074928292, 0.4098038549580629, 0.1743399753115792, 0.2458125610117859, 0.3034215165783751, 0.5, 0.5, 0.5, 0.5, 0.5, 0.5, 0.5, 0.5, 0.5, 0.5 * 0.0022281089738051, 0.0022281089738051, 0.0031510219292004, 0.0044562179476103, 0.0063020438584009, 0.0089124358952206, 0.0126040877168017, 0.0178248717904411, 0.0252081754336034, 0.9993643458632179 *   0
0.9749739272403409, 0.6043219215256730, 0.7571940108934390, 0.1205070783013977, 0.9107951097706311, 0.2826771197294244, 0.9420284605315088, 0.7365835233296191, 0.7641167448666490, 0.5, 0.5, 0.5, 0.5, 0.5, 0.5, 0.5, 0.5, 0.5, 0.5 * 0.0024562961966510, 0.0024562961966510, 0.0034737273945094, 0.0049125923933021, 0.0069474547890187, 0.0098251847866042, 0.0138949095780374, 0.0196503695732083, 0.0277898191560749, 0.9992274275171520 *   0
0.9722188096364116, 0.2361711423081211, 0.9956729542443868, 0.6091391693843246, 0.0473397323150838, 0.3144677082609700, 0.3791247845530160, 0.2777875760932395, 0.9283061688432033, 0.5, 0.5, 0.5, 0.5, 0.5, 0.5, 0.5, 0.5, 0.5, 0.5 * 0.0027265464212487, 0.0027265464212487, 0.0038559189273697, 0.0054530928424974, 0.0077118378547394, 0.0109061856849948, 0.0154236757094789, 0.0218123713699895, 0.0308473514189578, 0.9990479877467702 *   0
0.9696530834630379, 0.9477959652188215, 0.1789101125574252, 0.0284564998133371, 0.2669733279696542, 0.6203949975876114, 0.9376821992628659, 0.2065656088323172, 0.2408694113795037, 0.5, 0.5, 0.5, 0.5, 0.5, 0.5, 0.5, 0.5, 0.5, 0.5 * 0.0029781733727625, 0.0029781733727625, 0.0042117731748591, 0.0059563467455249, 0.0084235463497182, 0.0119126934910498, 0.0168470926994363, 0.0238253869820996, 0.0336941853988727, 0.9988640566867009 *   0
0.9618669897140316, 0.7866061612901306, 0.4912484015763031, 0.6816715992436146, 0.0066778883369071, 0.7007475135385746, 0.1615084340616634, 0.3335081135544498, 0.3557635943199338, 0.5, 0.5, 0.5, 0.5, 0.5, 0.5, 0.5, 0.5, 0.5, 0.5 * 0.0037414612538037, 0.0037414612538037, 0.0052912252482226, 0.0074829225076073, 0.0105824504964452, 0.0149658450152146, 0.0211649009928903, 0.0299316900304293, 0.0423298019857807, 0.9982065796856326 *   0
0.9592923256379051, 0.8296603433925940, 0.9481124593634682, 0.9859195020915565, 0.5000990156550421, 0.9248424111515481, 0.9473443855286316, 0.1791094654142435, 0.2811149197076983, 0.5, 0.5, 0.5, 0.5, 0.5, 0.5, 0.5, 0.5, 0.5, 0.5 * 0.0039937437051188, 0.0039937437051188, 0.0056480065124211, 0.0079874874102375, 0.0112960130248423, 0.0159749748204751, 0.0225920260496845, 0.0319499496409501, 0.0451840520993690, 0.9979563131078248 *   0
0.9559565158355778, 0.3278346477671688, 0.3682107088939336, 0.5938799397991411, 0.3345770762928655, 0.8488908395398831, 0.3297234868303516, 0.2018983495430547, 0.7503799287371244, 0.5, 0.5, 0.5, 0.5, 0.5, 0.5, 0.5, 0.5, 0.5, 0.5 * 0.0043205104526129, 0.0043205104526129, 0.0061101244784599, 0.0086410209052258, 0.0122202489569197, 0.0172820418104515, 0.0244404979138394, 0.0345640836209030, 0.0488809958276788, 0.9976077869051488 *   0
0.9538183146872643, 0.2732780893674484, 0.1998039610683005, 0.6013967886573620, 0.4626524082676752, 0.3162705485319116, 0.9042531987206327, 0.7588880014414378, 0.9739206977998468, 0.5, 0.5, 0.5, 0.5, 0.5, 0.5, 0.5, 0.5, 0.5, 0.5 * 0.0045299009293609, 0.0045299009293609, 0.0064062473305087, 0.0090598018587218, 0.0128124946610174, 0.0181196037174437, 0.0256249893220348, 0.0362392074348873, 0.0512499786440695, 0.9973699811895107 *   0
0.9533685869320150, 0.5653023503559187, 0.3905214608602791, 0.3084014860486619, 0.7311433803900813, 0.6466726216704923, 0.3336267254006242, 0.8771881702715476, 0.7710501233912307, 0.5, 0.5, 0.5, 0.5, 0.5, 0.5, 0.5, 0.5, 0.5, 0.5 * 0.0045739355941350, 0.0045739355941350, 0.0064685217506468, 0.0091478711882700, 0.0129370435012935, 0.0182957423765400, 0.0258740870025871, 0.0365914847530800, 0.0517481740051741, 0.9973185313500700 *   0
0.9531389982221364, 0.5325798129348922, 0.1729741847016728, 0.5823554343461783, 0.9943457506570712, 0.2500206987606458, 0.2661340214620037, 0.2851330010616840, 0.6770514257611016, 0.5, 0.5, 0.5, 0.5, 0.5, 0.5, 0.5, 0.5, 0.5, 0.5 * 0.0045964146752734, 0.0045964146752734, 0.0065003119720624, 0.0091928293505468, 0.0130006239441248, 0.0183856587010937, 0.0260012478882496, 0.0367713174021874, 0.0520024957764992, 0.9972920740014083 *   0
0.9505252367586481, 0.1382514993372613, 0.0384462741382636, 0.0140534853628154, 0.0658274758913682, 0.7153503786378309, 0.9164775716683258, 0.0895597930483333, 0.8494834740876609, 0.5, 0.5, 0.5, 0.5, 0.5, 0.5, 0.5, 0.5, 0.5, 0.5 * 0.0048522857793541, 0.0048522857793541, 0.0068621683576726, 0.0097045715587081, 0.0137243367153453, 0.0194091431174163, 0.0274486734306905, 0.0388182862348326, 0.0548973468613810, 0.9969817263195763 *   0
0.9437655382527810, 0.6159053517579591, 0.2896255814887702, 0.7166687509588286, 0.1609397745509351, 0.7315512130649533, 0.6745193012405742, 0.7873754518979115, 0.3288012828346348, 0.5, 0.5, 0.5, 0.5, 0.5, 0.5, 0.5, 0.5, 0.5, 0.5 * 0.0055136286422668, 0.0055136286422668, 0.0077974484037825, 0.0110272572845337, 0.0155948968075650, 0.0220545145690673, 0.0311897936151300, 0.0441090291381346, 0.0623795872302600, 0.9961011867245038 *   0
0.9405014947711031, 0.8109305225363609, 0.8740960368300305, 0.7214729291021232, 0.9203767245264616, 0.9723912374919239, 0.5408392704747800, 0.8207167442053169, 0.1455331515267180, 0.5, 0.5, 0.5, 0.5, 0.5, 0.5, 0.5, 0.5, 0.5, 0.5 * 0.0058327521313356, 0.0058327521313356, 0.0082487571700953, 0.0116655042626711, 0.0164975143401907, 0.0233310085253422, 0.0329950286803813, 0.0466620170506845, 0.0659900573607626, 0.9956357891614014 *   0
0.9399694688338645, 0.2058959106010831, 0.5365704714956556, 0.7111868503089933, 0.5056828332625716, 0.7890243124165686, 0.5420135378567565, 0.0456059007186470, 0.4402205378004446, 0.5, 0.5, 0.5, 0.5, 0.5, 0.5, 0.5, 0.5, 0.5, 0.5 * 0.0058847536633442, 0.0058847536633442, 0.0083222984419262, 0.0117695073266885, 0.0166445968838523, 0.0235390146533769, 0.0332891937677046, 0.0470780293067538, 0.0665783875354092, 0.9955574501887723 *   0
0.9396090381497559, 0.5973867669689408, 0.3016779340345775, 0.6583710786227002, 0.0497001516864170, 0.2157090712411837, 0.9550340771465721, 0.5016582689721408, 0.1268943125041641, 0.5, 0.5, 0.5, 0.5, 0.5, 0.5, 0.5, 0.5, 0.5, 0.5 * 0.0059199807174648, 0.0059199807174648, 0.0083721170196259, 0.0118399614349296, 0.0167442340392519, 0.0236799228698592, 0.0334884680785037, 0.0473598457397184, 0.0669769361570074, 0.9955039829383107 *   0
0.9325597886613383, 0.8181887277486681, 0.8302758409782666, 0.6944624091007106, 0.0391864180747356, 0.4947155171515027, 0.5532502953676741, 0.5764487705083791, 0.6189920942387507, 0.5, 0.5, 0.5, 0.5, 0.5, 0.5, 0.5, 0.5, 0.5, 0.5 * 0.0066085506621284, 0.0066085506621284, 0.0093459019740117, 0.0132171013242569, 0.0186918039480235, 0.0264342026485138, 0.0373836078960469, 0.0528684052970275, 0.0747672157920939, 0.9943941506693394 *   0
0.9307535690864331, 0.2840321978014113, 0.5654510583567671, 0.2635329050307781, 0.0565704102891360, 0.0366903855636205, 0.9753879797530305, 0.6591457159533844, 0.5823703844018142, 0.5, 0.5, 0.5, 0.5, 0.5, 0.5, 0.5, 0.5, 0.5, 0.5 * 0.0067848549608749, 0.0067848549608749, 0.0095952339044037, 0.0135697099217499, 0.0191904678088074, 0.0271394198434997, 0.0383809356176148, 0.0542788396869995, 0.0767618712352296, 0.9940901519726126 *   0
0.9302671262669689, 0.1461981912824317, 0.8632478266317620, 0.3025261230312875, 0.0079289008900192, 0.2366759913212974, 0.0423913239698817, 0.5918754570148306, 0.5054152233085666, 0.5, 0.5, 0.5, 0.5, 0.5, 0.5, 0.5, 0.5, 0.5, 0.5 * 0.0068323271545648, 0.0068323271545648, 0.0096623697245555, 0.0136646543091296, 0.0193247394491111, 0.0273293086182593, 0.0386494788982222, 0.0546586172365185, 0.0772989577964443, 0.9940069125751425 *   0
0.9257378321726517, 0.4264922125388366, 0.3968068474888833, 0.8965330384189882, 0.8666934347090747, 0.8589095174609263, 0.6406152838098887, 0.9003495098558951, 0.6552590688947864, 0.5, 0.5, 0.5, 0.5, 0.5, 0.5, 0.5, 0.5, 0.5, 0.5 * 0.0072741480160101, 0.0072741480160101, 0.0102871987789509, 0.0145482960320203, 0.0205743975579018, 0.0290965920640406, 0.0411487951158035, 0.0581931841280811, 0.0822975902316071, 0.9932040139287300 *   0
0.9228363115912472, 0.7901481444901546, 0.5194992770066016, 0.1074626166873903, 0.5988028946327059, 0.2960663290210377, 0.8693579867805159, 0.2193913535305259, 0.8571246451964251, 0.5, 0.5, 0.5, 0.5, 0.5, 0.5, 0.5, 0.5, 0.5, 0.5 * 0.0075569917238825, 0.0075569917238825, 0.0106872001866559, 0.0151139834477650, 0.0213744003733117, 0.0302279668955300, 0.0427488007466235, 0.0604559337910600, 0.0854976014932469, 0.9926632461604509 *   0
0.9106201352135372, 0.0963071594463229, 0.5830509749162248, 0.5389656776278120, 0.5468990423469334, 0.7603268612922760, 0.6486938747804117, 0.6110782034746736, 0.0548807075502727, 0.5, 0.5, 0.5, 0.5, 0.5, 0.5, 0.5, 0.5, 0.5, 0.5 * 0.0087460485713262, 0.0087460485713262, 0.0123687805067434, 0.0174920971426524, 0.0247375610134867, 0.0349841942853048, 0.0494751220269734, 0.0699683885706096, 0.0989502440539468, 0.9901604407384335 *   0
0.9034418267679596, 0.4805640259201471, 0.5350197956594731, 0.3593335409459348, 0.5838552073500376, 0.0071242516893541, 0.9627526262601617, 0.8918579150419020, 0.1816236507993302, 0.5, 0.5, 0.5, 0.5, 0.5, 0.5, 0.5, 0.5, 0.5, 0.5 * 0.0094432723654511, 0.0094432723654511, 0.0133548038524040, 0.0188865447309022, 0.0267096077048080, 0.0377730894618044, 0.0534192154096160, 0.0755461789236088, 0.1068384308192321, 0.9885196504876210 *   0
0.9006518530196752, 0.2742432636554554, 0.5969419044428235, 0.8800258468277873, 0.6934319784368538, 0.3932435034742782, 0.4257248167068348, 0.3900325607462006, 0.3749021479743077, 0.5, 0.5, 0.5, 0.5, 0.5, 0.5, 0.5, 0.5, 0.5, 0.5 * 0.0097139413212279, 0.0097139413212279, 0.0137375875605770, 0.0194278826424559, 0.0274751751211539, 0.0388557652849118, 0.0549503502423079, 0.0777115305698235, 0.1099007004846158, 0.9878480004869077 *   0
0.9002928616946064, 0.8927151038743161, 0.6229440791639239, 0.6880235251449158, 0.9649003832437566, 0.5725205245299826, 0.2858237457861303, 0.3791396270408945, 0.8949459269153633, 0.5, 0.5, 0.5, 0.5, 0.5, 0.5, 0.5, 0.5, 0.5, 0.5 * 0.0097487553821131, 0.0097487553821131, 0.0137868220776421, 0.0194975107642262, 0.0275736441552841, 0.0389950215284524, 0.0551472883105682, 0.0779900430569048, 0.1102945766211364, 0.9877602000161418 *   0
0.8706990405315063, 0.0961227175295924, 0.3442229602226163, 0.1033541681726250, 0.4970555405584423, 0.0329332454283411, 0.1303209099594135, 0.1604252444395913, 0.1043764930704499, 0.5, 0.5, 0.5, 0.5, 0.5, 0.5, 0.5, 0.5, 0.5, 0.5 * 0.0126069960887907, 0.0126069960887907, 0.0178289848495524, 0.0252139921775814, 0.0356579696991047, 0.0504279843551627, 0.0713159393982094, 0.1008559687103255, 0.1426318787964188, 0.9794448908958622 *   0
0.8693469217370017, 0.2270589765287279, 0.3312800625950471, 0.8270676819733659, 0.8419718462237957, 0.6884720566163175, 0.4173093449404973, 0.8100695576565664, 0.3420539653590201, 0.5, 0.5, 0.5, 0.5, 0.5, 0.5, 0.5, 0.5, 0.5, 0.5 * 0.0127369829420097, 0.0127369829420097, 0.0180128140203049, 0.0254739658840194, 0.0360256280406098, 0.0509479317680388, 0.0720512560812196, 0.1018958635360776, 0.1441025121624391, 0.9790142654614120 *   0
0.8684536343759176, 0.1497930959564601, 0.2047375390328176, 0.1664631320938762, 0.6532356020311060, 0.2830139846927551, 0.3255725993428252, 0.2785334001660968, 0.7587499780388316, 0.5, 0.5, 0.5, 0.5, 0.5, 0.5, 0.5, 0.5, 0.5, 0.5 * 0.0128228282436994, 0.0128228282436994, 0.0181342176102205, 0.0256456564873988, 0.0362684352204410, 0.0512913129747977, 0.0725368704408819, 0.1025826259495953, 0.1450737408817639, 0.9787273468199107 *   0
0.8672476014435513, 0.3023693865641809, 0.3840781740770108, 0.9564092103188900, 0.5890483938106561, 0.5718215525019082, 0.1966586248933611, 0.5332430924909390, 0.7902468218422712, 0.5, 0.5, 0.5, 0.5, 0.5, 0.5, 0.5, 0.5, 0.5, 0.5 * 0.0129386884460850, 0.0129386884460850, 0.0182980686797735, 0.0258773768921700, 0.0365961373595470, 0.0517547537843400, 0.0731922747190939, 0.1035095075686800, 0.1463845494381878, 0.9783369191498180 *   0
0.8460320857567862, 0.3219059423179859, 0.2130515073486844, 0.4634710640942077, 0.3809683278114387, 0.8647023038308612, 0.3060809351997827, 0.2468269133227071, 0.1107024504387297, 0.5, 0.5, 0.5, 0.5, 0.5, 0.5, 0.5, 0.5, 0.5, 0.5 * 0.0149688351876823, 0.0149688351876823, 0.0211691297353479, 0.0299376703753646, 0.0423382594706959, 0.0598753407507292, 0.0846765189413917, 0.1197506815014584, 0.1693530378827834, 0.9708960279657884 *   0
0.8169489418235369, 0.4732130470095263, 0.0610224753902398, 0.1439948171116388, 0.0673891776555167, 0.1893497222053584, 0.1156998579929116, 0.4975188041559974, 0.8549490323546105, 0.5, 0.5, 0.5, 0.5, 0.5, 0.5, 0.5, 0.5, 0.5, 0.5 * 0.0177243862010268, 0.0177243862010268, 0.0250660673502306, 0.0354487724020536, 0.0501321347004612, 0.0708975448041072, 0.1002642694009225, 0.1417950896082143, 0.2005285388018450, 0.9589455721009373 *   0
0.8120648687761579, 0.5156198509575891, 0.0628090282263276, 0.6106476558421960, 0.1534695677242566, 0.9919535312764131, 0.0776318242203592, 0.1746131978810826, 0.7424067257635326, 0.5, 0.5, 0.5, 0.5, 0.5, 0.5, 0.5, 0.5, 0.5, 0.5 * 0.0181836675334539, 0.0181836675334539, 0.0257155892394938, 0.0363673350669078, 0.0514311784789877, 0.0727346701338156, 0.1028623569579753, 0.1454693402676312, 0.2057247139159506, 0.9567417019072602 *   0
0.8050450290576765, 0.4371775753969222, 0.0848615039535153, 0.1338463114266499, 0.4249147476744441, 0.8322307550498428, 0.9165642628989016, 0.0192146082498201, 0.8415314289003292, 0.5, 0.5, 0.5, 0.5, 0.5, 0.5, 0.5, 0.5, 0.5, 0.5 * 0.0188419074979420, 0.0188419074979420, 0.0266464811245688, 0.0376838149958839, 0.0532929622491377, 0.0753676299917678, 0.1065859244982753, 0.1507352599835356, 0.2131718489965505, 0.9534754981596453 *   0
0.7829446647236797, 0.3815819585610097, 0.2342305217097655, 0.9261766262008699, 0.9848094489354684, 0.0867579686859427, 0.0024492000241062, 0.1161256870795627, 0.3346892568909979, 0.5, 0.5, 0.5, 0.5, 0.5, 0.5, 0.5, 0.5, 0.5, 0.5 * 0.0208988936087187, 0.0208988936087187, 0.0295554987800424, 0.0417977872174374, 0.0591109975600847, 0.0835955744348747, 0.1182219951201694, 0.1671911488697494, 0.2364439902403387, 0.9424375199229141 *   0
0.7626636055124288, 0.9837099886423489, 0.4203915434984451, 0.3835084542555308, 0.2596645067723768, 0.8181980814869506, 0.9898893944872028, 0.6338632761658464, 0.1417424507167854, 0.5, 0.5, 0.5, 0.5, 0.5, 0.5, 0.5, 0.5, 0.5, 0.5 * 0.0227644483779153, 0.0227644483779153, 0.0321937916359900, 0.0455288967558306, 0.0643875832719800, 0.0910577935116611, 0.1287751665439600, 0.1821155870233222, 0.2575503330879200, 0.9313085696226590 *   0
0.7547565776644073, 0.2573212637832953, 0.9231414822503652, 0.2281359677334018, 0.9796910737546585, 0.3431003444563133, 0.7268670684317439, 0.5665144783288774, 0.0321907205657059, 0.5, 0.5, 0.5, 0.5, 0.5, 0.5, 0.5, 0.5, 0.5, 0.5 * 0.0234856214416241, 0.0234856214416241, 0.0332136843635052, 0.0469712428832482, 0.0664273687270104, 0.0939424857664965, 0.1328547374540207, 0.1878849715329929, 0.2657094749080414, 0.9267129813961742 *   0
0.7217378689543055, 0.8070291410233030, 0.8121613146793848, 0.8125265463313677, 0.3522826984302526, 0.8782275397694798, 0.0872733379189266, 0.6342075330364553, 0.2481724467352836, 0.5, 0.5, 0.5, 0.5, 0.5, 0.5, 0.5, 0.5, 0.5, 0.5 * 0.0264567297969842, 0.0264567297969842, 0.0374154660949355, 0.0529134595939684, 0.0748309321898709, 0.1058269191879369, 0.1496618643797418, 0.2116538383758736, 0.2993237287594835, 0.9059859881935471 *   0
0.4064145863086053, 0.1022239854103997, 0.5206409266780321, 0.7838682345039529, 0.0459895236631807, 0.1365462779703300, 0.0734938159927231, 0.7626582746220093, 0.2974860525212651, 0.5, 0.5, 0.5, 0.5, 0.5, 0.5, 0.5, 0.5, 0.5, 0.5 * 0.0501908435977436, 0.0501908435977436, 0.0709805717228758, 0.1003816871954872, 0.1419611434457516, 0.2007633743909743, 0.2839222868915031, 0.4015267487819485, 0.5678445737830061, 0.5959069390856194 *   0
