3 //Objectives
12 //Vars
1 //DMS
0.333000 0.333000, 0.333000 0.333000, 0.334000 0.334000 // Weight
0.249925 0.292028, 0.221534 0.282840, 0.238867 0.287402 //Veto
0.510000 0.670000 //Beta 0
0.510000 0.670000 //Lambda 0
TRUE FALSE //Best compromise 
1
0.5057999726877548, 0.1250196076580415, 0.0, 0.0, 0.0, 0.0, 0.0, 0.0, 0.0, 0.0, 0.0, 0.0 * 0.4954240246155112, 0.4954240246155112, 0.7135194963471838 *   0
TRUE TRUE //Frontiers 
6 // OUTRANKING: R2(3) + R1(3)
0.538561273707 0.538561273707, 0.538561273707 0.538561273707, 0.809884094997 0.809884094997
0.581698522799 0.581698522799, 0.581698522799 0.581698522799, 0.906248693646 0.906248693646
0.624835771890 0.624835771890, 0.624835771890 0.624835771890, 1.002613292295 1.002613292295
0.711110270073 0.711110270073, 0.711110270073 0.711110270073, 0.424425700399 0.424425700399
0.732678894619 0.732678894619, 0.732678894619 0.732678894619, 0.568972598373 0.568972598373
0.754247519165 0.754247519165, 0.754247519165 0.754247519165, 0.713519496347 0.713519496347
FALSE //Initial solutions 
2
