3 //Objectives
30 //Vars
1 //DMS
0.277000 0.391000, 0.274000 0.388000, 0.277000 0.393000 // Weight
5.212000 5.316000, 5.358000 5.532000, 4.746000 5.372000 //Veto
0.510000 0.670000 //Beta 0
0.510000 0.670000 //Lambda 0
TRUE TRUE //Best compromise 
1
0.0004740753213289, 0.0004740753213289, 0.9999998876262886 *   0
TRUE TRUE //Frontiers 
6 // OUTRANKING: R2(3) + R1(3)
0.031656553401 0.031656553401, 0.031656553401 0.031656553401, 1.001967104453 1.001967104453
0.062839031482 0.062839031482, 0.062839031482 0.062839031482, 1.003934321280 1.003934321280
0.094021509562 0.094021509562, 0.094021509562 0.094021509562, 1.005901538107 1.005901538107
0.156386465722 0.156386465722, 0.156386465722 0.156386465722, 0.994098237146 0.994098237146
0.171977704762 0.171977704762, 0.171977704762 0.171977704762, 0.997049062386 0.997049062386
0.187568943802 0.187568943802, 0.187568943802 0.187568943802, 0.999999887626 0.999999887626
FALSE //Initial solutions
