3 //Objectives
12 //Vars
1 //DMS
0.296200 0.296200, 0.329800 0.329800, 0.374000 0.374000 // Weight
0.491990 0.532690, 0.438350 0.562990, 0.496660 0.572610 //Veto
0.510000 0.750000 //Beta 0
0.510000 0.670000 //Lambda 0
TRUE FALSE //Best compromise 
1
0.8850273065664933, 0.5937944821053159, 0.5, 0.5, 0.5, 0.5, 0.5, 0.5, 0.5, 0.5, 0.5, 0.5 * 0.9999999999696231, 0.0000000000000000, 0.0000077944762205 *   0
TRUE TRUE //Frontiers 
6 // OUTRANKING: R2(3) + R1(3)
1.010333951401 1.010333951401, 0.071134974077 0.071134974077, 0.000030946554 0.000030946554
1.020667902832 1.020667902832, 0.142269948155 0.142269948155, 0.000054098631 0.000054098631
1.031001854263 1.031001854263, 0.213404922232 0.213404922232, 0.000077250708 0.000077250708
0.968998145676 0.968998145676, 0.355674870387 0.355674870387, 0.000123554863 0.000123554863
0.984499072823 0.984499072823, 0.391242357426 0.391242357426, 0.000135130902 0.000135130902
0.999999999970 0.999999999970, 0.426809844464 0.426809844464, 0.000146706940 0.000146706940
FALSE //Initial solutions 
2
