3 //Objectives
12 //Vars
1 //DMS
0.333000 0.333000, 0.333000 0.333000, 0.334000 0.334000 // Weight
0.249925 0.292028, 0.221534 0.282840, 0.238867 0.287402 //Veto
0.510000 0.750000 //Beta 0
0.510000 0.670000 //Lambda 0
TRUE FALSE //Best compromise 
1
0.3092190461741849, 0.5856788026102254, 0.5, 0.5, 0.5, 0.5, 0.5, 0.5, 0.5, 0.5, 0.5, 0.5 * 0.5357629672541757, 0.7035719442732477, 0.4668453300083049 *   0
TRUE TRUE //Frontiers 
6 // OUTRANKING: R2(3) + R1(3)
0.573614388498 0.573614388498, 0.845287843971 0.845287843971, 0.528513871593 0.528513871593
0.611465809742 0.611465809742, 0.987003743668 0.987003743668, 0.590182413178 0.590182413178
0.649317230986 0.649317230986, 1.128719643366 1.128719643366, 0.651850954762 0.651850954762
0.725020073474 0.725020073474, 0.278424245181 0.278424245181, 0.775188037932 0.775188037932
0.743945784096 0.743945784096, 0.490998094727 0.490998094727, 0.806022308724 0.806022308724
0.762871494718 0.762871494718, 0.703571944273 0.703571944273, 0.836856579517 0.836856579517
FALSE //Initial solutions 
2
