3 //Objectives
12 //Vars
1 //DMS
0.313000 0.313000, 0.316000 0.316000, 0.371000 0.371000 // Weight
249.702530 288.528380, 263.828110 282.653470, 278.651050 299.408780 //Veto
0.510000 0.750000 //Beta 0
0.510000 0.670000 //Lambda 0
TRUE FALSE //Best compromise 
1
0.0056749861713848, 0.0006779269318459, 0.5, 0.5, 0.5, 0.5, 0.5, 0.5, 0.5, 0.5, 0.5, 0.5 * 0.9999597013918646, 0.0010648426234937, 0.0089141293730855 *   0
TRUE TRUE //Frontiers 
6 // OUTRANKING: R2(3) + R1(3)
1.242138284093 1.242138284093, 0.003260013906 0.003260013906, 0.256551410068 0.256551410068
1.484316866794 1.484316866794, 0.005455185188 0.005455185188, 0.504188690762 0.504188690762
1.726495449495 1.726495449495, 0.007650356470 0.007650356470, 0.751825971456 0.751825971456
0.273423953288 0.273423953288, 0.012040699034 0.012040699034, 1.247100532845 1.247100532845
0.636691827340 0.636691827340, 0.013138284675 0.013138284675, 1.370919173193 1.370919173193
0.999959701392 0.999959701392, 0.014235870316 0.014235870316, 1.494737813540 1.494737813540
FALSE //Initial solutions 
2
