3 //Objectives
12 //Vars
1 //DMS
0.313000 0.313000, 0.320000 0.320000, 0.367000 0.367000 // Weight
2.995000 3.516000, 2.907000 3.431000, 2.581000 3.216000 //Veto
0.510000 0.670000 //Beta 0
0.510000 0.670000 //Lambda 0
TRUE FALSE //Best compromise 
1
0.1123112710715790, 0.1278281175195370, 0.0, 0.0, 0.0, 0.0, 0.0, 0.0, 0.0, 0.0, 0.0, 0.0 * 0.1123112710715790, 0.1278281175195370, 5.5426076943400773 *   0
TRUE TRUE //Frontiers 
6 // OUTRANKING: R2(3) + R1(3)
0.256256283497 0.256256283497, 0.307582065257 0.307582065257, 6.056490117219 6.056490117219
0.400201295922 0.400201295922, 0.487336012995 0.487336012995, 6.570372540097 6.570372540097
0.544146308347 0.544146308347, 0.667089960732 0.667089960732, 7.084254962976 7.084254962976
0.832036333197 0.832036333197, 1.026597856207 1.026597856207, 4.000960425704 4.000960425704
0.904008839409 0.904008839409, 1.116474830076 1.116474830076, 4.771784060022 4.771784060022
0.975981345622 0.975981345622, 1.206351803945 1.206351803945, 5.542607694340 5.542607694340
FALSE //Initial solutions 
2
