3 //Objectives
30 //Vars
1 //DMS
0.237000 0.437000, 0.229000 0.423000, 0.237000 0.437000 // Weight
0.490000 0.558000, 0.526000 0.563000, 0.513000 0.549000 //Veto
0.510000 0.670000 //Beta 0
0.510000 0.670000 //Lambda 0
TRUE TRUE //Best compromise 
1
0.3040238944483101, 0.5505112439073736, 0.0727324308221581 *   0
TRUE TRUE
6 // OUTRANKING: R2(3) + R1(3)
0.355140043952 0.355140043952, 0.663249230776 0.663249230776, 0.204990026682 0.204990026682
0.355140043952 0.355140043952, 0.663249230776 0.663249230776, 0.469505218402 0.469505218402
0.355140043952 0.355140043952, 0.663249230776 0.663249230776, 0.734020410122 0.734020410122
0.355140043952 0.355140043952, 0.663249230776 0.663249230776, 1.263050793561 1.263050793561
0.355140043952 0.355140043952, 0.663249230776 0.663249230776, 1.395308389421 1.395308389421
0.355140043952 0.355140043952, 0.663249230776 0.663249230776, 1.527565985281 1.527565985281
FALSE //Initial solutions
