0.9890926666506997, 0.0004610568287135, 0.5, 0.5, 0.5, 0.5, 0.5 * 0.0002280139640949, 0.4943183193612550, 0.0054536666746501 *   0
0.9933907133496324, 0.9981238059690799, 0.5, 0.5, 0.5, 0.5, 0.5 * 0.4957634598114372, 0.0009318968633790, 0.0033046433251838 *   0
0.9976233527984579, 0.9965754053539482, 0.5, 0.5, 0.5, 0.5, 0.5 * 0.4971034486028441, 0.0017082277963849, 0.0011883236007710 *   0
0.9730071197138201, 0.0011304458608527, 0.5, 0.5, 0.5, 0.5, 0.5 * 0.0005499659355303, 0.4859535939213798, 0.0134964401430899 *   0
0.9836450801154808, 0.0035074618661345, 0.5, 0.5, 0.5, 0.5, 0.5 * 0.0017250488041579, 0.4900974912535825, 0.0081774599422596 *   0
0.9749052189173667, 0.9972367286669261, 0.5, 0.5, 0.5, 0.5, 0.5 * 0.4861056456367341, 0.0013469638219492, 0.0125473905413166 *   0
0.9789296532882982, 0.0058127054971702, 0.5, 0.5, 0.5, 0.5, 0.5 * 0.0028451148885059, 0.4866197117556432, 0.0105351733558509 *   0
0.9532056180542361, 0.9984698235050169, 0.5, 0.5, 0.5, 0.5, 0.5 * 0.4758735226113018, 0.0007292864158162, 0.0233971909728820 *   0
0.9495304976354961, 0.9896395057391559, 0.5, 0.5, 0.5, 0.5, 0.5 * 0.4698464461821236, 0.0049188026356245, 0.0252347511822519 *   0
0.9816235224630793, 0.9813335211860638, 0.5, 0.5, 0.5, 0.5, 0.5 * 0.4816500338888804, 0.0091617273426593, 0.0091882387684604 *   0
0.9141345987627909, 0.9955959445776399, 0.5, 0.5, 0.5, 0.5, 0.5 * 0.4550543496631713, 0.0020129497182241, 0.0429327006186045 *   0
