3 //Objectives
30 //Vars
1 //DMS
0.277000 0.391000, 0.274000 0.388000, 0.277000 0.393000 // Weight
5.212000 5.316000, 5.358000 5.532000, 4.746000 5.372000 //Veto
0.510000 0.670000 //Beta 0
0.510000 0.670000 //Lambda 0
TRUE FALSE //Best compromise 
1
0.0, 0.0, 0.0, 0.0, 0.0, 0.0, 0.0, 0.0, 0.0, 0.0, 0.0, 0.0, 0.0, 0.0, 0.0, 0.0, 0.0, 0.0, 0.0, 0.0, 0.0, 0.0, 0.0, 0.0, 0.0, 0.0, 0.0, 0.0, 0.0, 0.0 * 0.0000437875278498, 0.0000437875278498, 0.9999999990413262 *   0
TRUE FALSE //Frontiers 
2
0.0185546991501724, 0.0185546991501724, 0.9998278467513528
0.5601011512615257, 0.5601011512615257, 0.8284242272866683
FALSE //Initial solutions