0.0000165561214166, 0.1702347854945039, 0.5, 0.5, 0.5, 0.5, 0.5 * 0.0000014092138890, 0.0000068688468193, 0.4999917219392917 *   0
0.0000147875398466, 0.3907298237973497, 0.5, 0.5, 0.5, 0.5, 0.5 * 0.0000028889664193, 0.0000045048035040, 0.4999926062300767 *   0
0.0000284467823936, 0.2516574311310693, 0.5, 0.5, 0.5, 0.5, 0.5 * 0.0000035794220906, 0.0000106439691062, 0.4999857766088032 *   0
0.0000432152301274, 0.9124035895394178, 0.5, 0.5, 0.5, 0.5, 0.5 * 0.0000197148655455, 0.0000018927495182, 0.4999783923849363 *   0
0.0000580335036190, 0.3745590412870790, 0.5, 0.5, 0.5, 0.5, 0.5 * 0.0000108684867390, 0.0000181482650705, 0.4999709832481905 *   0
0.0000468776561538, 0.1549266512295821, 0.5, 0.5, 0.5, 0.5, 0.5 * 0.0000036312991427, 0.0000198075289342, 0.4999765611719231 *   0
0.0001038680784888, 0.7317544835301836, 0.5, 0.5, 0.5, 0.5, 0.5 * 0.0000380029660649, 0.0000139310731795, 0.4999480659607556 *   0
0.0001289988868539, 0.7496846549909956, 0.5, 0.5, 0.5, 0.5, 0.5 * 0.0000483542429927, 0.0000161452004343, 0.4999355005565730 *   0
0.0001203352585995, 0.3300817177305378, 0.5, 0.5, 0.5, 0.5, 0.5 * 0.0000198602344310, 0.0000403073948687, 0.4999398323707002 *   0
0.0002146386542426, 0.3523249883914017, 0.5, 0.5, 0.5, 0.5, 0.5 * 0.0000378112806822, 0.0000695080464391, 0.4998926806728787 *   0
0.0002785921098099, 0.1395557546706664, 0.5, 0.5, 0.5, 0.5, 0.5 * 0.0000194395660649, 0.0001198564888400, 0.4998607039450951 *   0
0.0002459418029738, 0.7132584698094327, 0.5, 0.5, 0.5, 0.5, 0.5 * 0.0000877100370256, 0.0000352608644613, 0.4998770290985131 *   0
0.0003784522415970, 0.9023492293908956, 0.5, 0.5, 0.5, 0.5, 0.5 * 0.0001707480442831, 0.0000184780765153, 0.4998107738792015 *   0
0.0004606312142967, 0.4951482436131445, 0.5, 0.5, 0.5, 0.5, 0.5 * 0.0001140403683562, 0.0001162752387922, 0.4997696843928516 *   0
0.0005134185778505, 0.1432620408680579, 0.5, 0.5, 0.5, 0.5, 0.5 * 0.0000367766966412, 0.0002199325922840, 0.4997432907110748 *   0
0.0006180787461894, 0.1028096941778481, 0.5, 0.5, 0.5, 0.5, 0.5 * 0.0000317722434368, 0.0002772671296579, 0.4996909606269053 *   0
0.0007948046553856, 0.7922276508958208, 0.5, 0.5, 0.5, 0.5, 0.5 * 0.0003148331125286, 0.0000825692151642, 0.4996025976723072 *   0
0.0010993136098140, 0.1513766903203803, 0.5, 0.5, 0.5, 0.5, 0.5 * 0.0000832052279389, 0.0004664515769681, 0.4994503431950930 *   0
0.0015074615373777, 0.1049018754180995, 0.5, 0.5, 0.5, 0.5, 0.5 * 0.0000790677711958, 0.0006746629974930, 0.4992462692313112 *   0
0.0018044360921739, 0.9444163138719351, 0.5, 0.5, 0.5, 0.5, 0.5 * 0.0008520694413942, 0.0000501486046928, 0.4990977819539131 *   0
0.0019004070208875, 0.9827660182410692, 0.5, 0.5, 0.5, 0.5, 0.5 * 0.0009338277204775, 0.0000163757899663, 0.4990497964895562 *   0
0.0016663302675198, 0.6366718596018254, 0.5, 0.5, 0.5, 0.5, 0.5 * 0.0005304527950663, 0.0003027123386936, 0.4991668348662401 *   0
0.0020986199388740, 0.2188071316195685, 0.5, 0.5, 0.5, 0.5, 0.5 * 0.0002295965045923, 0.0008197134648447, 0.4989506900305630 *   0
0.0021901265728241, 0.2955769511384782, 0.5, 0.5, 0.5, 0.5, 0.5 * 0.0003236754675014, 0.0007713878189107, 0.4989049367135879 *   0
0.0025750701327692, 0.0086800912435539, 0.5, 0.5, 0.5, 0.5, 0.5 * 0.0000111759218555, 0.0012763591445291, 0.4987124649336154 *   0
0.0023880247037802, 0.4854725582923147, 0.5, 0.5, 0.5, 0.5, 0.5 * 0.0005796602311047, 0.0006143521207854, 0.4988059876481099 *   0
0.0027406043385810, 0.1209956561778652, 0.5, 0.5, 0.5, 0.5, 0.5 * 0.0001658006101353, 0.0012045015591553, 0.4986296978307095 *   0
0.0026047104050427, 0.4715700170358503, 0.5, 0.5, 0.5, 0.5, 0.5 * 0.0006141516650397, 0.0006882035374816, 0.4986976447974786 *   0
0.0027497787972678, 0.2264866978984730, 0.5, 0.5, 0.5, 0.5, 0.5 * 0.0003113941598722, 0.0010634952387617, 0.4986251106013661 *   0
0.0028617568327402, 0.1234730473363181, 0.5, 0.5, 0.5, 0.5, 0.5 * 0.0001766749184370, 0.0012542034979331, 0.4985691215836299 *   0
0.0034233732164946, 0.9791398420832771, 0.5, 0.5, 0.5, 0.5, 0.5 * 0.0016759805552953, 0.0000357060529520, 0.4982883133917527 *   0
0.0033706324190696, 0.3520469522811691, 0.5, 0.5, 0.5, 0.5, 0.5 * 0.0005933104351968, 0.0010920057743380, 0.4983146837904652 *   0
0.0049213790357678, 0.5539366083936471, 0.5, 0.5, 0.5, 0.5, 0.5 * 0.0013630660058464, 0.0010976235120375, 0.4975393104821161 *   0
0.0055443076442668, 0.7394787882172870, 0.5, 0.5, 0.5, 0.5, 0.5 * 0.0020499489491431, 0.0007222048729903, 0.4972278461778666 *   0
0.0055685001451375, 0.6569080793563780, 0.5, 0.5, 0.5, 0.5, 0.5 * 0.0018289963676190, 0.0009552537049498, 0.4972157499274312 *   0
0.0058567756814215, 0.3259438203302882, 0.5, 0.5, 0.5, 0.5, 0.5 * 0.0009544899202100, 0.0019738979205007, 0.4970716121592892 *   0
0.0060685914969391, 0.7651124912151659, 0.5, 0.5, 0.5, 0.5, 0.5 * 0.0023215775791951, 0.0007127181692744, 0.4969657042515304 *   0
0.0067169861899302, 0.0161967729293726, 0.5, 0.5, 0.5, 0.5, 0.5 * 0.0000543967500440, 0.0033040963449211, 0.4966415069050349 *   0
0.0061524203075806, 0.4117012715021620, 0.5, 0.5, 0.5, 0.5, 0.5 * 0.0012664796317233, 0.0018097305220670, 0.4969237898462097 *   0
0.0063435733347868, 0.4810421445784355, 0.5, 0.5, 0.5, 0.5, 0.5 * 0.0015257630606282, 0.0016460236067652, 0.4968282133326066 *   0
0.0067273736962710, 0.7514002675895580, 0.5, 0.5, 0.5, 0.5, 0.5 * 0.0025274751977765, 0.0008362116503590, 0.4966363131518645 *   0
0.0064521785855536, 0.5069933214723101, 0.5, 0.5, 0.5, 0.5, 0.5 * 0.0016356057259112, 0.0015904835668656, 0.4967739107072232 *   0
0.0066723441736178, 0.6443741431666418, 0.5, 0.5, 0.5, 0.5, 0.5 * 0.0021497430298940, 0.0011864290569150, 0.4966638279131911 *   0
0.0073354961384719, 0.6735567137010194, 0.5, 0.5, 0.5, 0.5, 0.5 * 0.0024704363361978, 0.0011973117330381, 0.4963322519307641 *   0
0.0081429323219428, 0.8556895776911124, 0.5, 0.5, 0.5, 0.5, 0.5 * 0.0034839111598653, 0.0005875550011061, 0.4959285338390286 *   0
0.0082550547124143, 0.1200155742093993, 0.5, 0.5, 0.5, 0.5, 0.5 * 0.0004953675657202, 0.0036321597904869, 0.4958724726437929 *   0
0.0083627947645089, 0.7889043683134506, 0.5, 0.5, 0.5, 0.5, 0.5 * 0.0032987226605149, 0.0008826747217395, 0.4958186026177456 *   0
0.0098003554203549, 0.9849792569805771, 0.5, 0.5, 0.5, 0.5, 0.5 * 0.0048265734000434, 0.0000736043101341, 0.4950998222898225 *   0
0.0099323494406102, 0.9159280089269989, 0.5, 0.5, 0.5, 0.5, 0.5 * 0.0045486585235526, 0.0004175161967525, 0.4950338252796949 *   0
0.0101753626997468, 0.8501376033994079, 0.5, 0.5, 0.5, 0.5, 0.5 * 0.0043252292296412, 0.0007624521202322, 0.4949123186501266 *   0
0.0097305211283874, 0.3452132518148112, 0.5, 0.5, 0.5, 0.5, 0.5 * 0.0016795524202917, 0.0031857081439020, 0.4951347394358063 *   0
0.0105200531010144, 0.7177503196139589, 0.5, 0.5, 0.5, 0.5, 0.5 * 0.0037753857378044, 0.0014846408127027, 0.4947399734494928 *   0
0.0112490621447792, 0.6647372747141576, 0.5, 0.5, 0.5, 0.5, 0.5 * 0.0037388354566053, 0.0018856956157842, 0.4943754689276104 *   0
0.9796837707886863, 0.0049533154838501, 0.5, 0.5, 0.5, 0.5, 0.5 * 0.0024263413955621, 0.4874155439987810, 0.0101581146056569 *   0
0.0118752280305490, 0.3593127622079629, 0.5, 0.5, 0.5, 0.5, 0.5 * 0.0021334604927530, 0.0038041535225215, 0.4940623859847255 *   0
0.0125535521714732, 0.3442686700002610, 0.5, 0.5, 0.5, 0.5, 0.5 * 0.0021608973549260, 0.0041158787308106, 0.4937232239142634 *   0
0.0150888045388687, 0.1908994201528371, 0.5, 0.5, 0.5, 0.5, 0.5 * 0.0014402220186348, 0.0061041802507996, 0.4924555977305656 *   0
0.0167662720274023, 0.2557430715559716, 0.5, 0.5, 0.5, 0.5, 0.5 * 0.0021439289534154, 0.0062392070602857, 0.4916168639862988 *   0
0.0191945941276823, 0.0854035756017098, 0.5, 0.5, 0.5, 0.5, 0.5 * 0.0008196434853638, 0.0087776535784773, 0.4904027029361588 *   0
0.0176479341544434, 0.7919894148558329, 0.5, 0.5, 0.5, 0.5, 0.5 * 0.0069884885221960, 0.0018354785550258, 0.4911760329227783 *   0
0.0174983940168742, 0.7522883870416732, 0.5, 0.5, 0.5, 0.5, 0.5 * 0.0065819193053870, 0.0021672777030501, 0.4912508029915629 *   0
0.0169951110226079, 0.5062853277224514, 0.5, 0.5, 0.5, 0.5, 0.5 * 0.0043021876768803, 0.0041953678344237, 0.4915024444886960 *   0
0.0182173224250867, 0.3264338254586019, 0.5, 0.5, 0.5, 0.5, 0.5 * 0.0029733751244169, 0.0061352860881264, 0.4908913387874567 *   0
0.0184779591013109, 0.6443540671115527, 0.5, 0.5, 0.5, 0.5, 0.5 * 0.0059531740494253, 0.0032858055012301, 0.4907610204493446 *   0
0.0248058079857406, 0.1327981213726095, 0.5, 0.5, 0.5, 0.5, 0.5 * 0.0016470823498180, 0.0107558216430523, 0.4875970960071297 *   0
0.9899703892832484, 0.9803421571759238, 0.5, 0.5, 0.5, 0.5, 0.5 * 0.4852548534851144, 0.0097303411565098, 0.0050148053583758 *   0
0.0235950127353869, 0.6120475552100910, 0.5, 0.5, 0.5, 0.5, 0.5 * 0.0072206349299222, 0.0045768714377712, 0.4882024936323066 *   0
0.0273151784331143, 0.8994800485202484, 0.5, 0.5, 0.5, 0.5, 0.5 * 0.0122847290111784, 0.0013728602053787, 0.4863424107834429 *   0
0.0275338729971712, 0.8742395527075228, 0.5, 0.5, 0.5, 0.5, 0.5 * 0.0120356004066763, 0.0017313360919093, 0.4862330635014144 *   0
0.0255933143317668, 0.2803421771527930, 0.5, 0.5, 0.5, 0.5, 0.5 * 0.0035874427301616, 0.0092092144357218, 0.4872033428341166 *   0
0.0250294543919291, 0.6201421854180015, 0.5, 0.5, 0.5, 0.5, 0.5 * 0.0077609102732155, 0.0047538169227490, 0.4874852728040355 *   0
0.0303711383744940, 0.0603906093446494, 0.5, 0.5, 0.5, 0.5, 0.5 * 0.0009170657764632, 0.0142685034107838, 0.4848144308127530 *   0
0.9232052359372401, 0.9885645490086472, 0.5, 0.5, 0.5, 0.5, 0.5 * 0.4563239838533598, 0.0052786341152603, 0.0383973820313799 *   0
0.0353301158339391, 0.2145252894677805, 0.5, 0.5, 0.5, 0.5, 0.5 * 0.0037896016631030, 0.0138754562538666, 0.4823349420830305 *   0
0.9158572004716179, 0.0111890994064459, 0.5, 0.5, 0.5, 0.5, 0.5 * 0.0051238086290931, 0.4528047916067159, 0.0420713997641911 *   0
0.9771451139716176, 0.0241591408961262, 0.5, 0.5, 0.5, 0.5, 0.5 * 0.0118034932422008, 0.4767690637436080, 0.0114274430141912 *   0
0.0353746493511715, 0.5027886696638487, 0.5, 0.5, 0.5, 0.5, 0.5 * 0.0088929864435503, 0.0087943382320354, 0.4823126753244142 *   0
0.0423194137598944, 0.9177171680693129, 0.5, 0.5, 0.5, 0.5, 0.5 * 0.0194186262750419, 0.0017410806049053, 0.4788402931200528 *   0
0.0412281840300319, 0.1251295945258483, 0.5, 0.5, 0.5, 0.5, 0.5 * 0.0025794329753575, 0.0180346590396585, 0.4793859079849840 *   0
0.0478258091247761, 0.0442305752282173, 0.5, 0.5, 0.5, 0.5, 0.5 * 0.0010576815241719, 0.0228552230382162, 0.4760870954376120 *   0
0.0465742177546836, 0.8355180625037840, 0.5, 0.5, 0.5, 0.5, 0.5 * 0.0194568000905113, 0.0038303087868305, 0.4767128911226582 *   0
0.0476197460888046, 0.0982314846935829, 0.5, 0.5, 0.5, 0.5, 0.5 * 0.0023388791795174, 0.0214709938648849, 0.4761901269555977 *   0
0.0605584094582863, 0.9853988070904272, 0.5, 0.5, 0.5, 0.5, 0.5 * 0.0298370922197445, 0.0004421125093987, 0.4697207952708569 *   0
0.0495297508544893, 0.1168734026685699, 0.5, 0.5, 0.5, 0.5, 0.5 * 0.0028943552578453, 0.0218705201693993, 0.4752351245727554 *   0
0.0496939919189056, 0.8382856775253479, 0.5, 0.5, 0.5, 0.5, 0.5 * 0.0208288808423395, 0.0040181151171133, 0.4751530040405472 *   0
0.0532177617089906, 0.2844192359058276, 0.5, 0.5, 0.5, 0.5, 0.5 * 0.0075680775609448, 0.0190408032935505, 0.4733911191455047 *   0
0.0551894721832077, 0.3442774509751599, 0.5, 0.5, 0.5, 0.5, 0.5 * 0.0095002454019496, 0.0180944906896542, 0.4724052639083962 *   0
0.0667817700033922, 0.9069058508178712, 0.5, 0.5, 0.5, 0.5, 0.5 * 0.0302823889720249, 0.0031084960296712, 0.4666091149983039 *   0
0.0593019831270454, 0.2309077122392635, 0.5, 0.5, 0.5, 0.5, 0.5 * 0.0068466426275587, 0.0228043489359640, 0.4703490084364773 *   0
0.0796655333040587, 0.5459342084573275, 0.5, 0.5, 0.5, 0.5, 0.5 * 0.0217460699328411, 0.0180866967191883, 0.4601672333479706 *   0
0.0902405856597426, 0.1136497967474394, 0.5, 0.5, 0.5, 0.5, 0.5 * 0.0051279121092998, 0.0399923807205715, 0.4548797071701287 *   0
0.8070647552642342, 0.9713894277677823, 0.5, 0.5, 0.5, 0.5, 0.5 * 0.3919870853938348, 0.0115452922382823, 0.0964676223678829 *   0
0.0837402535061074, 0.4157111916764226, 0.5, 0.5, 0.5, 0.5, 0.5 * 0.0174058802881548, 0.0244642464648989, 0.4581298732469463 *   0
0.0889642192465087, 0.3266902716488998, 0.5, 0.5, 0.5, 0.5, 0.5 * 0.0145318724763371, 0.0299502371469172, 0.4555178903767457 *   0
0.8477759081161469, 0.9552177679516458, 0.5, 0.5, 0.5, 0.5, 0.5 * 0.4049053053369427, 0.0189826487211307, 0.0761120459419266 *   0
0.8125674518815090, 0.0440044128540924, 0.5, 0.5, 0.5, 0.5, 0.5 * 0.0178782768121959, 0.3884054491285586, 0.0937162740592455 *   0
0.1151570021711090, 0.2594068489314089, 0.5, 0.5, 0.5, 0.5, 0.5 * 0.0149362575327974, 0.0426422435527571, 0.4424214989144455 *   0
0.7273785773326543, 0.9633768172764111, 0.5, 0.5, 0.5, 0.5, 0.5 * 0.3503698293928882, 0.0133194592734390, 0.1363107113336728 *   0
0.7244793622402844, 0.0397242857328264, 0.5, 0.5, 0.5, 0.5, 0.5 * 0.0143897125965844, 0.3478499685235578, 0.1377603188798578 *   0
0.2697513561089296, 0.3823754561051612, 0.5, 0.5, 0.5, 0.5, 0.5 * 0.0515731489135689, 0.0833025291408959, 0.3651243219455352 *   0
0.3209209662493882, 0.5347639292174782, 0.5, 0.5, 0.5, 0.5, 0.5 * 0.0858084784398963, 0.0746520046847978, 0.3395395168753059 *   0
