1000
13001
97 1
88 1
83 1
81 1
77 1
67 1
67 1
64 1
59 1
58 1
50 1
85 2
42 1
76 2
73 2
99 3
63 2
63 2
91 3
90 3
86 3
57 2
83 3
55 2
26 1
99 4
73 3
73 3
24 1
23 1
92 4
68 3
65 3
43 2
99 5
59 3
19 1
94 5
88 5
51 3
100 6
33 2
65 4
65 4
93 6
77 5
87 6
72 5
72 5
43 3
100 7
100 7
99 7
42 3
84 6
97 7
83 6
66 5
79 6
26 2
87 7
62 5
62 5
98 8
35 3
81 7
91 8
34 3
78 7
78 7
75 7
96 9
74 7
93 9
41 4
51 5
71 7
80 8
20 2
20 2
60 6
70 7
80 8
89 9
79 8
88 9
88 9
39 4
68 7
76 8
94 10
93 10
91 10
18 2
45 5
18 2
53 6
42 5
92 11
25 3
33 4
33 4
74 9
49 6
57 7
72 9
96 12
96 12
16 2
85 11
54 7
77 10
61 8
61 8
38 5
68 9
52 7
51 7
29 4
72 10
57 8
99 14
77 11
42 6
90 13
96 14
95 14
47 7
47 7
20 3
66 10
92 14
39 6
91 14
32 5
32 5
32 5
89 14
57 9
19 3
88 14
37 6
49 8
79 13
48 8
60 10
71 12
65 11
53 9
100 17
82 14
35 6
29 5
52 9
23 4
40 7
40 7
40 7
97 17
97 17
97 17
74 13
96 17
39 7
83 15
94 17
55 10
99 18
82 15
87 16
16 3
32 6
69 13
63 12
99 19
52 10
93 18
62 12
72 14
77 15
92 18
94 19
89 18
83 17
68 14
53 11
24 5
67 14
99 21
80 17
47 10
47 10
92 20
46 10
78 17
78 17
55 12
73 16
82 18
100 22
77 17
86 19
36 8
54 12
18 4
18 4
99 22
85 19
93 21
93 21
93 21
75 17
79 18
100 23
65 15
78 18
69 16
99 23
43 10
73 17
47 11
85 20
76 18
97 23
97 23
80 19
46 11
46 11
25 6
100 24
79 19
99 24
86 21
45 11
49 12
73 18
89 22
93 23
93 23
72 18
16 4
92 23
80 20
16 4
99 25
83 21
51 13
78 20
66 17
66 17
81 21
100 26
100 26
23 6
76 20
76 20
34 9
83 22
94 25
90 24
75 20
82 22
93 25
63 17
100 27
70 19
70 19
99 27
51 14
91 25
50 14
25 7
82 23
32 9
46 13
74 21
28 8
84 24
76 22
76 22
62 18
31 9
72 21
24 7
89 26
89 26
41 12
75 22
54 16
27 8
91 27
10 3
33 10
56 17
59 18
85 26
26 8
55 17
97 30
74 23
90 28
77 24
80 25
32 10
51 16
86 27
89 28
19 6
41 13
88 28
66 21
91 29
47 15
75 24
28 9
59 19
34 11
40 13
40 13
52 17
70 23
85 28
87 29
33 11
42 14
54 18
18 6
66 22
53 18
53 18
64 22
96 33
58 20
29 10
81 28
95 33
95 33
85 30
65 23
48 17
31 11
59 21
87 31
98 35
56 20
84 30
70 25
81 29
100 36
75 27
58 21
85 31
60 22
57 21
57 21
89 33
78 29
67 25
75 28
32 12
24 9
16 6
96 36
69 26
82 31
74 28
37 14
66 25
58 22
63 24
63 24
63 24
97 37
86 33
86 33
52 20
62 24
72 28
95 37
59 23
64 25
92 36
89 35
86 34
91 36
48 19
58 23
68 27
35 14
77 31
67 27
62 25
69 28
64 26
91 37
86 35
98 40
22 9
61 25
90 37
85 35
92 38
99 41
96 40
67 28
86 36
31 13
62 26
88 37
38 16
19 8
95 40
19 8
83 35
97 41
92 39
87 37
94 40
54 23
68 29
75 32
89 38
91 39
98 42
28 12
42 18
93 40
86 37
88 38
30 13
53 23
71 31
91 40
84 37
59 26
86 38
70 31
88 39
90 40
56 25
47 21
94 42
69 31
69 31
60 27
82 37
82 37
73 33
66 30
77 35
66 30
22 10
99 45
46 21
70 32
59 27
48 22
98 45
89 41
39 18
93 43
67 31
95 44
84 39
99 46
71 33
58 27
45 21
81 38
81 38
49 23
70 33
72 34
91 43
93 44
97 46
84 40
21 10
69 33
23 11
92 44
96 46
50 24
60 29
66 32
37 18
37 18
37 18
78 38
96 47
55 27
77 38
79 39
81 40
85 42
93 46
95 47
82 41
86 43
64 32
32 16
6 3
18 9
28 14
95 48
87 44
65 33
53 27
53 27
84 43
74 38
37 19
74 38
33 17
58 30
79 41
75 39
71 37
23 12
65 34
65 34
86 45
86 45
57 30
38 20
76 40
89 47
85 45
83 44
92 49
84 45
91 49
63 34
50 27
37 20
61 33
24 13
24 13
83 45
83 45
35 19
11 6
66 36
44 24
11 6
86 47
42 23
84 46
69 38
87 48
70 39
59 33
84 47
66 37
89 50
48 27
80 45
71 40
69 39
53 30
53 30
37 21
37 21
88 50
79 45
77 44
49 28
82 47
40 23
59 34
57 33
84 49
65 38
41 24
29 17
17 10
56 33
22 13
49 29
37 22
5 3
65 39
30 18
68 41
63 38
53 32
43 26
43 26
28 17
41 25
77 47
75 46
70 43
70 43
26 16
26 16
63 39
21 13
53 33
61 38
56 35
75 47
78 49
78 49
62 39
62 39
73 46
46 29
65 41
38 24
38 24
60 38
74 47
44 28
22 14
25 16
28 18
28 18
42 27
45 29
76 49
31 20
51 33
71 46
37 24
63 41
66 43
49 32
58 38
32 21
67 44
70 46
47 31
56 37
56 37
30 20
3 2
72 48
61 41
55 37
52 35
68 46
68 46
53 36
66 45
44 30
32 22
48 33
61 42
26 18
27 19
27 19
54 38
62 44
45 32
56 40
63 45
67 48
53 38
50 36
47 34
69 50
59 43
63 46
67 49
67 49
60 44
45 33
53 39
61 45
46 34
27 20
66 49
28 21
48 36
12 9
36 27
4 3
49 37
45 34
45 34
37 28
26 20
13 10
65 50
39 30
46 36
60 47
51 40
42 33
61 48
47 37
19 15
55 44
50 40
35 28
5 4
15 12
25 20
20 16
41 33
62 50
26 21
37 30
54 44
54 44
50 41
34 28
17 14
47 39
47 39
36 30
43 36
38 32
13 11
52 44
48 41
49 42
42 36
50 43
41 36
25 22
25 22
42 37
51 45
52 46
36 32
36 32
56 50
47 42
29 26
50 45
41 37
41 37
53 48
22 20
50 46
38 35
52 48
53 49
42 39
28 26
43 40
31 29
47 44
47 44
48 45
49 46
49 46
37 35
22 21
27 26
32 31
42 41
43 42
49 48
8 8
3 3
47 47
32 32
2 2
23 23
17 17
23 23
36 36
33 33
6 6
26 26
49 50
45 46
23 24
18 19
45 48
45 48
44 47
44 47
29 31
39 42
25 27
37 40
12 13
44 48
44 48
41 45
29 32
38 42
28 31
45 50
9 10
9 10
43 48
17 19
41 46
32 36
24 27
39 44
34 39
40 46
33 38
13 15
39 45
37 43
18 21
6 7
41 48
11 13
37 44
42 50
26 31
41 50
30 37
17 21
25 31
36 45
32 40
8 10
35 44
31 39
25 32
32 41
39 50
39 50
21 27
14 18
31 40
17 22
34 44
37 48
20 26
30 39
33 43
32 42
38 50
34 45
12 16
29 39
28 38
32 44
26 36
15 21
12 17
28 40
32 46
27 39
13 19
13 19
17 25
25 37
27 40
29 43
33 49
24 36
32 48
18 27
14 21
29 44
23 35
32 49
28 43
26 40
24 37
14 22
21 33
16 26
25 41
26 44
20 34
21 36
18 31
26 45
15 26
15 26
28 49
25 44
26 46
19 34
24 43
15 27
10 18
10 18
10 18
21 38
18 33
20 37
20 37
27 50
27 50
7 13
8 15
17 32
23 44
25 48
19 37
9 18
10 20
18 38
20 43
11 24
19 42
14 31
11 25
21 49
15 35
14 33
14 33
21 50
5 12
19 46
11 27
4 10
16 40
19 48
9 23
17 44
10 26
15 39
16 43
16 43
12 33
11 31
6 17
17 49
13 38
13 39
13 39
15 45
7 21
11 33
16 49
9 28
13 41
6 19
13 42
15 50
14 47
8 27
4 14
14 49
14 50
5 18
6 22
6 22
10 37
4 15
4 15
13 50
7 27
7 27
7 27
11 43
7 28
6 24
8 33
12 50
12 50
11 47
3 13
9 40
9 41
10 46
8 37
7 34
9 44
5 27
8 47
5 30
7 43
6 37
5 31
7 44
4 26
4 26
2 13
3 22
5 38
6 46
5 40
2 16
6 50
5 45
5 45
5 46
5 48
4 41
3 31
1 11
3 34
4 49
4 50
1 14
3 42
3 47
2 48
1 28
1 35
1 39
1 39
1 44
1 44
1 46