0.9925579922239101, 0.9987642695190219, 0.5, 0.5, 0.5, 0.5, 0.5 * 0.4956657290293903, 0.0006132670825648, 0.0037210038880450 *   0
0.9903608374252733, 0.9981018984681470, 0.5, 0.5, 0.5, 0.5, 0.5 * 0.4942405160013346, 0.0009399027113021, 0.0048195812873634 *   0
0.9594697495733713, 0.9990937099787843, 0.5, 0.5, 0.5, 0.5, 0.5 * 0.4793000958568373, 0.0004347789298483, 0.0202651252133144 *   0
0.9857233758017995, 0.0094029270156300, 0.5, 0.5, 0.5, 0.5, 0.5 * 0.0046343424801324, 0.4882273454207673, 0.0071383120991003 *   0
0.9460333771752349, 0.0017615603291251, 0.5, 0.5, 0.5, 0.5, 0.5 * 0.0008332474336300, 0.4721834411539874, 0.0269833114123825 *   0
0.9521166668050535, 0.0036841337586214, 0.5, 0.5, 0.5, 0.5, 0.5 * 0.0017538625771613, 0.4743044708253655, 0.0239416665974733 *   0
0.9951105839550078, 0.9846394509005544, 0.5, 0.5, 0.5, 0.5, 0.5 * 0.4899125694853945, 0.0076427224921094, 0.0024447080224961 *   0
0.9280786793344089, 0.0036034113744290, 0.5, 0.5, 0.5, 0.5, 0.5 * 0.0016721246347393, 0.4623672150324651, 0.0359606603327955 *   0
0.9903982086062423, 0.9711322625964565, 0.5, 0.5, 0.5, 0.5, 0.5 * 0.4809038265976286, 0.0142952777054925, 0.0048008956968789 *   0
0.0021235449249500, 0.9794546733514661, 0.5, 0.5, 0.5, 0.5, 0.5 * 0.0010399580004070, 0.0000218144620680, 0.4989382275375250 *   0
0.0680765929017573, 0.6051140854158970, 0.5, 0.5, 0.5, 0.5, 0.5 * 0.0205970526259886, 0.0134412438248900, 0.4659617035491214 *   0
