[0.48672, 0.69990, 0.49971, 0.50001, 0.49982, 0.49992, 0.49998] * [0.17441, 0.07478, 0.26279] * [] * 0 *   0
[0.49102, 0.66963, 0.49971, 0.50001, 0.49982, 0.49992, 0.49998] * [0.16837, 0.08307, 0.26063] * [] * 0 *   0
[0.08145, 0.73677, 0.49975, 0.49996, 0.49983, 0.49991, 0.49988] * [0.03069, 0.01096, 0.46979] * [] * 0 *   0
[0.83174, 0.30353, 0.49975, 0.49996, 0.49982, 0.49993, 0.49997] * [0.12873, 0.29538, 0.08580] * [] * 0 *   0
[0.03312, 0.97650, 0.49976, 0.50001, 0.50053, 0.49992, 0.49998] * [0.01727, 0.00042, 0.51644] * [] * 0 *   0
[0.66654, 0.07530, 0.49971, 0.50001, 0.49982, 0.49992, 0.49998] * [0.02570, 0.31564, 0.17077] * [] * 0 *   0
[0.47309, 0.09286, 0.49975, 0.49997, 0.49982, 0.49992, 0.49998] * [0.02241, 0.21890, 0.26876] * [] * 0 *   0
[0.53186, 0.05806, 0.49971, 0.49997, 0.49982, 0.49992, 0.49998] * [0.01582, 0.25656, 0.23974] * [] * 0 *   0
[0.53278, 0.31980, 0.49972, 0.49996, 0.49983, 0.49992, 0.49997] * [0.08718, 0.18542, 0.23905] * [] * 0 *   0
[0.03638, 0.02048, 0.49972, 0.50001, 0.49982, 0.49992, 0.49998] * [0.00038, 0.01823, 0.49285] * [] * 0 *   0
[0.62615, 0.47607, 0.49972, 0.49996, 0.49982, 0.49993, 0.49999] * [0.15243, 0.16776, 0.19118] * [] * 0 *   0
[0.85445, 0.25106, 0.49972, 0.49996, 0.49982, 0.49991, 0.49998] * [0.10982, 0.32761, 0.07452] * [] * 0 *   0
[0.49863, 0.47204, 0.49974, 0.49996, 0.49982, 0.49992, 0.49998] * [0.12020, 0.13444, 0.25604] * [] * 0 *   0
[0.49132, 0.30183, 0.49975, 0.49996, 0.49982, 0.49993, 0.49999] * [0.07558, 0.17482, 0.25924] * [] * 0 *   0
[0.62615, 0.47702, 0.49972, 0.49996, 0.49982, 0.49992, 0.49999] * [0.15278, 0.16750, 0.19123] * [] * 0 *   0
[0.48887, 0.05196, 0.49968, 0.49997, 0.49983, 0.49992, 0.49997] * [0.01305, 0.23807, 0.26256] * [] * 0 *   0
[0.41097, 0.06662, 0.49971, 0.49996, 0.49989, 0.49993, 0.49998] * [0.01396, 0.19562, 0.30039] * [] * 0 *   0
[0.91492, 0.76729, 0.50037, 0.49996, 0.49983, 0.49991, 0.49997] * [0.36342, 0.11022, 0.04404] * [] * 0 *   0
[0.42171, 0.04624, 0.49971, 0.49996, 0.49989, 0.49993, 0.49998] * [0.00994, 0.20512, 0.29491] * [] * 0 *   0
[0.12283, 0.54082, 0.49975, 0.49997, 0.49983, 0.49993, 0.49998] * [0.03387, 0.02875, 0.44721] * [] * 0 *   0
[0.05468, 0.73677, 0.49975, 0.49996, 0.49983, 0.49992, 0.49998] * [0.02054, 0.00734, 0.48193] * [] * 0 *   0
[0.96349, 0.30736, 0.49975, 0.49996, 0.49982, 0.49993, 0.49998] * [0.15093, 0.34014, 0.01861] * [] * 0 *   0
[0.46805, 0.03414, 0.49975, 0.49996, 0.49983, 0.49991, 0.49998] * [0.00815, 0.23050, 0.27123] * [] * 0 *   0
[0.25328, 0.69122, 0.49975, 0.49997, 0.49981, 0.49992, 0.49998] * [0.08938, 0.03993, 0.38124] * [] * 0 *   0
[0.50378, 0.66673, 0.49975, 0.49997, 0.49982, 0.49992, 0.49998] * [0.17133, 0.08564, 0.25310] * [] * 0 *   0
[0.03446, 0.66673, 0.49975, 0.50001, 0.49982, 0.49992, 0.49998] * [0.01172, 0.00586, 0.49240] * [] * 0 *   0
[0.23779, 0.07328, 0.49975, 0.49997, 0.49983, 0.49992, 0.49998] * [0.00889, 0.11238, 0.38870] * [] * 0 *   0
[0.85488, 0.37155, 0.49972, 0.49996, 0.49982, 0.49991, 0.49998] * [0.16262, 0.27506, 0.07430] * [] * 0 *   0
[0.55984, 0.04309, 0.49974, 0.49996, 0.49983, 0.49992, 0.49988] * [0.01234, 0.27413, 0.22524] * [] * 0 *   0
[0.54498, 0.17302, 0.50031, 0.49996, 0.49982, 0.49992, 0.49997] * [0.04846, 0.23162, 0.23385] * [] * 0 *   0
[0.46625, 0.05426, 0.49974, 0.49997, 0.49982, 0.49992, 0.49998] * [0.01291, 0.22506, 0.27242] * [] * 0 *   0
[0.85710, 0.94178, 0.49974, 0.49997, 0.49984, 0.49992, 0.49998] * [0.41141, 0.02543, 0.07283] * [] * 0 *   0
[0.31105, 0.53820, 0.49974, 0.49996, 0.49983, 0.49991, 0.49988] * [0.08570, 0.07354, 0.35269] * [] * 0 *   0
[0.49154, 0.93406, 0.49975, 0.49999, 0.49983, 0.49993, 0.49998] * [0.23392, 0.01651, 0.25905] * [] * 0 *   0
[0.85445, 0.25106, 0.49972, 0.49996, 0.49982, 0.49991, 0.49998] * [0.10982, 0.32761, 0.07452] * [] * 0 *   0
[0.77369, 0.73582, 0.49975, 0.49996, 0.49983, 0.49992, 0.49998] * [0.29024, 0.10420, 0.11538] * [] * 0 *   0
[0.21031, 0.00033, 0.49974, 0.49997, 0.49982, 0.49992, 0.49998] * [0.00004, 0.10734, 0.40317] * [] * 0 *   0
[0.67891, 0.04568, 0.49971, 0.49997, 0.49982, 0.49992, 0.49998] * [0.01589, 0.33189, 0.16448] * [] * 0 *   0
[0.81352, 0.90823, 0.49974, 0.49996, 0.49983, 0.49992, 0.49998] * [0.37706, 0.03810, 0.09517] * [] * 0 *   0
[0.65452, 0.00033, 0.49974, 0.50001, 0.49982, 0.49992, 0.49998] * [0.00011, 0.33388, 0.17629] * [] * 0 *   0
[0.48252, 0.50963, 0.49972, 0.49996, 0.49982, 0.49993, 0.49999] * [0.12574, 0.12099, 0.26460] * [] * 0 *   0
[0.03975, 0.73677, 0.49975, 0.49996, 0.49983, 0.49992, 0.49998] * [0.01493, 0.00533, 0.48955] * [] * 0 *   0
[0.40682, 0.69646, 0.49975, 0.49997, 0.49983, 0.49991, 0.49997] * [0.14453, 0.06299, 0.30259] * [] * 0 *   0
[0.77258, 0.05196, 0.49968, 0.49997, 0.49983, 0.49992, 0.49997] * [0.02062, 0.37623, 0.11682] * [] * 0 *   0
[0.49042, 0.47847, 0.49971, 0.49997, 0.49982, 0.49992, 0.49998] * [0.12020, 0.13102, 0.26102] * [] * 0 *   0
[0.08821, 0.54082, 0.49975, 0.49997, 0.49983, 0.49993, 0.49998] * [0.02432, 0.02065, 0.46486] * [] * 0 *   0
[0.83214, 0.50612, 0.49972, 0.49996, 0.49982, 0.49992, 0.49997] * [0.21552, 0.21031, 0.08590] * [] * 0 *   0
[0.03638, 0.00033, 0.49974, 0.50001, 0.49982, 0.49992, 0.49998] * [0.00001, 0.01856, 0.49172] * [] * 0 *   0
[0.61775, 0.50164, 0.49974, 0.49997, 0.49982, 0.49993, 0.49999] * [0.15812, 0.15708, 0.19504] * [] * 0 *   0
[0.81726, 0.70606, 0.49974, 0.50001, 0.49983, 0.49992, 0.49998] * [0.29440, 0.12256, 0.09323] * [] * 0 *   0
[0.04693, 0.31674, 0.49975, 0.49996, 0.49983, 0.49991, 0.49997] * [0.00758, 0.01635, 0.48602] * [] * 0 *   0
[0.88800, 0.23233, 0.49975, 0.49996, 0.49983, 0.49991, 0.49998] * [0.10522, 0.34765, 0.05712] * [] * 0 *   0
[0.81945, 0.68570, 0.49975, 0.49997, 0.49981, 0.49992, 0.49998] * [0.28688, 0.13150, 0.09218] * [] * 0 *   0
[0.28329, 0.07992, 0.49972, 0.49997, 0.49982, 0.49993, 0.49999] * [0.01157, 0.13323, 0.36634] * [] * 0 *   0
[0.47682, 0.30183, 0.49975, 0.49996, 0.49982, 0.49993, 0.49999] * [0.07335, 0.16966, 0.26663] * [] * 0 *   0
[0.49132, 0.30183, 0.49975, 0.49996, 0.49982, 0.49993, 0.49999] * [0.07558, 0.17482, 0.25924] * [] * 0 *   0
[0.58585, 0.98377, 0.50033, 0.49997, 0.49982, 0.49992, 0.49998] * [0.29669, 0.00489, 0.21320] * [] * 0 *   0
[0.78936, 0.38702, 0.49975, 0.49996, 0.49985, 0.49993, 0.49997] * [0.15552, 0.24632, 0.10723] * [] * 0 *   0
[0.85740, 0.31730, 0.49975, 0.49997, 0.49981, 0.49992, 0.49998] * [0.13889, 0.29885, 0.07280] * [] * 0 *   0
[0.32600, 0.93487, 0.49976, 0.49999, 0.49982, 0.49992, 0.49998] * [0.15539, 0.01083, 0.34364] * [] * 0 *   0
[0.04394, 0.73677, 0.49975, 0.49996, 0.49983, 0.49991, 0.49988] * [0.01656, 0.00592, 0.48897] * [] * 0 *   0
[0.50120, 0.07530, 0.49971, 0.50001, 0.49982, 0.49992, 0.49998] * [0.01933, 0.23734, 0.25544] * [] * 0 *   0
[0.45815, 0.03414, 0.49975, 0.49999, 0.49983, 0.49992, 0.49998] * [0.00797, 0.22548, 0.27610] * [] * 0 *   0
[0.04743, 0.73677, 0.49975, 0.49996, 0.49983, 0.49992, 0.49998] * [0.01782, 0.00636, 0.48564] * [] * 0 *   0
[0.98579, 0.00024, 0.49974, 0.49997, 0.49982, 0.49992, 0.49998] * [0.00012, 0.50295, 0.00725] * [] * 0 *   0
[0.41122, 0.05203, 0.49971, 0.49997, 0.49982, 0.49993, 0.49998] * [0.01095, 0.19956, 0.30141] * [] * 0 *   0
[0.32600, 0.93487, 0.49976, 0.49999, 0.49982, 0.49992, 0.49998] * [0.15539, 0.01083, 0.34364] * [] * 0 *   0
[0.12782, 0.04668, 0.49975, 0.49997, 0.49983, 0.49992, 0.49997] * [0.00304, 0.06213, 0.44473] * [] * 0 *   0
[0.79707, 0.47819, 0.49975, 0.49996, 0.49983, 0.49991, 0.49988] * [0.19490, 0.21268, 0.10377] * [] * 0 *   0
[0.46508, 0.06430, 0.49974, 0.49996, 0.49982, 0.49992, 0.49998] * [0.01527, 0.22222, 0.27316] * [] * 0 *   0
[0.48672, 0.69990, 0.49971, 0.50001, 0.49982, 0.49992, 0.49998] * [0.17441, 0.07478, 0.26279] * [] * 0 *   0
[0.76351, 0.69539, 0.49975, 0.49996, 0.49983, 0.49991, 0.49988] * [0.27149, 0.11892, 0.12093] * [] * 0 *   0
[0.85445, 0.25424, 0.49972, 0.49996, 0.49983, 0.49991, 0.49998] * [0.11120, 0.32618, 0.07451] * [] * 0 *   0
[0.49042, 0.47847, 0.49971, 0.49997, 0.49982, 0.49992, 0.49998] * [0.12020, 0.13102, 0.26102] * [] * 0 *   0
[0.88764, 0.42058, 0.49975, 0.49996, 0.49983, 0.49993, 0.49997] * [0.19029, 0.26216, 0.05727] * [] * 0 *   0
[0.85710, 0.90823, 0.49974, 0.49997, 0.49984, 0.49992, 0.49998] * [0.39675, 0.04009, 0.07283] * [] * 0 *   0
[0.89995, 0.76729, 0.49974, 0.49996, 0.49983, 0.49991, 0.49998] * [0.35253, 0.10692, 0.05108] * [] * 0 *   0
[0.91492, 0.76729, 0.50037, 0.49996, 0.49983, 0.49991, 0.49997] * [0.36342, 0.11022, 0.04404] * [] * 0 *   0
[0.04743, 0.73769, 0.49975, 0.49996, 0.49983, 0.49993, 0.49998] * [0.01783, 0.00634, 0.48547] * [] * 0 *   0
[0.73521, 0.94386, 0.49974, 0.49996, 0.49983, 0.49991, 0.49987] * [0.35538, 0.02114, 0.13560] * [] * 0 *   0
[0.28435, 0.50743, 0.49971, 0.49997, 0.49982, 0.49993, 0.49999] * [0.07387, 0.07171, 0.36640] * [] * 0 *   0
[0.49102, 0.69371, 0.49972, 0.50001, 0.49982, 0.49991, 0.49998] * [0.17432, 0.07697, 0.26048] * [] * 0 *   0
[0.58585, 0.98377, 0.50033, 0.49997, 0.49982, 0.49992, 0.49998] * [0.29669, 0.00489, 0.21320] * [] * 0 *   0
[0.27672, 0.11210, 0.49971, 0.50001, 0.49982, 0.49992, 0.49998] * [0.01588, 0.12581, 0.37037] * [] * 0 *   0
[0.81945, 0.68570, 0.49975, 0.49997, 0.49981, 0.49992, 0.49998] * [0.28688, 0.13150, 0.09218] * [] * 0 *   0
[0.09781, 0.02831, 0.49975, 0.49997, 0.49983, 0.49992, 0.49998] * [0.00141, 0.04843, 0.45976] * [] * 0 *   0
[0.49042, 0.15210, 0.49971, 0.49997, 0.49982, 0.49992, 0.49998] * [0.03821, 0.21301, 0.26104] * [] * 0 *   0
[0.56553, 0.05806, 0.49971, 0.49997, 0.49982, 0.49992, 0.49998] * [0.01682, 0.27281, 0.22250] * [] * 0 *   0
[0.28905, 0.07992, 0.49972, 0.49997, 0.49982, 0.49993, 0.49999] * [0.01181, 0.13594, 0.36340] * [] * 0 *   0
[0.27672, 0.07530, 0.49971, 0.50001, 0.49982, 0.49992, 0.49998] * [0.01067, 0.13103, 0.37037] * [] * 0 *   0
[0.47309, 0.05426, 0.49974, 0.49997, 0.49982, 0.49992, 0.49998] * [0.01311, 0.22840, 0.26898] * [] * 0 *   0
[0.80300, 0.26319, 0.49991, 0.50011, 0.50015, 0.49986, 0.49989] * [0.10721, 0.30014, 0.09993] * [] * 0 *   0
[0.85823, 0.35648, 0.49988, 0.50009, 0.50015, 0.49991, 0.49989] * [0.15493, 0.27969, 0.07180] * [] * 0 *   0
[0.76263, 0.40943, 0.49991, 0.50048, 0.50015, 0.49992, 0.49989] * [0.16476, 0.23765, 0.12525] * [] * 0 *   0
[0.65700, 0.17469, 0.49988, 0.50013, 0.50015, 0.49986, 0.49989] * [0.05834, 0.27561, 0.17434] * [] * 0 *   0
[0.97416, 0.65361, 0.49986, 0.50011, 0.50015, 0.49987, 0.49989] * [0.32363, 0.17151, 0.01313] * [] * 0 *   0
[0.09986, 0.32292, 0.49991, 0.50009, 0.50020, 0.49991, 0.49991] * [0.01635, 0.03429, 0.45648] * [] * 0 *   0
[0.80056, 0.84239, 0.49992, 0.50011, 0.50015, 0.49991, 0.49989] * [0.34123, 0.06384, 0.10091] * [] * 0 *   0
[0.83273, 0.69938, 0.49991, 0.50048, 0.50015, 0.49986, 0.49990] * [0.30791, 0.13235, 0.08843] * [] * 0 *   0
[0.76820, 0.32049, 0.49991, 0.50011, 0.50015, 0.49992, 0.49989] * [0.12463, 0.26424, 0.11734] * [] * 0 *   0
[0.73394, 0.71969, 0.49991, 0.50005, 0.50015, 0.49994, 0.49989] * [0.26667, 0.10386, 0.13432] * [] * 0 *   0
[0.62499, 0.72524, 0.49991, 0.50014, 0.50015, 0.49994, 0.49989] * [0.22963, 0.08700, 0.18998] * [] * 0 *   0
[0.23697, 0.43225, 0.49991, 0.50048, 0.50015, 0.49991, 0.49989] * [0.05405, 0.07100, 0.40265] * [] * 0 *   0
[0.76451, 0.54728, 0.49987, 0.50048, 0.50015, 0.49992, 0.49989] * [0.22107, 0.18287, 0.12443] * [] * 0 *   0
[0.43874, 0.29816, 0.49991, 0.50014, 0.50015, 0.49992, 0.49989] * [0.06632, 0.15612, 0.28456] * [] * 0 *   0
[0.36280, 0.89786, 0.49991, 0.50010, 0.50015, 0.49986, 0.49989] * [0.16518, 0.01879, 0.32313] * [] * 0 *   0
[0.90222, 0.16217, 0.49992, 0.50016, 0.50015, 0.49992, 0.49989] * [0.07422, 0.38344, 0.04960] * [] * 0 *   0
[0.63387, 0.32292, 0.49986, 0.50054, 0.50015, 0.49994, 0.49989] * [0.10948, 0.22955, 0.19582] * [] * 0 *   0
[0.58106, 0.67665, 0.49991, 0.50013, 0.50015, 0.49986, 0.49989] * [0.19964, 0.09540, 0.21273] * [] * 0 *   0
[0.25276, 0.32456, 0.49991, 0.50009, 0.50015, 0.49991, 0.49989] * [0.04150, 0.08637, 0.37800] * [] * 0 *   0
[0.76090, 0.40310, 0.49987, 0.50049, 0.50015, 0.49992, 0.49990] * [0.16243, 0.24051, 0.12661] * [] * 0 *   0
[0.68597, 0.96306, 0.49991, 0.50013, 0.50015, 0.49987, 0.49989] * [0.33546, 0.01287, 0.15946] * [] * 0 *   0
[0.66385, 0.91890, 0.49992, 0.50048, 0.50015, 0.49992, 0.49989] * [0.32182, 0.02840, 0.17734] * [] * 0 *   0
[0.83273, 0.17606, 0.49991, 0.50048, 0.50015, 0.49986, 0.49990] * [0.07751, 0.36274, 0.08843] * [] * 0 *   0
[0.28648, 0.28090, 0.49991, 0.50009, 0.50015, 0.49986, 0.49989] * [0.04080, 0.10444, 0.36173] * [] * 0 *   0
[0.65700, 0.68840, 0.49988, 0.50013, 0.50015, 0.49986, 0.49989] * [0.22990, 0.10406, 0.17435] * [] * 0 *   0
[0.58347, 0.40428, 0.49991, 0.50010, 0.50015, 0.49991, 0.49989] * [0.11937, 0.17590, 0.21079] * [] * 0 *   0
[0.14211, 0.66060, 0.49992, 0.50010, 0.50015, 0.49992, 0.49990] * [0.04747, 0.02439, 0.43383] * [] * 0 *   0
[0.76447, 0.97993, 0.49991, 0.50046, 0.50015, 0.49992, 0.49989] * [0.39393, 0.00807, 0.12385] * [] * 0 *   0
[0.57866, 0.96306, 0.49991, 0.50013, 0.50015, 0.49986, 0.49989] * [0.28298, 0.01085, 0.21395] * [] * 0 *   0
[0.14211, 0.62705, 0.49992, 0.50010, 0.50015, 0.49992, 0.49990] * [0.04506, 0.02680, 0.43383] * [] * 0 *   0
[0.44724, 0.69660, 0.49991, 0.50051, 0.50015, 0.49994, 0.49989] * [0.16522, 0.07196, 0.29314] * [] * 0 *   0
[0.68597, 0.96306, 0.49991, 0.50013, 0.50015, 0.49987, 0.49989] * [0.33546, 0.01287, 0.15946] * [] * 0 *   0
[0.82837, 0.40532, 0.49991, 0.50049, 0.50015, 0.49991, 0.49989] * [0.17746, 0.26037, 0.09071] * [] * 0 *   0
[0.97416, 0.47436, 0.49986, 0.50011, 0.50015, 0.49987, 0.49989] * [0.23487, 0.26025, 0.01313] * [] * 0 *   0
[0.63312, 0.61356, 0.49991, 0.50054, 0.50015, 0.49987, 0.49989] * [0.20767, 0.13080, 0.19614] * [] * 0 *   0
[0.84218, 0.48657, 0.49988, 0.50006, 0.50015, 0.49992, 0.49989] * [0.20740, 0.21884, 0.07987] * [] * 0 *   0
[0.80197, 0.40018, 0.49991, 0.50015, 0.50015, 0.49992, 0.49989] * [0.16277, 0.24397, 0.10044] * [] * 0 *   0
[0.60121, 0.91366, 0.49988, 0.50007, 0.50015, 0.49991, 0.49989] * [0.27810, 0.02628, 0.20190] * [] * 0 *   0
[0.90278, 0.04125, 0.49987, 0.50012, 0.50015, 0.49987, 0.49989] * [0.01894, 0.44008, 0.04943] * [] * 0 *   0
[0.79480, 0.40018, 0.49991, 0.50015, 0.50015, 0.49992, 0.49989] * [0.16132, 0.24179, 0.10408] * [] * 0 *   0
[0.76283, 0.66241, 0.49991, 0.50014, 0.50015, 0.49986, 0.49989] * [0.25678, 0.13086, 0.12052] * [] * 0 *   0
[0.82060, 0.84297, 0.49992, 0.50049, 0.50015, 0.49987, 0.49989] * [0.36622, 0.06822, 0.09498] * [] * 0 *   0
[0.97041, 0.43064, 0.49988, 0.50009, 0.50015, 0.49991, 0.49989] * [0.21166, 0.27984, 0.01499] * [] * 0 *   0
[0.73394, 0.71969, 0.49991, 0.50005, 0.50015, 0.49994, 0.49989] * [0.26667, 0.10386, 0.13432] * [] * 0 *   0
[0.85543, 0.60934, 0.49991, 0.50005, 0.50015, 0.49994, 0.49989] * [0.26316, 0.16871, 0.07299] * [] * 0 *   0
[0.65460, 0.68840, 0.49991, 0.50013, 0.50015, 0.49986, 0.49989] * [0.22881, 0.10357, 0.17538] * [] * 0 *   0
[0.10442, 0.32374, 0.49991, 0.50009, 0.50020, 0.49991, 0.49991] * [0.01714, 0.03581, 0.45416] * [] * 0 *   0
[0.76946, 0.27177, 0.49991, 0.50011, 0.50015, 0.49986, 0.49989] * [0.10608, 0.28425, 0.11695] * [] * 0 *   0
[0.82060, 0.40642, 0.49991, 0.50049, 0.50015, 0.49987, 0.49989] * [0.17661, 0.25795, 0.09500] * [] * 0 *   0
[0.85511, 0.25825, 0.49991, 0.50007, 0.50020, 0.49994, 0.49989] * [0.11192, 0.32145, 0.07343] * [] * 0 *   0
[0.90251, 0.14342, 0.49987, 0.50048, 0.50015, 0.49992, 0.49989] * [0.06839, 0.40847, 0.05151] * [] * 0 *   0
[0.97416, 0.27054, 0.49991, 0.50011, 0.50015, 0.49986, 0.49989] * [0.13368, 0.36044, 0.01311] * [] * 0 *   0
[0.58097, 0.28022, 0.49991, 0.50013, 0.50015, 0.49986, 0.49989] * [0.08268, 0.21238, 0.21282] * [] * 0 *   0
[0.83812, 0.99533, 0.50009, 0.50054, 0.50015, 0.49992, 0.49991] * [0.44473, 0.00209, 0.08630] * [] * 0 *   0
[0.76945, 0.26319, 0.49991, 0.50011, 0.50015, 0.49986, 0.49989] * [0.10273, 0.28760, 0.11696] * [] * 0 *   0
[0.58097, 0.97448, 0.49991, 0.50008, 0.50015, 0.49986, 0.49989] * [0.28685, 0.00751, 0.21231] * [] * 0 *   0
[0.45889, 0.18077, 0.49987, 0.50010, 0.50015, 0.49991, 0.49990] * [0.04202, 0.19044, 0.27412] * [] * 0 *   0
[0.96915, 0.42554, 0.49988, 0.50009, 0.50020, 0.49991, 0.49991] * [0.20941, 0.28269, 0.01566] * [] * 0 *   0
[0.60379, 0.91753, 0.49988, 0.50010, 0.50015, 0.49991, 0.49989] * [0.28071, 0.02523, 0.20076] * [] * 0 *   0
[0.44549, 0.32374, 0.49991, 0.50009, 0.50015, 0.49991, 0.49991] * [0.07290, 0.15228, 0.28028] * [] * 0 *   0
[0.90929, 0.40310, 0.49987, 0.50013, 0.50015, 0.49991, 0.49990] * [0.18594, 0.27533, 0.04602] * [] * 0 *   0
[0.65425, 0.74394, 0.49991, 0.50013, 0.50015, 0.49987, 0.49989] * [0.24715, 0.08507, 0.17557] * [] * 0 *   0
[0.61871, 0.51713, 0.49991, 0.50009, 0.50015, 0.49991, 0.49989] * [0.16186, 0.15114, 0.19289] * [] * 0 *   0
[0.90228, 0.65890, 0.49991, 0.50049, 0.50015, 0.49986, 0.49989] * [0.31480, 0.16296, 0.05174] * [] * 0 *   0
[0.82060, 0.40011, 0.49991, 0.50049, 0.50015, 0.49987, 0.49989] * [0.17387, 0.26069, 0.09501] * [] * 0 *   0
[0.97461, 0.70283, 0.49986, 0.50051, 0.50015, 0.49994, 0.49989] * [0.36401, 0.15391, 0.01349] * [] * 0 *   0
[0.88406, 0.89375, 0.49991, 0.50056, 0.50015, 0.49991, 0.49989] * [0.42342, 0.05034, 0.06213] * [] * 0 *   0
[0.66385, 0.91890, 0.49992, 0.50048, 0.50015, 0.49992, 0.49989] * [0.32182, 0.02840, 0.17734] * [] * 0 *   0
[0.87465, 0.73703, 0.49986, 0.50054, 0.50015, 0.49994, 0.49989] * [0.34454, 0.12293, 0.06699] * [] * 0 *   0
[0.45647, 0.70283, 0.49986, 0.50048, 0.50015, 0.49994, 0.49989] * [0.16952, 0.07168, 0.28720] * [] * 0 *   0
[0.63636, 0.97448, 0.49991, 0.50011, 0.50015, 0.49986, 0.49989] * [0.31453, 0.00824, 0.18444] * [] * 0 *   0
[0.04743, 0.28395, 0.49991, 0.50007, 0.50015, 0.49991, 0.49990] * [0.00681, 0.01716, 0.48140] * [] * 0 *   0
[0.85344, 0.28023, 0.49987, 0.50013, 0.50015, 0.49994, 0.49990] * [0.12123, 0.31139, 0.07429] * [] * 0 *   0
[0.90278, 0.03688, 0.49988, 0.50012, 0.50015, 0.49987, 0.49989] * [0.01692, 0.44182, 0.04940] * [] * 0 *   0
[0.85511, 0.25825, 0.49991, 0.50007, 0.50020, 0.49994, 0.49989] * [0.11192, 0.32145, 0.07343] * [] * 0 *   0
[0.63387, 0.83626, 0.49992, 0.50048, 0.50015, 0.49994, 0.49989] * [0.27945, 0.05472, 0.19302] * [] * 0 *   0
[0.97416, 0.65361, 0.49986, 0.50011, 0.50015, 0.49987, 0.49989] * [0.32363, 0.17151, 0.01313] * [] * 0 *   0
[0.68597, 0.96306, 0.49991, 0.50013, 0.50015, 0.49987, 0.49989] * [0.33546, 0.01287, 0.15946] * [] * 0 *   0
[0.85870, 0.84315, 0.49992, 0.50012, 0.50015, 0.49991, 0.49989] * [0.36667, 0.06821, 0.07156] * [] * 0 *   0
[0.68597, 0.99662, 0.49991, 0.50013, 0.50015, 0.49986, 0.49989] * [0.34718, 0.00118, 0.15947] * [] * 0 *   0
[0.82747, 0.32292, 0.49991, 0.50009, 0.50020, 0.49991, 0.49991] * [0.13551, 0.28412, 0.08749] * [] * 0 *   0
[0.71791, 0.84125, 0.49991, 0.50048, 0.50015, 0.49992, 0.49989] * [0.31858, 0.06012, 0.14880] * [] * 0 *   0
[0.86724, 0.74818, 0.49991, 0.50012, 0.50015, 0.49994, 0.49989] * [0.32835, 0.11052, 0.06718] * [] * 0 *   0
[0.65425, 0.74394, 0.49991, 0.50013, 0.50015, 0.49987, 0.49989] * [0.24715, 0.08507, 0.17557] * [] * 0 *   0
[0.90222, 0.15395, 0.49992, 0.50016, 0.50015, 0.49992, 0.49989] * [0.07046, 0.38721, 0.04960] * [] * 0 *   0
[0.90222, 0.14342, 0.49987, 0.50048, 0.50015, 0.49992, 0.49989] * [0.06837, 0.40835, 0.05167] * [] * 0 *   0
[0.36107, 0.11602, 0.49978, 0.50001, 0.50006, 0.49993, 0.50008] * [0.02121, 0.16160, 0.32349] * [] * 0 *   0
[0.26131, 0.11410, 0.49983, 0.50001, 0.50006, 0.49993, 0.50008] * [0.01504, 0.11675, 0.37255] * [] * 0 *   0
[0.17902, 0.20144, 0.49983, 0.50002, 0.49993, 0.49993, 0.50008] * [0.01819, 0.07212, 0.41413] * [] * 0 *   0
[0.10627, 0.94050, 0.49984, 0.50002, 0.50003, 0.49993, 0.50008] * [0.05036, 0.00319, 0.45034] * [] * 0 *   0
[0.08460, 0.05153, 0.49983, 0.50001, 0.49994, 0.49993, 0.50008] * [0.00220, 0.04048, 0.46179] * [] * 0 *   0
[0.49710, 0.80225, 0.49983, 0.50001, 0.50006, 0.49993, 0.50007] * [0.20099, 0.04954, 0.25345] * [] * 0 *   0
[0.47855, 0.80225, 0.49983, 0.50001, 0.50005, 0.49993, 0.50008] * [0.19352, 0.04770, 0.26284] * [] * 0 *   0
[0.66575, 0.33590, 0.49983, 0.50001, 0.50006, 0.49993, 0.50008] * [0.11277, 0.22296, 0.16856] * [] * 0 *   0
[0.43577, 0.86193, 0.49984, 0.50002, 0.50005, 0.49994, 0.50008] * [0.18929, 0.03032, 0.28435] * [] * 0 *   0
[0.86230, 0.07414, 0.49978, 0.50001, 0.50006, 0.49993, 0.50008] * [0.03237, 0.40427, 0.06973] * [] * 0 *   0
[0.10534, 0.08052, 0.49983, 0.50001, 0.50006, 0.49993, 0.50008] * [0.00428, 0.04883, 0.45100] * [] * 0 *   0
[0.26131, 0.11410, 0.49983, 0.50001, 0.50006, 0.49993, 0.50008] * [0.01504, 0.11675, 0.37255] * [] * 0 *   0
[0.96330, 0.82028, 0.49978, 0.50001, 0.49994, 0.49993, 0.50008] * [0.39997, 0.08763, 0.01857] * [] * 0 *   0
[0.07548, 0.51882, 0.49978, 0.50002, 0.49992, 0.49993, 0.50008] * [0.01984, 0.01840, 0.46840] * [] * 0 *   0
[0.16622, 0.88734, 0.49984, 0.50001, 0.50003, 0.49993, 0.50008] * [0.07432, 0.00944, 0.42016] * [] * 0 *   0
[0.14115, 0.11657, 0.49983, 0.50001, 0.50006, 0.49995, 0.50008] * [0.00829, 0.06284, 0.43283] * [] * 0 *   0
[0.58565, 0.16798, 0.49978, 0.50001, 0.49994, 0.49993, 0.50008] * [0.04982, 0.24677, 0.20984] * [] * 0 *   0
[0.49710, 0.83581, 0.49978, 0.50001, 0.50006, 0.49993, 0.50007] * [0.21036, 0.04133, 0.25462] * [] * 0 *   0
[0.46765, 0.89954, 0.49984, 0.50001, 0.50006, 0.49994, 0.50008] * [0.21204, 0.02368, 0.26833] * [] * 0 *   0
[0.40763, 0.07180, 0.49978, 0.50001, 0.50005, 0.49993, 0.50008] * [0.01482, 0.19156, 0.29991] * [] * 0 *   0
[0.35001, 0.08987, 0.49978, 0.50001, 0.49993, 0.49993, 0.50008] * [0.01593, 0.16132, 0.32917] * [] * 0 *   0
[0.08742, 0.80191, 0.49983, 0.50001, 0.50005, 0.49993, 0.50008] * [0.03534, 0.00873, 0.45998] * [] * 0 *   0
[0.99022, 0.86208, 0.49983, 0.50002, 0.50005, 0.49994, 0.50008] * [0.43046, 0.06887, 0.00493] * [] * 0 *   0
[0.20406, 0.20242, 0.49983, 0.50001, 0.50006, 0.49993, 0.50007] * [0.02082, 0.08203, 0.40115] * [] * 0 *   0
[0.20406, 0.87916, 0.49983, 0.50001, 0.50006, 0.49993, 0.50007] * [0.09041, 0.01243, 0.40113] * [] * 0 *   0
[0.22800, 0.23995, 0.49984, 0.50001, 0.49993, 0.50000, 0.50008] * [0.02756, 0.08730, 0.38890] * [] * 0 *   0
[0.28351, 0.84291, 0.49978, 0.50002, 0.49993, 0.49993, 0.50008] * [0.12100, 0.02255, 0.36279] * [] * 0 *   0
[0.18752, 0.19450, 0.49984, 0.50001, 0.50006, 0.50000, 0.50008] * [0.01837, 0.07607, 0.40919] * [] * 0 *   0
[0.47972, 0.30894, 0.49978, 0.50001, 0.50005, 0.49994, 0.50008] * [0.07503, 0.16783, 0.26340] * [] * 0 *   0
[0.58565, 0.16798, 0.49978, 0.50001, 0.49994, 0.49993, 0.50008] * [0.04982, 0.24677, 0.20984] * [] * 0 *   0
[0.91703, 0.07425, 0.49978, 0.50001, 0.49993, 0.49993, 0.50008] * [0.03449, 0.43002, 0.04203] * [] * 0 *   0
[0.35014, 0.08052, 0.49978, 0.50001, 0.50006, 0.49993, 0.50007] * [0.01427, 0.16298, 0.32898] * [] * 0 *   0
[0.58565, 0.17885, 0.49978, 0.50001, 0.49994, 0.49994, 0.50008] * [0.05303, 0.24349, 0.20979] * [] * 0 *   0
[0.22733, 0.88071, 0.49983, 0.50001, 0.49994, 0.49994, 0.50008] * [0.10097, 0.01368, 0.38968] * [] * 0 *   0
[0.91734, 0.24471, 0.49983, 0.50001, 0.49993, 0.49994, 0.50008] * [0.11318, 0.34934, 0.04168] * [] * 0 *   0
[0.65872, 0.40428, 0.49983, 0.50001, 0.50006, 0.49993, 0.50008] * [0.13430, 0.19790, 0.17211] * [] * 0 *   0
[0.11270, 0.12473, 0.49978, 0.50002, 0.50006, 0.49994, 0.50008] * [0.00712, 0.04995, 0.44929] * [] * 0 *   0
[0.11898, 0.80252, 0.49983, 0.50001, 0.50009, 0.49993, 0.50008] * [0.04818, 0.01185, 0.44454] * [] * 0 *   0
[0.14817, 0.81158, 0.49983, 0.50002, 0.50006, 0.49995, 0.50008] * [0.06060, 0.01407, 0.42930] * [] * 0 *   0
[0.17902, 0.13752, 0.49983, 0.50002, 0.49993, 0.49993, 0.50008] * [0.01242, 0.07789, 0.41412] * [] * 0 *   0
[0.18752, 0.19450, 0.49984, 0.50001, 0.50006, 0.50000, 0.50008] * [0.01837, 0.07607, 0.40919] * [] * 0 *   0
[0.44142, 0.07631, 0.49983, 0.50001, 0.50005, 0.49993, 0.50008] * [0.01698, 0.20551, 0.28153] * [] * 0 *   0
[0.08433, 0.84864, 0.49983, 0.50001, 0.50005, 0.49993, 0.50008] * [0.03607, 0.00643, 0.46154] * [] * 0 *   0
[0.35490, 0.86416, 0.49983, 0.50001, 0.50006, 0.49993, 0.50008] * [0.15469, 0.02432, 0.32537] * [] * 0 *   0
[0.71056, 0.80618, 0.49983, 0.50001, 0.50007, 0.49993, 0.50008] * [0.28887, 0.06945, 0.14596] * [] * 0 *   0
[0.77754, 0.23410, 0.49978, 0.50001, 0.49981, 0.49999, 0.50008] * [0.09271, 0.30333, 0.11331] * [] * 0 *   0
[0.17852, 0.27111, 0.49983, 0.50002, 0.49993, 0.49993, 0.50008] * [0.02441, 0.06564, 0.41439] * [] * 0 *   0
[0.18752, 0.19450, 0.49984, 0.50001, 0.50006, 0.50000, 0.50008] * [0.01837, 0.07607, 0.40919] * [] * 0 *   0
[0.30038, 0.86208, 0.49983, 0.50002, 0.50005, 0.49994, 0.50008] * [0.13058, 0.02089, 0.35280] * [] * 0 *   0
[0.17902, 0.13752, 0.49983, 0.50002, 0.49993, 0.49993, 0.50008] * [0.01242, 0.07789, 0.41412] * [] * 0 *   0
[0.28224, 0.20027, 0.49978, 0.50001, 0.50005, 0.49994, 0.50008] * [0.02861, 0.11423, 0.36324] * [] * 0 *   0
[0.17902, 0.13752, 0.49983, 0.50002, 0.49993, 0.49993, 0.50008] * [0.01242, 0.07789, 0.41412] * [] * 0 *   0
[0.72938, 0.08326, 0.49978, 0.50002, 0.50006, 0.49993, 0.50008] * [0.03075, 0.33859, 0.13704] * [] * 0 *   0
[0.29489, 0.11410, 0.49983, 0.50001, 0.50006, 0.49993, 0.50008] * [0.01697, 0.13175, 0.35561] * [] * 0 *   0
[0.35490, 0.86413, 0.49983, 0.50001, 0.50006, 0.49993, 0.50008] * [0.15468, 0.02432, 0.32537] * [] * 0 *   0
[0.46242, 0.07436, 0.49983, 0.50001, 0.50005, 0.49994, 0.50008] * [0.01733, 0.21574, 0.27096] * [] * 0 *   0
[0.14406, 0.29714, 0.49978, 0.50002, 0.49993, 0.49993, 0.50008] * [0.02168, 0.05127, 0.43345] * [] * 0 *   0
[0.53979, 0.07250, 0.49983, 0.50001, 0.50005, 0.49994, 0.50008] * [0.01972, 0.25232, 0.23194] * [] * 0 *   0
[0.18742, 0.55948, 0.49984, 0.50001, 0.50006, 0.50000, 0.50008] * [0.05281, 0.04158, 0.40924] * [] * 0 *   0
[0.97417, 0.26562, 0.49978, 0.50002, 0.49993, 0.49993, 0.50008] * [0.13104, 0.36230, 0.01308] * [] * 0 *   0
[0.58399, 0.07425, 0.49978, 0.50001, 0.49993, 0.49993, 0.50008] * [0.02197, 0.27385, 0.21073] * [] * 0 *   0
[0.53844, 0.10702, 0.49978, 0.50001, 0.50005, 0.49994, 0.50008] * [0.02916, 0.24333, 0.23359] * [] * 0 *   0
[0.51356, 0.05518, 0.49984, 0.50001, 0.50003, 0.49994, 0.50008] * [0.01428, 0.24447, 0.24508] * [] * 0 *   0
[0.26505, 0.23476, 0.49978, 0.50001, 0.49994, 0.49993, 0.50008] * [0.03151, 0.10271, 0.37219] * [] * 0 *   0
[0.58399, 0.07425, 0.49978, 0.50002, 0.49993, 0.49993, 0.50008] * [0.02197, 0.27385, 0.21073] * [] * 0 *   0
[0.78403, 0.44319, 0.49983, 0.50001, 0.49994, 0.49995, 0.50008] * [0.17515, 0.22006, 0.10887] * [] * 0 *   0
[0.24077, 0.37401, 0.49978, 0.50001, 0.50005, 0.49993, 0.50008] * [0.04561, 0.07633, 0.38449] * [] * 0 *   0
[0.78806, 0.07250, 0.49983, 0.50001, 0.50005, 0.49995, 0.50008] * [0.02879, 0.36833, 0.10680] * [] * 0 *   0
[0.16597, 0.88734, 0.49984, 0.50001, 0.50005, 0.49993, 0.50008] * [0.07423, 0.00943, 0.42040] * [] * 0 *   0
[0.78403, 0.44319, 0.49983, 0.50001, 0.49994, 0.49995, 0.50008] * [0.17515, 0.22006, 0.10887] * [] * 0 *   0
[0.22500, 0.07743, 0.49978, 0.50001, 0.50006, 0.50000, 0.50008] * [0.00881, 0.10502, 0.39210] * [] * 0 *   0
[0.28275, 0.20027, 0.49978, 0.50002, 0.50005, 0.49994, 0.50008] * [0.02866, 0.11444, 0.36301] * [] * 0 *   0
[0.08433, 0.95432, 0.49984, 0.50001, 0.50003, 0.49999, 0.50008] * [0.04052, 0.00194, 0.46097] * [] * 0 *   0
[0.97160, 0.07250, 0.49983, 0.50001, 0.50007, 0.49994, 0.50008] * [0.03552, 0.45442, 0.01432] * [] * 0 *   0
[0.11168, 0.25436, 0.49984, 0.50001, 0.49994, 0.49993, 0.50008] * [0.01432, 0.04198, 0.44780] * [] * 0 *   0
[0.69582, 0.08326, 0.49978, 0.50002, 0.50006, 0.49993, 0.50008] * [0.02934, 0.32301, 0.15403] * [] * 0 *   0
[0.91734, 0.29958, 0.49983, 0.50001, 0.49993, 0.49994, 0.50008] * [0.13856, 0.32396, 0.04168] * [] * 0 *   0
[0.39469, 0.23410, 0.49978, 0.50001, 0.49981, 0.49999, 0.50008] * [0.04706, 0.15397, 0.30832] * [] * 0 *   0
[0.07837, 0.11342, 0.49983, 0.50001, 0.50007, 0.49993, 0.50008] * [0.00448, 0.03505, 0.46501] * [] * 0 *   0
[0.96789, 0.18105, 0.49978, 0.50001, 0.50005, 0.49993, 0.50008] * [0.08872, 0.40132, 0.01626] * [] * 0 *   0
[0.08433, 0.20446, 0.49984, 0.50001, 0.50003, 0.49999, 0.50008] * [0.00868, 0.03377, 0.46097] * [] * 0 *   0
[0.34006, 0.48198, 0.49984, 0.50002, 0.50005, 0.49993, 0.50008] * [0.08258, 0.08876, 0.33252] * [] * 0 *   0
[0.07414, 0.04498, 0.49983, 0.50001, 0.50006, 0.49993, 0.50008] * [0.00168, 0.03572, 0.46701] * [] * 0 *   0
[0.11304, 0.19527, 0.49983, 0.50001, 0.50007, 0.49993, 0.50008] * [0.01114, 0.04589, 0.44746] * [] * 0 *   0
[0.35212, 0.08335, 0.49978, 0.50001, 0.50006, 0.49993, 0.50007] * [0.01486, 0.16340, 0.32798] * [] * 0 *   0
[0.22132, 0.07414, 0.49978, 0.50001, 0.50006, 0.50000, 0.50008] * [0.00830, 0.10367, 0.39396] * [] * 0 *   0
[0.17573, 0.55760, 0.49978, 0.50001, 0.50006, 0.49994, 0.50008] * [0.04962, 0.03936, 0.41736] * [] * 0 *   0
[0.78403, 0.43800, 0.49983, 0.50001, 0.50005, 0.49995, 0.50008] * [0.17305, 0.22204, 0.10883] * [] * 0 *   0
[0.28224, 0.20027, 0.49978, 0.50001, 0.50005, 0.49994, 0.50008] * [0.02861, 0.11423, 0.36324] * [] * 0 *   0
[0.22800, 0.24085, 0.49983, 0.50001, 0.50006, 0.50000, 0.50008] * [0.02766, 0.08718, 0.38884] * [] * 0 *   0
[0.65872, 0.33706, 0.49983, 0.50001, 0.50006, 0.49993, 0.50008] * [0.11197, 0.22022, 0.17211] * [] * 0 *   0
[0.11745, 0.80252, 0.49983, 0.50001, 0.50006, 0.49993, 0.50008] * [0.04752, 0.01169, 0.44489] * [] * 0 *   0
[0.80461, 0.06838, 0.50001, 0.49987, 0.49951, 0.49990, 0.49972] * [0.02935, 0.39991, 0.10424] * [] * 0 *   0
[0.78444, 0.86607, 0.50001, 0.49987, 0.49957, 0.49985, 0.49972] * [0.35980, 0.05564, 0.11416] * [] * 0 *   0
[0.81596, 0.10330, 0.50010, 0.49987, 0.49952, 0.49989, 0.49972] * [0.04504, 0.39095, 0.09834] * [] * 0 *   0
[0.17727, 0.98634, 0.50010, 0.49987, 0.49951, 0.49989, 0.49972] * [0.09348, 0.00129, 0.43988] * [] * 0 *   0
[0.75592, 0.06579, 0.50000, 0.49987, 0.49957, 0.49988, 0.49972] * [0.02632, 0.37373, 0.12918] * [] * 0 *   0
[0.75966, 0.00038, 0.50010, 0.49987, 0.49951, 0.50029, 0.49972] * [0.00016, 0.41154, 0.13025] * [] * 0 *   0
[0.21004, 0.09007, 0.50010, 0.49987, 0.49952, 0.49990, 0.49972] * [0.01010, 0.10208, 0.42194] * [] * 0 *   0
[0.82125, 0.09183, 0.50010, 0.49987, 0.49956, 0.49990, 0.49972] * [0.03995, 0.39509, 0.09469] * [] * 0 *   0
[0.16141, 0.98634, 0.50010, 0.49987, 0.49951, 0.49989, 0.49972] * [0.08512, 0.00118, 0.44835] * [] * 0 *   0
[0.87455, 0.83982, 0.50010, 0.49987, 0.49942, 0.49989, 0.49972] * [0.40026, 0.07634, 0.06837] * [] * 0 *   0
[0.75966, 0.03974, 0.50010, 0.49987, 0.49951, 0.50029, 0.49972] * [0.01636, 0.39533, 0.13025] * [] * 0 *   0
[0.05093, 0.87781, 0.50001, 0.49987, 0.49957, 0.49989, 0.49972] * [0.02366, 0.00329, 0.50226] * [] * 0 *   0
[0.20944, 0.11110, 0.50001, 0.49987, 0.49952, 0.49989, 0.49972] * [0.01241, 0.09931, 0.42169] * [] * 0 *   0
[0.79124, 0.01923, 0.50010, 0.49986, 0.49951, 0.49990, 0.49972] * [0.00814, 0.41496, 0.11163] * [] * 0 *   0
[0.29884, 0.96104, 0.50001, 0.49987, 0.49957, 0.49989, 0.49972] * [0.15187, 0.00616, 0.37078] * [] * 0 *   0
[0.14822, 0.00476, 0.50010, 0.49987, 0.49956, 0.49989, 0.49972] * [0.00037, 0.07818, 0.45142] * [] * 0 *   0
[0.81667, 0.54501, 0.50010, 0.49987, 0.49952, 0.49983, 0.49972] * [0.23847, 0.19908, 0.09823] * [] * 0 *   0
[0.78929, 0.01923, 0.50010, 0.49986, 0.49951, 0.49990, 0.49972] * [0.00812, 0.41393, 0.11267] * [] * 0 *   0
[0.81616, 0.20943, 0.50010, 0.49987, 0.49952, 0.49989, 0.49972] * [0.09133, 0.34477, 0.09823] * [] * 0 *   0
[0.26131, 0.77045, 0.50010, 0.49987, 0.49962, 0.49989, 0.49972] * [0.10579, 0.03152, 0.38816] * [] * 0 *   0
[0.87940, 0.39360, 0.50001, 0.49987, 0.49951, 0.49984, 0.49972] * [0.18514, 0.28523, 0.06451] * [] * 0 *   0
[0.06501, 0.91137, 0.50010, 0.49987, 0.49956, 0.49989, 0.49972] * [0.03142, 0.00306, 0.49580] * [] * 0 *   0
[0.78269, 0.32955, 0.50010, 0.49987, 0.49956, 0.49991, 0.49972] * [0.13663, 0.27796, 0.11511] * [] * 0 *   0
[0.75966, 0.00038, 0.50010, 0.49987, 0.49951, 0.50029, 0.49972] * [0.00016, 0.41154, 0.13025] * [] * 0 *   0
[0.29961, 0.06302, 0.50010, 0.49987, 0.49956, 0.49990, 0.49972] * [0.01000, 0.14873, 0.37105] * [] * 0 *   0
[0.29248, 0.87462, 0.50010, 0.49987, 0.49957, 0.49988, 0.49972] * [0.13564, 0.01944, 0.37515] * [] * 0 *   0
[0.62745, 0.89631, 0.50010, 0.49987, 0.49962, 0.49990, 0.49972] * [0.29544, 0.03418, 0.19571] * [] * 0 *   0
[0.91426, 0.18958, 0.50010, 0.49987, 0.49952, 0.49990, 0.49972] * [0.09255, 0.39564, 0.04578] * [] * 0 *   0
[0.78077, 0.06622, 0.50010, 0.49987, 0.49956, 0.49990, 0.49972] * [0.02739, 0.38621, 0.11613] * [] * 0 *   0
[0.75966, 0.00038, 0.50010, 0.49987, 0.49951, 0.50029, 0.49972] * [0.00016, 0.41154, 0.13025] * [] * 0 *   0
[0.78444, 0.93662, 0.50001, 0.49987, 0.49952, 0.49985, 0.49972] * [0.39240, 0.02655, 0.11513] * [] * 0 *   0
[0.28031, 0.05896, 0.50010, 0.49987, 0.49962, 0.49989, 0.49972] * [0.00869, 0.13872, 0.37847] * [] * 0 *   0
[0.38813, 0.09183, 0.50010, 0.49987, 0.49956, 0.49991, 0.49972] * [0.01888, 0.18672, 0.32412] * [] * 0 *   0
[0.29248, 0.87781, 0.50010, 0.49987, 0.49957, 0.49988, 0.49972] * [0.13613, 0.01895, 0.37515] * [] * 0 *   0
[0.91538, 0.50498, 0.50013, 0.49987, 0.49952, 0.49990, 0.49972] * [0.24732, 0.24244, 0.04527] * [] * 0 *   0
[0.82125, 0.09183, 0.50010, 0.49987, 0.49956, 0.49990, 0.49972] * [0.03995, 0.39509, 0.09469] * [] * 0 *   0
[0.21004, 0.05053, 0.50001, 0.49987, 0.49951, 0.49990, 0.49972] * [0.00566, 0.10635, 0.42128] * [] * 0 *   0
[0.17727, 0.98591, 0.50010, 0.49987, 0.49951, 0.49989, 0.49972] * [0.09344, 0.00133, 0.43989] * [] * 0 *   0
[0.29209, 0.06622, 0.50010, 0.49987, 0.49956, 0.49990, 0.49972] * [0.01025, 0.14448, 0.37500] * [] * 0 *   0
[0.84972, 0.06729, 0.50010, 0.49987, 0.49956, 0.49988, 0.49972] * [0.03032, 0.42036, 0.07971] * [] * 0 *   0
[0.88039, 0.91137, 0.50010, 0.49987, 0.49956, 0.49989, 0.49972] * [0.42547, 0.04138, 0.06342] * [] * 0 *   0
[0.38033, 0.93300, 0.50010, 0.49987, 0.49957, 0.49989, 0.49972] * [0.18797, 0.01350, 0.32826] * [] * 0 *   0
[0.21179, 0.04439, 0.50001, 0.49987, 0.49957, 0.49985, 0.49972] * [0.00498, 0.10719, 0.41744] * [] * 0 *   0
[0.90071, 0.03075, 0.50001, 0.49987, 0.49956, 0.49989, 0.49972] * [0.01465, 0.46192, 0.05254] * [] * 0 *   0
[0.29961, 0.06269, 0.50010, 0.49987, 0.49956, 0.49990, 0.49972] * [0.00995, 0.14877, 0.37103] * [] * 0 *   0
[0.14822, 0.00112, 0.50010, 0.49987, 0.49956, 0.49989, 0.49972] * [0.00009, 0.07846, 0.45142] * [] * 0 *   0
[0.78077, 0.67142, 0.50001, 0.49987, 0.49956, 0.49990, 0.49972] * [0.27718, 0.13565, 0.11591] * [] * 0 *   0
[0.78928, 0.01923, 0.50010, 0.49986, 0.49951, 0.49990, 0.49972] * [0.00812, 0.41393, 0.11268] * [] * 0 *   0
[0.54784, 0.98736, 0.50010, 0.49987, 0.49956, 0.49990, 0.49972] * [0.28664, 0.00367, 0.23960] * [] * 0 *   0
[0.01226, 0.02783, 0.50001, 0.49987, 0.49951, 0.49989, 0.49972] * [0.00018, 0.00636, 0.52726] * [] * 0 *   0
[0.71864, 0.34865, 0.49993, 0.50061, 0.50024, 0.50001, 0.50000] * [0.13616, 0.25437, 0.15290] * [] * 0 *   0
[0.89708, 0.00777, 0.49993, 0.50061, 0.49997, 0.50001, 0.49998] * [0.00375, 0.47878, 0.05536] * [] * 0 *   0
[0.93064, 0.01681, 0.49993, 0.50061, 0.49997, 0.50001, 0.49998] * [0.00841, 0.49212, 0.03730] * [] * 0 *   0
[0.75814, 0.04468, 0.49993, 0.50061, 0.49996, 0.50004, 0.49998] * [0.01823, 0.38969, 0.13013] * [] * 0 *   0
[0.71430, 0.73278, 0.49993, 0.50061, 0.49996, 0.50001, 0.50000] * [0.28156, 0.10268, 0.15368] * [] * 0 *   0
[0.80712, 0.04685, 0.49993, 0.50061, 0.49997, 0.50001, 0.50002] * [0.02034, 0.41380, 0.10375] * [] * 0 *   0
[0.79433, 0.04685, 0.49993, 0.50061, 0.49997, 0.50001, 0.50002] * [0.02002, 0.40724, 0.11063] * [] * 0 *   0
[0.78957, 0.59112, 0.49993, 0.50061, 0.49997, 0.50005, 0.50000] * [0.25084, 0.17351, 0.11309] * [] * 0 *   0
[0.98780, 0.39947, 0.49977, 0.50061, 0.49996, 0.50005, 0.49998] * [0.21422, 0.32203, 0.00662] * [] * 0 *   0
[0.46287, 0.02740, 0.49993, 0.50061, 0.49997, 0.50001, 0.49995] * [0.00682, 0.24224, 0.28902] * [] * 0 *   0
[0.99691, 0.35628, 0.49993, 0.50062, 0.49999, 0.50004, 0.49998] * [0.19112, 0.34531, 0.00166] * [] * 0 *   0
[0.82559, 0.19610, 0.49993, 0.50061, 0.49995, 0.50001, 0.49998] * [0.08710, 0.35704, 0.09383] * [] * 0 *   0
[0.78957, 0.04685, 0.49993, 0.50061, 0.49997, 0.50001, 0.50002] * [0.01990, 0.40480, 0.11319] * [] * 0 *   0
[0.89708, 0.00777, 0.49993, 0.50061, 0.49997, 0.50001, 0.49998] * [0.00375, 0.47878, 0.05536] * [] * 0 *   0
[0.84667, 0.03929, 0.49993, 0.50061, 0.49997, 0.50001, 0.49998] * [0.01789, 0.43749, 0.08247] * [] * 0 *   0
[0.71864, 0.32374, 0.49993, 0.50061, 0.50024, 0.50004, 0.49998] * [0.12643, 0.26410, 0.15289] * [] * 0 *   0
[0.75239, 0.98463, 0.49993, 0.50061, 0.50024, 0.50001, 0.50003] * [0.40199, 0.00627, 0.13436] * [] * 0 *   0
[0.58937, 0.01458, 0.49993, 0.50061, 0.49997, 0.50001, 0.49998] * [0.00461, 0.31199, 0.22059] * [] * 0 *   0
[0.63122, 0.81756, 0.49993, 0.50061, 0.49999, 0.50004, 0.49998] * [0.27756, 0.06194, 0.19835] * [] * 0 *   0
[0.71864, 0.98057, 0.49993, 0.50061, 0.49995, 0.50004, 0.49998] * [0.37917, 0.00751, 0.15139] * [] * 0 *   0
[0.82559, 0.19846, 0.49993, 0.50061, 0.49995, 0.50001, 0.49998] * [0.08815, 0.35601, 0.09383] * [] * 0 *   0
[0.99161, 0.00707, 0.49993, 0.50062, 0.49994, 0.50001, 0.49930] * [0.00411, 0.57700, 0.00492] * [] * 0 *   0
[0.72813, 0.07252, 0.49977, 0.50062, 0.49996, 0.50001, 0.50000] * [0.02867, 0.36664, 0.14760] * [] * 0 *   0
[0.59408, 0.00927, 0.49993, 0.50062, 0.49994, 0.50001, 0.49998] * [0.00296, 0.31685, 0.21852] * [] * 0 *   0
[0.70331, 0.04685, 0.49993, 0.50061, 0.49997, 0.50001, 0.50002] * [0.01772, 0.36058, 0.15959] * [] * 0 *   0
[0.00206, 0.01922, 0.50185, 0.59986, 0.49986, 0.50026, 0.50029] * [0.00005, 0.00273, 1.35145] * [] * 0 *   0
[0.00085, 0.01922, 0.50185, 0.59986, 0.49986, 0.50026, 0.50029] * [0.00002, 0.00114, 1.35303] * [] * 0 *   0
[0.99077, 0.99484, 0.49998, 0.59986, 0.49986, 0.50022, 0.50030] * [1.00159, 0.00520, 0.00938] * [] * 0 *   0
[0.67865, 0.52228, 0.49972, 0.49992, 0.50020, 0.49956, 0.49995] * [0.18849, 0.17240, 0.17089] * [] * 0 *   0
[0.95483, 0.93498, 0.49970, 0.50004, 0.50021, 0.49964, 0.49995] * [0.47021, 0.03270, 0.02379] * [] * 0 *   0
[0.49385, 0.11369, 0.49971, 0.49991, 0.50021, 0.49963, 0.49995] * [0.02956, 0.23042, 0.26645] * [] * 0 *   0
[0.49278, 0.11369, 0.49971, 0.50003, 0.50021, 0.49963, 0.49995] * [0.02946, 0.22965, 0.26670] * [] * 0 *   0
[0.54734, 0.22719, 0.49971, 0.50003, 0.50019, 0.49962, 0.49995] * [0.06545, 0.22265, 0.23826] * [] * 0 *   0
[0.92448, 0.10635, 0.49972, 0.50004, 0.50021, 0.49963, 0.49995] * [0.05169, 0.43437, 0.03971] * [] * 0 *   0
[0.20460, 0.91679, 0.50022, 0.49991, 0.50019, 0.49962, 0.49995] * [0.09823, 0.00891, 0.41652] * [] * 0 *   0
[0.00696, 0.20374, 0.50020, 0.50003, 0.50018, 0.49962, 0.49995] * [0.00074, 0.00289, 0.51860] * [] * 0 *   0
[0.79375, 0.15334, 0.49972, 0.50004, 0.50020, 0.49962, 0.49995] * [0.06408, 0.35383, 0.10859] * [] * 0 *   0
[0.28574, 0.96115, 0.49970, 0.49991, 0.50020, 0.49962, 0.49995] * [0.14499, 0.00586, 0.37709] * [] * 0 *   0
[0.41382, 0.97834, 0.49972, 0.50003, 0.50020, 0.49962, 0.49995] * [0.21317, 0.00472, 0.30864] * [] * 0 *   0
[0.47197, 0.73176, 0.49967, 0.49979, 0.50020, 0.49962, 0.49995] * [0.18419, 0.06752, 0.28160] * [] * 0 *   0
[0.92448, 0.11727, 0.49970, 0.50004, 0.50021, 0.49963, 0.49995] * [0.05713, 0.43002, 0.03980] * [] * 0 *   0
[0.59188, 0.23109, 0.49972, 0.50003, 0.50018, 0.49962, 0.49995] * [0.07197, 0.23947, 0.21475] * [] * 0 *   0
[0.59188, 0.23953, 0.49972, 0.50003, 0.50018, 0.49962, 0.49995] * [0.07460, 0.23684, 0.21475] * [] * 0 *   0
[0.28976, 0.89338, 0.49972, 0.50003, 0.50018, 0.49962, 0.49995] * [0.13615, 0.01625, 0.37355] * [] * 0 *   0
[0.19602, 0.71071, 0.49970, 0.50004, 0.50020, 0.49962, 0.49995] * [0.07348, 0.02991, 0.42405] * [] * 0 *   0
[0.46377, 0.22665, 0.49971, 0.50003, 0.50019, 0.49962, 0.49995] * [0.05533, 0.18878, 0.28225] * [] * 0 *   0
[0.25814, 0.17004, 0.49970, 0.50003, 0.50021, 0.50006, 0.49995] * [0.02256, 0.11013, 0.38133] * [] * 0 *   0
[0.37349, 0.93181, 0.49972, 0.50004, 0.50019, 0.49956, 0.49995] * [0.18472, 0.01352, 0.33254] * [] * 0 *   0
[0.59188, 0.44325, 0.49972, 0.50003, 0.50018, 0.49962, 0.49995] * [0.13794, 0.17327, 0.21458] * [] * 0 *   0
[0.46398, 0.44268, 0.49972, 0.49990, 0.50018, 0.49962, 0.49995] * [0.10815, 0.13616, 0.28225] * [] * 0 *   0
[0.45695, 0.24834, 0.50020, 0.50003, 0.50018, 0.49962, 0.49995] * [0.05923, 0.17927, 0.28344] * [] * 0 *   0
[0.64066, 0.22420, 0.49972, 0.49991, 0.50018, 0.49962, 0.49995] * [0.07565, 0.26178, 0.18926] * [] * 0 *   0
[0.63704, 0.20980, 0.49972, 0.49991, 0.50020, 0.49962, 0.49995] * [0.07044, 0.26532, 0.19131] * [] * 0 *   0
[0.31684, 0.21364, 0.50021, 0.50003, 0.50018, 0.49962, 0.49995] * [0.03536, 0.13014, 0.35683] * [] * 0 *   0
[0.66940, 0.91112, 0.49971, 0.49991, 0.50019, 0.49956, 0.49995] * [0.32422, 0.03163, 0.17574] * [] * 0 *   0
[0.41382, 0.97834, 0.49972, 0.50003, 0.50020, 0.49962, 0.49995] * [0.21317, 0.00472, 0.30864] * [] * 0 *   0
[0.41382, 0.97834, 0.49972, 0.50003, 0.50020, 0.49962, 0.49995] * [0.21317, 0.00472, 0.30864] * [] * 0 *   0
[0.43544, 0.20317, 0.50021, 0.50003, 0.50018, 0.49962, 0.49995] * [0.04621, 0.18123, 0.29488] * [] * 0 *   0
[0.63669, 0.22438, 0.49971, 0.50003, 0.50019, 0.49962, 0.49995] * [0.07520, 0.25993, 0.19123] * [] * 0 *   0
[0.27936, 0.59475, 0.50021, 0.49991, 0.50018, 0.49956, 0.49995] * [0.08766, 0.05973, 0.38021] * [] * 0 *   0
[0.19602, 0.09804, 0.49970, 0.50004, 0.50020, 0.49962, 0.49995] * [0.01014, 0.09329, 0.42422] * [] * 0 *   0
[0.34484, 0.99860, 0.49972, 0.49980, 0.50018, 0.49956, 0.49995] * [0.18400, 0.00026, 0.35006] * [] * 0 *   0
[0.82531, 0.11561, 0.49970, 0.50003, 0.50021, 0.49963, 0.49995] * [0.05027, 0.38456, 0.09204] * [] * 0 *   0
[0.76897, 0.99247, 0.49970, 0.50004, 0.50020, 0.49962, 0.49995] * [0.40253, 0.00305, 0.12186] * [] * 0 *   0
[0.54734, 0.22719, 0.49971, 0.50003, 0.50019, 0.49962, 0.49995] * [0.06545, 0.22265, 0.23826] * [] * 0 *   0
[0.34733, 0.64934, 0.49982, 0.50003, 0.50018, 0.49962, 0.49995] * [0.11746, 0.06343, 0.33991] * [] * 0 *   0
[0.43936, 0.20374, 0.50020, 0.50004, 0.50018, 0.49962, 0.49995] * [0.04675, 0.18271, 0.29279] * [] * 0 *   0
[0.63999, 0.71312, 0.49970, 0.49991, 0.50019, 0.49962, 0.49995] * [0.24081, 0.09687, 0.18995] * [] * 0 *   0
[0.06918, 0.90376, 0.49970, 0.50003, 0.50019, 0.50006, 0.49995] * [0.03209, 0.00342, 0.47769] * [] * 0 *   0
[0.92448, 0.11727, 0.49970, 0.50004, 0.50021, 0.49963, 0.49995] * [0.05713, 0.43002, 0.03980] * [] * 0 *   0
[0.28339, 0.85495, 0.50018, 0.50003, 0.50018, 0.49962, 0.49995] * [0.12637, 0.02144, 0.37375] * [] * 0 *   0
[0.48778, 0.22719, 0.49972, 0.50003, 0.50019, 0.49962, 0.49995] * [0.05833, 0.19842, 0.26961] * [] * 0 *   0
[0.27234, 0.05800, 0.49968, 0.49991, 0.50018, 0.49962, 0.49995] * [0.00835, 0.13560, 0.38462] * [] * 0 *   0
[0.54734, 0.22665, 0.49971, 0.50003, 0.50019, 0.49962, 0.49995] * [0.06530, 0.22280, 0.23826] * [] * 0 *   0
[0.47167, 0.70631, 0.49970, 0.49991, 0.50019, 0.49962, 0.49995] * [0.17591, 0.07315, 0.27897] * [] * 0 *   0
[0.41621, 0.94997, 0.49972, 0.49991, 0.50020, 0.49962, 0.49995] * [0.20845, 0.01098, 0.30779] * [] * 0 *   0
[0.59382, 0.25141, 0.49972, 0.50003, 0.50018, 0.49962, 0.49995] * [0.07855, 0.23390, 0.21373] * [] * 0 *   0
[0.48778, 0.22719, 0.49972, 0.50003, 0.50019, 0.49962, 0.49995] * [0.05833, 0.19842, 0.26961] * [] * 0 *   0
[0.95687, 0.92079, 0.49970, 0.50004, 0.50021, 0.50005, 0.49995] * [0.45285, 0.03896, 0.02217] * [] * 0 *   0
[0.74057, 0.47220, 0.49946, 0.50020, 0.49974, 0.50024, 0.49992] * [0.19089, 0.21337, 0.14162] * [] * 0 *   0
[0.03889, 0.99170, 0.49946, 0.49963, 0.49974, 0.50032, 0.49985] * [0.02165, 0.00018, 0.53953] * [] * 0 *   0
[0.49324, 0.40651, 0.49947, 0.50020, 0.49994, 0.50025, 0.49987] * [0.10830, 0.15811, 0.27371] * [] * 0 *   0
[0.61608, 0.35259, 0.49947, 0.50021, 0.49972, 0.50024, 0.49988] * [0.11885, 0.21822, 0.21005] * [] * 0 *   0
[0.54019, 0.45720, 0.49947, 0.50023, 0.49971, 0.50024, 0.49989] * [0.13532, 0.16066, 0.25194] * [] * 0 *   0
[0.72877, 0.85133, 0.49947, 0.50021, 0.49973, 0.50024, 0.49987] * [0.33920, 0.05923, 0.14829] * [] * 0 *   0
[0.64438, 0.55952, 0.49947, 0.50021, 0.49994, 0.50025, 0.49987] * [0.19483, 0.15338, 0.19217] * [] * 0 *   0
[0.57852, 0.46049, 0.49947, 0.50020, 0.49972, 0.50024, 0.49982] * [0.14612, 0.17119, 0.23117] * [] * 0 *   0
[0.00069, 0.37004, 0.49947, 0.49985, 0.49972, 0.50024, 0.49992] * [0.00014, 0.00024, 0.54363] * [] * 0 *   0
[0.99995, 0.13097, 0.49991, 0.49988, 0.59986, 0.50024, 0.49998] * [0.13210, 0.87653, 0.00005] * [] * 0 *   0
[0.99694, 0.98525, 0.40004, 0.49989, 0.50173, 0.50024, 0.49997] * [1.27849, 0.01915, 0.00398] * [] * 0 *   0
[0.00406, 0.00328, 0.60036, 0.59997, 0.50081, 0.49960, 0.49940] * [0.00002, 0.00660, 1.62567] * [] * 0 *   0
[0.99817, 0.99862, 0.60036, 0.60001, 0.59951, 0.49957, 0.50004] * [2.04739, 0.00282, 0.00376] * [] * 0 *   0
[0.97220, 0.99862, 0.60036, 0.60001, 0.59951, 0.49957, 0.50003] * [1.99411, 0.00275, 0.05710] * [] * 0 *   0
[0.00125, 0.96536, 0.60049, 0.49988, 0.49987, 0.49973, 0.59945] * [0.00188, 0.00007, 1.56160] * [] * 0 *   0
[0.00482, 0.00642, 0.60056, 0.49988, 0.49986, 0.49972, 0.49963] * [0.00003, 0.00508, 1.05616] * [] * 0 *   0
[0.81736, 0.99869, 0.59967, 0.49983, 0.50015, 0.50039, 0.49975] * [0.84359, 0.00111, 0.18875] * [] * 0 *   0
[0.61953, 0.40039, 0.49997, 0.49960, 0.50008, 0.50022, 0.49983] * [0.12999, 0.19466, 0.19938] * [] * 0 *   0
[0.88822, 0.91284, 0.49979, 0.49955, 0.50005, 0.50022, 0.49980] * [0.43258, 0.04130, 0.05964] * [] * 0 *   0
[0.66384, 0.24921, 0.49975, 0.49960, 0.50006, 0.50022, 0.49980] * [0.08788, 0.26477, 0.17858] * [] * 0 *   0
[0.68992, 0.43773, 0.49975, 0.49955, 0.50001, 0.50027, 0.49980] * [0.16234, 0.20853, 0.16669] * [] * 0 *   0
[0.99976, 0.01239, 0.49976, 0.49959, 0.50000, 0.50022, 0.49979] * [0.00659, 0.52493, 0.00013] * [] * 0 *   0
[0.68910, 0.56006, 0.49975, 0.49951, 0.50010, 0.50027, 0.49983] * [0.20883, 0.16404, 0.16823] * [] * 0 *   0
[0.38392, 0.54651, 0.49997, 0.49951, 0.50000, 0.50022, 0.49979] * [0.11183, 0.09279, 0.32834] * [] * 0 *   0
[0.87096, 0.57051, 0.49975, 0.49955, 0.50001, 0.50022, 0.49980] * [0.26591, 0.20018, 0.06906] * [] * 0 *   0
[0.95255, 0.49618, 0.49996, 0.49951, 0.50005, 0.50022, 0.49980] * [0.25200, 0.25588, 0.02530] * [] * 0 *   0
[0.73612, 0.52917, 0.49974, 0.49951, 0.50001, 0.50029, 0.49997] * [0.20992, 0.18677, 0.14221] * [] * 0 *   0
[0.61953, 0.36881, 0.49997, 0.49960, 0.50008, 0.50022, 0.49996] * [0.11914, 0.20390, 0.19839] * [] * 0 *   0
[0.66344, 0.61828, 0.49998, 0.49960, 0.50006, 0.50022, 0.49980] * [0.21540, 0.13298, 0.17674] * [] * 0 *   0
[0.90665, 0.44905, 0.49979, 0.49955, 0.50001, 0.50022, 0.49980] * [0.21724, 0.26653, 0.04981] * [] * 0 *   0
[0.99043, 0.01205, 0.49976, 0.49955, 0.50000, 0.50028, 0.49979] * [0.00642, 0.52640, 0.00515] * [] * 0 *   0
[0.68910, 0.51124, 0.49975, 0.49955, 0.50006, 0.50027, 0.49983] * [0.18915, 0.18084, 0.16693] * [] * 0 *   0
[0.85466, 0.44520, 0.49979, 0.49955, 0.50001, 0.50023, 0.49980] * [0.20315, 0.25316, 0.07760] * [] * 0 *   0
[0.69103, 0.55923, 0.49975, 0.49951, 0.50010, 0.50027, 0.49980] * [0.20970, 0.16528, 0.16766] * [] * 0 *   0
[0.68709, 0.51124, 0.49975, 0.49955, 0.50001, 0.50027, 0.49983] * [0.18850, 0.18021, 0.16791] * [] * 0 *   0
[0.99601, 0.10115, 0.50000, 0.49959, 0.50005, 0.50022, 0.49984] * [0.05284, 0.46957, 0.00209] * [] * 0 *   0
[0.73052, 0.10645, 0.49996, 0.50015, 0.50006, 0.50028, 0.49979] * [0.04004, 0.33612, 0.13876] * [] * 0 *   0
[0.56306, 0.69195, 0.49997, 0.49951, 0.50006, 0.50027, 0.49980] * [0.20882, 0.09297, 0.23419] * [] * 0 *   0
[0.99043, 0.24705, 0.49976, 0.49955, 0.50000, 0.50028, 0.49979] * [0.13164, 0.40122, 0.00515] * [] * 0 *   0
[0.56306, 0.89457, 0.49997, 0.49951, 0.50006, 0.50029, 0.49980] * [0.27049, 0.03188, 0.23464] * [] * 0 *   0
[0.86289, 0.64930, 0.50000, 0.49955, 0.50000, 0.50032, 0.49980] * [0.29956, 0.16180, 0.07330] * [] * 0 *   0
[0.86414, 0.44520, 0.49979, 0.49955, 0.50001, 0.50023, 0.49980] * [0.20541, 0.25597, 0.07254] * [] * 0 *   0
[0.86424, 0.01934, 0.49975, 0.49955, 0.50000, 0.50028, 0.49983] * [0.00898, 0.45503, 0.07289] * [] * 0 *   0
[0.86010, 0.57051, 0.49979, 0.49955, 0.50001, 0.50022, 0.49980] * [0.26180, 0.19709, 0.07464] * [] * 0 *   0
[0.86289, 0.05485, 0.50000, 0.49955, 0.50000, 0.50028, 0.49980] * [0.02519, 0.43403, 0.07297] * [] * 0 *   0
[0.64459, 0.36881, 0.49975, 0.49960, 0.50008, 0.50022, 0.49980] * [0.12630, 0.21615, 0.18882] * [] * 0 *   0
[0.68315, 0.64571, 0.49979, 0.49951, 0.50010, 0.50023, 0.49980] * [0.23759, 0.13036, 0.17066] * [] * 0 *   0
[0.37922, 0.67224, 0.49997, 0.49960, 0.50006, 0.50022, 0.49983] * [0.13353, 0.06511, 0.32516] * [] * 0 *   0
[0.72682, 0.10564, 0.49996, 0.50015, 0.50006, 0.50028, 0.49984] * [0.03939, 0.33349, 0.14015] * [] * 0 *   0
[0.96996, 0.52917, 0.50000, 0.49951, 0.50042, 0.50023, 0.49996] * [0.28054, 0.24961, 0.01642] * [] * 0 *   0
[0.93176, 0.90026, 0.49975, 0.49951, 0.50008, 0.50027, 0.49997] * [0.45147, 0.05002, 0.03673] * [] * 0 *   0
[0.19791, 0.38427, 0.49996, 0.49959, 0.50005, 0.50022, 0.49996] * [0.03970, 0.06362, 0.41876] * [] * 0 *   0
[0.69698, 0.40636, 0.49979, 0.49951, 0.50010, 0.50022, 0.49980] * [0.15245, 0.22271, 0.16310] * [] * 0 *   0
[0.38159, 0.57051, 0.49979, 0.49955, 0.50002, 0.50022, 0.49980] * [0.11616, 0.08745, 0.32997] * [] * 0 *   0
[0.66384, 0.25331, 0.49998, 0.49960, 0.50006, 0.50022, 0.49980] * [0.08830, 0.26029, 0.17653] * [] * 0 *   0
[0.68555, 0.22437, 0.49997, 0.49951, 0.50000, 0.50022, 0.49979] * [0.08199, 0.28343, 0.16761] * [] * 0 *   0
[0.68939, 0.41763, 0.49979, 0.49951, 0.50010, 0.50023, 0.49980] * [0.15505, 0.21622, 0.16729] * [] * 0 *   0
[0.57825, 0.35883, 0.49998, 0.49960, 0.50008, 0.50022, 0.49996] * [0.10820, 0.19333, 0.21992] * [] * 0 *   0
[0.57680, 0.53231, 0.49975, 0.49951, 0.50010, 0.50027, 0.49979] * [0.16658, 0.14636, 0.22960] * [] * 0 *   0
[0.65411, 0.36881, 0.49997, 0.49960, 0.50007, 0.50029, 0.49996] * [0.12662, 0.21670, 0.18155] * [] * 0 *   0
[0.57825, 0.35931, 0.49997, 0.49960, 0.50008, 0.50022, 0.49996] * [0.10834, 0.19319, 0.21992] * [] * 0 *   0
[0.68315, 0.68030, 0.49979, 0.49955, 0.50010, 0.50023, 0.49980] * [0.24816, 0.11662, 0.16919] * [] * 0 *   0
[0.69739, 0.24921, 0.49975, 0.49960, 0.50006, 0.50022, 0.49980] * [0.09233, 0.27815, 0.16075] * [] * 0 *   0
[0.43749, 0.25152, 0.49975, 0.49955, 0.50006, 0.50027, 0.49979] * [0.05925, 0.17631, 0.30287] * [] * 0 *   0
[0.98611, 0.49618, 0.49996, 0.49951, 0.50005, 0.50022, 0.49980] * [0.26081, 0.26483, 0.00740] * [] * 0 *   0
[0.97663, 0.11654, 0.49996, 0.49959, 0.50006, 0.50022, 0.49996] * [0.05945, 0.45069, 0.01221] * [] * 0 *   0
[0.40982, 0.97296, 0.49997, 0.49955, 0.50006, 0.50022, 0.49996] * [0.20963, 0.00583, 0.31027] * [] * 0 *   0
[0.28983, 0.69604, 0.49997, 0.49951, 0.50006, 0.50027, 0.49980] * [0.10813, 0.04722, 0.38064] * [] * 0 *   0
[0.85466, 0.44520, 0.49979, 0.49955, 0.50001, 0.50023, 0.49980] * [0.20315, 0.25316, 0.07760] * [] * 0 *   0
[0.31241, 0.01432, 0.49975, 0.49955, 0.50000, 0.50028, 0.49983] * [0.00240, 0.16534, 0.36917] * [] * 0 *   0
[0.96996, 0.52917, 0.50000, 0.49951, 0.50042, 0.50023, 0.49996] * [0.28054, 0.24961, 0.01642] * [] * 0 *   0
[0.56220, 0.43737, 0.49975, 0.49955, 0.50001, 0.50027, 0.49980] * [0.13218, 0.17003, 0.23534] * [] * 0 *   0
[0.19791, 0.38427, 0.49996, 0.49959, 0.50005, 0.50022, 0.49996] * [0.03970, 0.06362, 0.41876] * [] * 0 *   0
[0.68425, 0.40417, 0.49975, 0.49951, 0.50001, 0.50029, 0.49980] * [0.14996, 0.22107, 0.17122] * [] * 0 *   0
[0.31143, 0.44343, 0.49979, 0.49955, 0.50001, 0.50023, 0.49980] * [0.07373, 0.09255, 0.36765] * [] * 0 *   0
[0.19732, 0.44122, 0.49996, 0.49951, 0.50005, 0.50022, 0.49979] * [0.04647, 0.05885, 0.42842] * [] * 0 *   0
[0.95571, 0.53151, 0.50020, 0.50031, 0.50006, 0.50019, 0.49991] * [0.26340, 0.23216, 0.02297] * [] * 0 *   0
[0.61733, 0.43927, 0.50018, 0.50031, 0.50006, 0.49995, 0.49991] * [0.13949, 0.17806, 0.19685] * [] * 0 *   0
[0.31579, 0.02905, 0.50021, 0.50031, 0.50010, 0.49953, 0.49992] * [0.00493, 0.16469, 0.36750] * [] * 0 *   0
[0.43217, 0.28305, 0.50022, 0.50031, 0.50006, 0.49953, 0.49998] * [0.06559, 0.16613, 0.30445] * [] * 0 *   0
[0.56914, 0.64653, 0.50020, 0.50031, 0.50006, 0.49954, 0.49992] * [0.19706, 0.10774, 0.23075] * [] * 0 *   0
[0.55035, 0.02397, 0.49976, 0.50031, 0.50006, 0.50020, 0.49991] * [0.00686, 0.27943, 0.23391] * [] * 0 *   0
[0.88637, 0.63585, 0.49971, 0.50031, 0.50006, 0.50015, 0.49992] * [0.29389, 0.16830, 0.05925] * [] * 0 *   0
[0.61733, 0.43927, 0.50018, 0.50031, 0.50006, 0.49995, 0.49991] * [0.13949, 0.17806, 0.19685] * [] * 0 *   0
[0.75084, 0.78510, 0.49960, 0.50031, 0.50005, 0.49956, 0.49985] * [0.32181, 0.08809, 0.13602] * [] * 0 *   0
[0.98921, 0.93886, 0.49968, 0.50031, 0.50006, 0.49957, 0.49985] * [0.50165, 0.03267, 0.00583] * [] * 0 *   0
[0.90943, 0.58867, 0.49968, 0.50030, 0.50008, 0.49954, 0.49992] * [0.28997, 0.20262, 0.04906] * [] * 0 *   0
[0.55035, 0.02397, 0.49976, 0.50031, 0.50006, 0.50020, 0.49991] * [0.00686, 0.27943, 0.23391] * [] * 0 *   0
[0.99880, 0.62394, 0.49968, 0.50031, 0.50006, 0.49952, 0.49992] * [0.33870, 0.20414, 0.00065] * [] * 0 *   0
[0.99348, 0.02397, 0.49977, 0.50031, 0.50006, 0.50020, 0.49991] * [0.01238, 0.50410, 0.00339] * [] * 0 *   0
[0.95571, 0.53104, 0.50020, 0.50031, 0.50006, 0.50019, 0.49991] * [0.26317, 0.23240, 0.02297] * [] * 0 *   0
[0.87852, 0.96510, 0.49968, 0.50030, 0.50006, 0.50013, 0.49992] * [0.44218, 0.01599, 0.06335] * [] * 0 *   0
[0.64227, 0.29714, 0.49968, 0.50030, 0.50006, 0.49953, 0.49998] * [0.10334, 0.24443, 0.19371] * [] * 0 *   0
[0.28373, 0.97857, 0.49968, 0.50031, 0.50010, 0.49953, 0.49992] * [0.15080, 0.00330, 0.38902] * [] * 0 *   0
[0.82553, 0.98317, 0.50019, 0.50030, 0.50006, 0.50017, 0.49992] * [0.41943, 0.00718, 0.09016] * [] * 0 *   0
[0.84734, 0.69729, 0.49968, 0.50031, 0.50006, 0.50016, 0.49981] * [0.31078, 0.13492, 0.08030] * [] * 0 *   0
[0.33778, 0.27731, 0.50022, 0.50031, 0.50005, 0.50013, 0.49992] * [0.04839, 0.12610, 0.34209] * [] * 0 *   0
[0.98596, 0.91463, 0.49969, 0.50031, 0.50006, 0.49953, 0.49992] * [0.48865, 0.04561, 0.00761] * [] * 0 *   0
[0.88954, 0.69729, 0.49968, 0.50031, 0.50006, 0.50016, 0.49981] * [0.32622, 0.14162, 0.05809] * [] * 0 *   0
[0.88224, 0.27607, 0.50017, 0.50031, 0.50006, 0.49996, 0.49992] * [0.12510, 0.32805, 0.06049] * [] * 0 *   0
[0.32962, 0.96800, 0.50021, 0.50031, 0.50010, 0.49951, 0.49985] * [0.17255, 0.00570, 0.36253] * [] * 0 *   0
[0.83482, 0.98726, 0.49970, 0.50030, 0.50006, 0.50017, 0.49985] * [0.43163, 0.00557, 0.08650] * [] * 0 *   0
[0.83449, 0.39921, 0.49970, 0.50031, 0.50006, 0.50025, 0.49985] * [0.17555, 0.26418, 0.08722] * [] * 0 *   0
[0.56481, 0.22962, 0.50020, 0.50031, 0.50006, 0.49954, 0.49998] * [0.06935, 0.23265, 0.23270] * [] * 0 *   0
[0.92806, 0.40516, 0.49971, 0.50030, 0.50018, 0.50025, 0.49992] * [0.19830, 0.29113, 0.03794] * [] * 0 *   0
[0.51405, 0.97867, 0.49968, 0.50031, 0.50006, 0.49953, 0.49998] * [0.27258, 0.00594, 0.26330] * [] * 0 *   0
[0.50327, 0.34679, 0.49968, 0.50030, 0.50006, 0.50012, 0.49991] * [0.09109, 0.17157, 0.25924] * [] * 0 *   0
[0.28373, 0.97857, 0.49968, 0.50031, 0.50010, 0.49953, 0.49992] * [0.15080, 0.00330, 0.38902] * [] * 0 *   0
[0.56503, 0.32654, 0.49968, 0.50030, 0.50007, 0.49952, 0.49992] * [0.10011, 0.20646, 0.23600] * [] * 0 *   0
[0.89215, 0.34883, 0.49968, 0.50030, 0.50006, 0.50012, 0.49992] * [0.16232, 0.30301, 0.05625] * [] * 0 *   0
[0.62940, 0.43927, 0.50018, 0.50031, 0.50006, 0.49995, 0.49991] * [0.14221, 0.18153, 0.19063] * [] * 0 *   0
[0.56251, 0.58897, 0.49968, 0.50030, 0.50008, 0.49954, 0.49992] * [0.17939, 0.12519, 0.23689] * [] * 0 *   0
[0.95571, 0.53151, 0.50020, 0.50031, 0.50006, 0.50019, 0.49991] * [0.26340, 0.23216, 0.02297] * [] * 0 *   0
[0.56055, 0.13468, 0.50019, 0.50031, 0.50006, 0.50024, 0.49982] * [0.03949, 0.25369, 0.22984] * [] * 0 *   0
[0.62940, 0.43927, 0.50018, 0.50031, 0.50006, 0.49995, 0.49991] * [0.14221, 0.18153, 0.19063] * [] * 0 *   0
[0.88508, 0.98673, 0.49968, 0.50030, 0.50005, 0.50012, 0.49992] * [0.45535, 0.00612, 0.05992] * [] * 0 *   0
[0.64227, 0.29714, 0.49968, 0.50030, 0.50006, 0.49953, 0.49998] * [0.10334, 0.24443, 0.19371] * [] * 0 *   0
[0.62940, 0.43927, 0.50018, 0.50031, 0.50006, 0.49995, 0.49991] * [0.14221, 0.18153, 0.19063] * [] * 0 *   0
[0.55897, 0.63701, 0.49968, 0.50030, 0.50005, 0.49954, 0.49992] * [0.19265, 0.10978, 0.23861] * [] * 0 *   0
[0.96524, 0.58840, 0.49971, 0.50031, 0.50006, 0.50024, 0.49992] * [0.29799, 0.20845, 0.01824] * [] * 0 *   0
[0.88889, 0.99118, 0.49969, 0.50030, 0.50005, 0.50012, 0.49992] * [0.45899, 0.00408, 0.05789] * [] * 0 *   0
[0.49784, 0.34679, 0.49968, 0.50030, 0.50006, 0.50012, 0.49991] * [0.09005, 0.16962, 0.26192] * [] * 0 *   0
[0.60042, 0.18832, 0.49968, 0.50031, 0.50010, 0.49994, 0.49992] * [0.05901, 0.25434, 0.20853] * [] * 0 *   0
[0.83685, 0.69729, 0.49968, 0.50031, 0.50006, 0.50016, 0.49992] * [0.30521, 0.13250, 0.08534] * [] * 0 *   0
[0.96524, 0.78044, 0.49971, 0.50031, 0.50006, 0.50024, 0.49982] * [0.39731, 0.11177, 0.01833] * [] * 0 *   0
[0.51187, 0.97848, 0.49968, 0.50031, 0.50006, 0.49953, 0.49998] * [0.27137, 0.00597, 0.26448] * [] * 0 *   0
[0.93933, 0.48965, 0.49968, 0.50030, 0.50006, 0.50015, 0.49991] * [0.24026, 0.25041, 0.03169] * [] * 0 *   0
[0.56055, 0.79105, 0.50019, 0.50031, 0.50006, 0.50024, 0.49992] * [0.23073, 0.06095, 0.22866] * [] * 0 *   0
[0.16962, 0.99997, 0.40011, 0.49963, 0.39977, 0.49977, 0.49938] * [0.26534, 0.00001, 1.29901] * [] * 0 *   0
[0.52389, 0.99997, 0.40011, 0.49963, 0.39977, 0.49977, 0.49938] * [0.81966, 0.00002, 0.74493] * [] * 0 *   0
[0.99994, 0.00444, 0.50085, 0.50004, 0.39981, 0.49993, 0.49939] * [0.00495, 1.10931, 0.00006] * [] * 0 *   0
[0.66985, 0.99999, 0.49856, 0.49965, 0.39992, 0.49993, 0.50034] * [0.82351, 0.00001, 0.40589] * [] * 0 *   0
[0.37840, 0.61150, 0.49958, 0.49994, 0.50005, 0.49977, 0.49960] * [0.12469, 0.07922, 0.33497] * [] * 0 *   0
[0.62165, 0.86486, 0.49956, 0.49995, 0.50005, 0.49978, 0.50014] * [0.28324, 0.04426, 0.19933] * [] * 0 *   0
[0.97911, 0.20392, 0.49951, 0.49995, 0.50006, 0.49975, 0.50013] * [0.10627, 0.41488, 0.01112] * [] * 0 *   0
[0.73749, 0.07378, 0.50052, 0.49995, 0.50005, 0.49977, 0.50015] * [0.02912, 0.36555, 0.14048] * [] * 0 *   0
[0.32386, 0.05617, 0.50053, 0.49995, 0.50005, 0.49977, 0.50015] * [0.00975, 0.16388, 0.36250] * [] * 0 *   0
[0.40392, 0.74143, 0.49953, 0.49995, 0.50005, 0.49977, 0.50015] * [0.15872, 0.05535, 0.31591] * [] * 0 *   0
[0.30744, 0.70752, 0.50053, 0.49995, 0.50005, 0.49977, 0.50015] * [0.11659, 0.04820, 0.37123] * [] * 0 *   0
[0.66337, 0.56671, 0.49956, 0.49995, 0.50005, 0.49976, 0.49962] * [0.20286, 0.15510, 0.18165] * [] * 0 *   0
[0.64917, 0.27652, 0.50053, 0.49995, 0.50005, 0.49975, 0.50016] * [0.09635, 0.25210, 0.18831] * [] * 0 *   0
[0.63463, 0.06216, 0.50053, 0.49995, 0.50005, 0.49977, 0.49959] * [0.02169, 0.32730, 0.20092] * [] * 0 *   0
[0.32386, 0.05968, 0.50052, 0.49995, 0.50005, 0.49977, 0.50015] * [0.01033, 0.16280, 0.36147] * [] * 0 *   0
[0.60320, 0.35011, 0.49951, 0.49994, 0.50005, 0.49978, 0.50014] * [0.11219, 0.20826, 0.21080] * [] * 0 *   0
[0.51819, 0.22726, 0.50049, 0.49995, 0.50005, 0.49977, 0.50016] * [0.06265, 0.21301, 0.25630] * [] * 0 *   0
[0.67716, 0.04089, 0.50053, 0.49995, 0.50005, 0.49976, 0.50014] * [0.01484, 0.34802, 0.17300] * [] * 0 *   0
[0.60825, 0.38373, 0.49951, 0.49995, 0.50005, 0.49978, 0.50016] * [0.12409, 0.19929, 0.20828] * [] * 0 *   0
[0.66196, 0.28750, 0.50053, 0.49995, 0.50005, 0.49977, 0.49962] * [0.10429, 0.25846, 0.18525] * [] * 0 *   0
[0.20043, 0.07377, 0.50052, 0.49995, 0.50006, 0.49977, 0.50014] * [0.00791, 0.09930, 0.42767] * [] * 0 *   0
[0.66337, 0.54253, 0.49954, 0.49995, 0.50005, 0.49976, 0.49962] * [0.19490, 0.16434, 0.18230] * [] * 0 *   0
[0.69664, 0.04106, 0.50053, 0.49995, 0.50005, 0.49976, 0.50014] * [0.01533, 0.35797, 0.16256] * [] * 0 *   0
[0.59854, 0.30957, 0.49953, 0.49996, 0.50005, 0.49978, 0.50016] * [0.09820, 0.21901, 0.21276] * [] * 0 *   0
[0.64632, 0.15803, 0.50053, 0.49995, 0.50005, 0.50025, 0.49959] * [0.05627, 0.29982, 0.19486] * [] * 0 *   0
[0.61750, 0.69038, 0.50053, 0.49994, 0.50005, 0.49977, 0.50014] * [0.22829, 0.10239, 0.20483] * [] * 0 *   0
[0.64906, 0.27626, 0.50053, 0.49995, 0.50005, 0.49975, 0.50016] * [0.09625, 0.25215, 0.18837] * [] * 0 *   0
[0.58351, 0.74143, 0.50053, 0.49995, 0.50005, 0.49977, 0.50015] * [0.23190, 0.08087, 0.22325] * [] * 0 *   0
[0.60825, 0.62693, 0.50052, 0.49995, 0.50018, 0.49978, 0.50016] * [0.20514, 0.12207, 0.21075] * [] * 0 *   0
[0.75108, 0.20392, 0.50052, 0.49995, 0.50006, 0.50023, 0.49958] * [0.08424, 0.32889, 0.13692] * [] * 0 *   0
[0.64588, 0.29666, 0.50029, 0.50006, 0.49953, 0.50001, 0.50029] * [0.10320, 0.24467, 0.19073] * [] * 0 *   0
[0.86759, 0.50936, 0.50029, 0.50006, 0.49958, 0.50002, 0.50029] * [0.23612, 0.22744, 0.07075] * [] * 0 *   0
[0.39290, 0.46538, 0.50026, 0.49988, 0.49953, 0.50001, 0.50029] * [0.09845, 0.11310, 0.32686] * [] * 0 *   0
[0.77990, 0.55730, 0.50026, 0.49990, 0.49953, 0.50001, 0.50029] * [0.23383, 0.18575, 0.11841] * [] * 0 *   0
[0.39048, 0.46971, 0.50026, 0.49988, 0.49953, 0.50001, 0.50029] * [0.09875, 0.11148, 0.32817] * [] * 0 *   0
[0.70460, 0.19786, 0.50026, 0.49990, 0.49958, 0.50001, 0.50029] * [0.07437, 0.30150, 0.15758] * [] * 0 *   0
[0.39407, 0.50284, 0.50026, 0.49985, 0.49985, 0.50000, 0.50028] * [0.10272, 0.10156, 0.31409] * [] * 0 *   0
[0.83043, 0.88737, 0.50026, 0.50006, 0.49957, 0.50002, 0.50028] * [0.39281, 0.04986, 0.09039] * [] * 0 *   0
[0.64568, 0.20441, 0.50025, 0.50005, 0.49957, 0.50002, 0.50028] * [0.07029, 0.27357, 0.18869] * [] * 0 *   0
[0.35211, 0.59892, 0.50029, 0.49990, 0.49953, 0.50001, 0.50028] * [0.11367, 0.07612, 0.34921] * [] * 0 *   0
[0.92908, 0.20490, 0.50029, 0.50005, 0.49958, 0.50001, 0.50028] * [0.10159, 0.39421, 0.03785] * [] * 0 *   0
[0.97858, 0.42767, 0.50024, 0.50006, 0.49958, 0.50000, 0.50030] * [0.22282, 0.29819, 0.01141] * [] * 0 *   0
[0.42722, 0.18677, 0.50029, 0.49986, 0.49953, 0.50001, 0.50030] * [0.04319, 0.18806, 0.31003] * [] * 0 *   0
[0.41623, 0.41625, 0.50023, 0.50004, 0.49957, 0.49999, 0.50030] * [0.09230, 0.12944, 0.31100] * [] * 0 *   0
[0.76106, 0.50076, 0.50029, 0.50005, 0.49957, 0.50002, 0.50029] * [0.20375, 0.20314, 0.12775] * [] * 0 *   0
[0.26119, 0.46803, 0.50025, 0.50008, 0.49953, 0.50001, 0.50029] * [0.06569, 0.07466, 0.39701] * [] * 0 *   0
[0.93386, 0.06945, 0.50025, 0.50005, 0.49958, 0.50002, 0.50030] * [0.03457, 0.46320, 0.03525] * [] * 0 *   0
[0.94535, 0.06311, 0.50025, 0.50005, 0.49957, 0.50000, 0.50028] * [0.03177, 0.47163, 0.02910] * [] * 0 *   0
[0.91964, 0.57012, 0.50029, 0.50006, 0.49957, 0.50001, 0.50028] * [0.28040, 0.21142, 0.04298] * [] * 0 *   0
[0.53046, 0.28606, 0.50025, 0.50006, 0.49953, 0.50001, 0.50029] * [0.08145, 0.20329, 0.25204] * [] * 0 *   0
[0.40839, 0.59860, 0.50029, 0.50006, 0.49957, 0.49999, 0.50029] * [0.13086, 0.08775, 0.31668] * [] * 0 *   0
[0.73496, 0.45045, 0.50025, 0.50005, 0.49957, 0.50002, 0.50029] * [0.17649, 0.21532, 0.14129] * [] * 0 *   0
[0.89342, 0.20292, 0.50024, 0.49985, 0.49958, 0.50000, 0.50028] * [0.09663, 0.37957, 0.05681] * [] * 0 *   0
[0.52962, 0.42630, 0.50025, 0.49987, 0.49958, 0.50001, 0.50029] * [0.12055, 0.16223, 0.25115] * [] * 0 *   0
[0.35211, 0.59294, 0.50024, 0.49989, 0.49953, 0.50001, 0.50029] * [0.11215, 0.07699, 0.34803] * [] * 0 *   0
[0.72557, 0.39117, 0.50029, 0.49987, 0.49957, 0.50002, 0.50028] * [0.15212, 0.23676, 0.14709] * [] * 0 *   0
[0.86841, 0.50936, 0.50029, 0.50006, 0.49957, 0.50002, 0.50028] * [0.23643, 0.22774, 0.07033] * [] * 0 *   0
[0.26119, 0.46538, 0.50026, 0.50008, 0.49953, 0.50001, 0.50029] * [0.06536, 0.07508, 0.39726] * [] * 0 *   0
[0.53046, 0.63782, 0.50023, 0.49987, 0.49953, 0.49999, 0.50029] * [0.18176, 0.10321, 0.25224] * [] * 0 *   0
[0.35281, 0.54275, 0.50029, 0.49988, 0.49957, 0.50000, 0.50029] * [0.10276, 0.08657, 0.34729] * [] * 0 *   0
[0.70787, 0.48246, 0.50029, 0.49990, 0.49953, 0.50001, 0.50029] * [0.18432, 0.19772, 0.15766] * [] * 0 *   0
[0.86590, 0.55935, 0.50030, 0.50006, 0.49957, 0.50001, 0.50029] * [0.25965, 0.20455, 0.07189] * [] * 0 *   0
[0.17335, 0.03437, 0.50023, 0.49988, 0.49957, 0.49999, 0.50029] * [0.00318, 0.08928, 0.44090] * [] * 0 *   0
[0.70549, 0.63901, 0.50023, 0.49987, 0.49953, 0.49999, 0.50029] * [0.24211, 0.13677, 0.15817] * [] * 0 *   0
[0.83360, 0.57199, 0.50029, 0.50006, 0.49957, 0.50000, 0.50029] * [0.25527, 0.19101, 0.08908] * [] * 0 *   0
[0.70784, 0.43224, 0.50029, 0.49989, 0.49958, 0.50002, 0.50029] * [0.16379, 0.21514, 0.15640] * [] * 0 *   0
[0.41288, 0.45921, 0.50032, 0.50006, 0.49957, 0.50000, 0.50029] * [0.10177, 0.11985, 0.31515] * [] * 0 *   0
[0.89341, 0.55935, 0.50024, 0.49990, 0.49957, 0.50000, 0.50028] * [0.26628, 0.20977, 0.05679] * [] * 0 *   0
[0.51582, 0.13933, 0.50029, 0.50006, 0.49957, 0.50001, 0.50028] * [0.03837, 0.23703, 0.25851] * [] * 0 *   0
[0.89552, 0.20490, 0.50029, 0.50005, 0.49958, 0.50002, 0.50028] * [0.09793, 0.38000, 0.05576] * [] * 0 *   0
[0.93816, 0.06311, 0.50025, 0.50006, 0.49957, 0.50000, 0.50028] * [0.03153, 0.46810, 0.03293] * [] * 0 *   0
[0.39216, 0.59860, 0.50029, 0.50006, 0.49953, 0.50001, 0.50029] * [0.12651, 0.08483, 0.32758] * [] * 0 *   0
[0.35211, 0.59892, 0.50029, 0.49990, 0.49953, 0.50001, 0.50028] * [0.11367, 0.07612, 0.34921] * [] * 0 *   0
[0.61626, 0.57322, 0.50029, 0.49988, 0.49957, 0.50000, 0.50029] * [0.18954, 0.14112, 0.20590] * [] * 0 *   0
[0.79148, 0.49979, 0.50026, 0.50006, 0.49957, 0.50002, 0.50029] * [0.21107, 0.21125, 0.11126] * [] * 0 *   0
[0.97683, 0.59795, 0.50026, 0.50006, 0.49958, 0.50000, 0.50028] * [0.31083, 0.20899, 0.01233] * [] * 0 *   0
[0.11970, 0.45145, 0.50025, 0.50006, 0.50015, 0.50001, 0.50028] * [0.02791, 0.03391, 0.45468] * [] * 0 *   0
[0.70460, 0.06113, 0.50025, 0.50005, 0.49957, 0.50001, 0.50029] * [0.02297, 0.35274, 0.15751] * [] * 0 *   0
[0.79190, 0.87727, 0.50026, 0.50006, 0.49957, 0.50002, 0.50028] * [0.37032, 0.05181, 0.11093] * [] * 0 *   0
[0.74437, 0.59328, 0.50025, 0.50007, 0.49953, 0.50001, 0.50029] * [0.23714, 0.16257, 0.13727] * [] * 0 *   0
[0.74614, 0.56134, 0.50030, 0.50007, 0.49953, 0.50002, 0.50029] * [0.22604, 0.17664, 0.13700] * [] * 0 *   0
[0.70549, 0.61734, 0.50023, 0.49987, 0.49953, 0.49999, 0.50029] * [0.23390, 0.14499, 0.15817] * [] * 0 *   0
[0.20977, 0.13584, 0.50037, 0.50008, 0.50012, 0.49985, 0.50003] * [0.01476, 0.09388, 0.40923] * [] * 0 *   0
[0.55621, 0.39764, 0.50035, 0.50007, 0.50013, 0.49966, 0.50002] * [0.11630, 0.17618, 0.23336] * [] * 0 *   0
[0.42867, 0.03123, 0.50035, 0.50008, 0.50021, 0.49957, 0.50003] * [0.00717, 0.22242, 0.30600] * [] * 0 *   0
[0.37818, 0.96032, 0.50037, 0.50008, 0.50013, 0.49957, 0.50003] * [0.19391, 0.00801, 0.33201] * [] * 0 *   0
[0.89644, 0.56796, 0.50035, 0.50008, 0.50013, 0.49957, 0.50011] * [0.27173, 0.20670, 0.05527] * [] * 0 *   0
[0.42867, 0.02995, 0.50035, 0.50008, 0.50021, 0.49956, 0.50003] * [0.00688, 0.22292, 0.30628] * [] * 0 *   0
[0.56222, 0.33742, 0.50037, 0.50008, 0.50012, 0.49961, 0.50003] * [0.10062, 0.19759, 0.23220] * [] * 0 *   0
[0.42223, 0.30832, 0.50035, 0.50007, 0.50014, 0.49957, 0.50003] * [0.06940, 0.15569, 0.30801] * [] * 0 *   0
[0.39069, 0.56941, 0.50035, 0.50008, 0.50013, 0.49971, 0.50011] * [0.11665, 0.08821, 0.31950] * [] * 0 *   0
[0.86201, 0.92146, 0.50035, 0.50008, 0.50012, 0.49971, 0.50003] * [0.41540, 0.03541, 0.07216] * [] * 0 *   0
[0.39154, 0.10355, 0.50035, 0.50008, 0.50013, 0.50023, 0.50003] * [0.02107, 0.18241, 0.31622] * [] * 0 *   0
[0.42606, 0.48822, 0.50035, 0.50008, 0.50013, 0.49957, 0.50004] * [0.11088, 0.11623, 0.30595] * [] * 0 *   0
[0.76341, 0.89375, 0.50035, 0.50008, 0.50013, 0.49961, 0.50002] * [0.36122, 0.04294, 0.12526] * [] * 0 *   0
[0.83671, 0.02651, 0.50035, 0.50007, 0.50013, 0.49956, 0.50003] * [0.01184, 0.43455, 0.08712] * [] * 0 *   0
[0.86201, 0.92146, 0.50035, 0.50008, 0.50012, 0.49971, 0.50003] * [0.41540, 0.03541, 0.07216] * [] * 0 *   0
[0.51318, 0.17877, 0.50035, 0.50007, 0.50012, 0.49986, 0.50011] * [0.04747, 0.21805, 0.25188] * [] * 0 *   0
[0.23522, 0.66771, 0.50035, 0.50007, 0.50013, 0.49957, 0.50003] * [0.08364, 0.04162, 0.40726] * [] * 0 *   0
[0.49950, 0.17877, 0.50035, 0.50007, 0.50012, 0.49986, 0.50011] * [0.04620, 0.21224, 0.25896] * [] * 0 *   0
[0.39090, 0.17934, 0.50035, 0.50007, 0.50012, 0.50018, 0.50003] * [0.03629, 0.16604, 0.31527] * [] * 0 *   0
[0.35781, 0.92061, 0.50035, 0.50008, 0.50012, 0.49971, 0.50003] * [0.17227, 0.01486, 0.33585] * [] * 0 *   0
[0.83671, 0.87362, 0.50035, 0.50008, 0.50013, 0.49956, 0.50003] * [0.39013, 0.05643, 0.08715] * [] * 0 *   0
[0.27933, 0.48462, 0.50035, 0.50007, 0.50012, 0.50027, 0.50004] * [0.07063, 0.07512, 0.37604] * [] * 0 *   0
[0.42393, 0.03236, 0.50035, 0.50008, 0.50021, 0.49957, 0.50003] * [0.00735, 0.21971, 0.30854] * [] * 0 *   0
[0.75682, 0.06406, 0.50035, 0.50008, 0.50013, 0.49961, 0.50003] * [0.02567, 0.37502, 0.12875] * [] * 0 *   0
[0.42772, 0.28961, 0.50035, 0.50008, 0.50013, 0.49957, 0.50004] * [0.06604, 0.16198, 0.30508] * [] * 0 *   0
[0.44999, 0.44763, 0.50035, 0.50007, 0.50014, 0.49957, 0.50003] * [0.10741, 0.13255, 0.29330] * [] * 0 *   0
[0.39859, 0.10355, 0.50035, 0.50008, 0.50013, 0.50023, 0.50011] * [0.02149, 0.18607, 0.31317] * [] * 0 *   0
[0.83671, 0.86756, 0.50035, 0.50007, 0.50013, 0.49956, 0.50003] * [0.38734, 0.05913, 0.08713] * [] * 0 *   0
[0.80103, 0.21733, 0.50035, 0.50007, 0.50013, 0.49957, 0.50003] * [0.09275, 0.33404, 0.10601] * [] * 0 *   0
[0.42844, 0.46909, 0.50035, 0.50007, 0.50013, 0.49957, 0.50003] * [0.10710, 0.12122, 0.30459] * [] * 0 *   0
[0.27928, 0.21451, 0.50035, 0.50008, 0.50014, 0.50024, 0.50002] * [0.03119, 0.11422, 0.37527] * [] * 0 *   0
[0.53305, 0.17877, 0.50035, 0.50007, 0.50012, 0.49986, 0.50011] * [0.04931, 0.22650, 0.24160] * [] * 0 *   0
[0.97638, 0.81240, 0.50035, 0.50007, 0.50013, 0.49964, 0.50003] * [0.41824, 0.09658, 0.01245] * [] * 0 *   0
[0.75202, 0.08769, 0.50035, 0.50007, 0.50021, 0.50018, 0.50003] * [0.03431, 0.35692, 0.12901] * [] * 0 *   0
[0.93675, 0.28961, 0.50035, 0.50008, 0.50013, 0.49957, 0.50004] * [0.14468, 0.35490, 0.03373] * [] * 0 *   0
[0.55367, 0.85579, 0.50035, 0.50007, 0.50013, 0.49964, 0.50003] * [0.24985, 0.04210, 0.23535] * [] * 0 *   0
[0.44999, 0.16428, 0.50035, 0.50007, 0.50014, 0.49957, 0.50003] * [0.03942, 0.20052, 0.29327] * [] * 0 *   0
[0.37818, 0.96032, 0.50037, 0.50008, 0.50013, 0.49957, 0.50003] * [0.19391, 0.00801, 0.33201] * [] * 0 *   0
[0.76557, 0.58317, 0.50035, 0.50007, 0.50021, 0.50018, 0.50003] * [0.23226, 0.16601, 0.12196] * [] * 0 *   0
[0.56217, 0.35392, 0.50037, 0.50008, 0.50013, 0.49961, 0.50004] * [0.10552, 0.19263, 0.23220] * [] * 0 *   0
[0.39163, 0.15766, 0.50035, 0.50007, 0.50013, 0.50018, 0.50003] * [0.03196, 0.17074, 0.31487] * [] * 0 *   0
[0.75682, 0.13773, 0.50035, 0.50008, 0.50013, 0.50027, 0.50003] * [0.05438, 0.34047, 0.12687] * [] * 0 *   0
[0.56337, 0.08756, 0.50037, 0.50008, 0.50013, 0.50018, 0.50011] * [0.02565, 0.26725, 0.22701] * [] * 0 *   0
[0.49950, 0.17877, 0.50035, 0.50007, 0.50012, 0.49986, 0.50011] * [0.04620, 0.21224, 0.25896] * [] * 0 *   0
[0.27933, 0.51818, 0.50035, 0.50007, 0.50012, 0.50027, 0.50004] * [0.07552, 0.07022, 0.37604] * [] * 0 *   0
[0.25390, 0.62709, 0.50035, 0.50007, 0.50014, 0.50022, 0.50003] * [0.08274, 0.04921, 0.38773] * [] * 0 *   0
[0.28776, 0.38927, 0.50035, 0.50008, 0.50013, 0.50024, 0.50003] * [0.05827, 0.09142, 0.37050] * [] * 0 *   0
[0.35657, 0.37048, 0.50035, 0.50008, 0.50013, 0.50023, 0.50003] * [0.06869, 0.11672, 0.33457] * [] * 0 *   0
[0.56493, 0.30666, 0.50035, 0.50008, 0.50013, 0.49955, 0.50003] * [0.09265, 0.20947, 0.23268] * [] * 0 *   0
[0.83671, 0.85561, 0.50035, 0.50007, 0.50013, 0.49957, 0.50003] * [0.38147, 0.06437, 0.08701] * [] * 0 *   0
[0.53769, 0.87980, 0.50035, 0.50008, 0.50013, 0.49956, 0.50011] * [0.25287, 0.03455, 0.24713] * [] * 0 *   0
[0.48253, 0.03030, 0.50035, 0.50008, 0.50013, 0.49964, 0.50004] * [0.00771, 0.24662, 0.27273] * [] * 0 *   0
[0.32623, 0.06566, 0.50035, 0.50008, 0.50012, 0.50019, 0.50003] * [0.01110, 0.15795, 0.34914] * [] * 0 *   0
[0.41791, 0.56796, 0.50035, 0.50008, 0.50013, 0.49957, 0.50011] * [0.12668, 0.09636, 0.31066] * [] * 0 *   0
[0.75530, 0.37345, 0.50035, 0.50008, 0.50013, 0.50023, 0.50011] * [0.14701, 0.24666, 0.12754] * [] * 0 *   0
[0.42867, 0.92465, 0.50035, 0.50008, 0.50021, 0.49956, 0.50003] * [0.21253, 0.01732, 0.30634] * [] * 0 *   0
[0.16272, 0.27902, 0.49999, 0.50005, 0.50013, 0.49966, 0.50002] * [0.02331, 0.06025, 0.42995] * [] * 0 *   0
[0.22149, 0.57298, 0.50000, 0.50007, 0.50013, 0.49966, 0.49988] * [0.06536, 0.04871, 0.40094] * [] * 0 *   0
[0.50608, 0.55215, 0.49999, 0.50007, 0.50013, 0.49966, 0.49986] * [0.14406, 0.11685, 0.25464] * [] * 0 *   0
[0.78020, 0.38363, 0.49999, 0.50005, 0.50013, 0.49966, 0.49987] * [0.15419, 0.24774, 0.11323] * [] * 0 *   0
[0.51322, 0.05355, 0.50001, 0.50004, 0.50013, 0.49966, 0.50002] * [0.01411, 0.24943, 0.24996] * [] * 0 *   0
[0.07334, 0.02253, 0.49999, 0.50005, 0.50012, 0.49966, 0.49986] * [0.00085, 0.03694, 0.47748] * [] * 0 *   0
[0.59815, 0.84062, 0.50001, 0.50005, 0.50014, 0.49966, 0.49986] * [0.25937, 0.04917, 0.20728] * [] * 0 *   0
[0.02895, 0.02936, 0.49999, 0.50005, 0.50013, 0.49966, 0.49986] * [0.00044, 0.01448, 0.50038] * [] * 0 *   0
[0.24901, 0.56274, 0.50000, 0.50004, 0.50013, 0.49966, 0.49989] * [0.07211, 0.05603, 0.38649] * [] * 0 *   0
[0.53106, 0.83209, 0.50000, 0.50007, 0.50013, 0.49966, 0.49987] * [0.22776, 0.04596, 0.24171] * [] * 0 *   0
[0.23749, 0.59650, 0.50000, 0.50004, 0.50012, 0.49966, 0.49987] * [0.07295, 0.04935, 0.39267] * [] * 0 *   0
[0.35731, 0.28698, 0.50001, 0.50004, 0.50014, 0.49966, 0.49988] * [0.05281, 0.13120, 0.33098] * [] * 0 *   0
[0.59995, 0.56743, 0.50000, 0.50007, 0.50013, 0.49966, 0.49988] * [0.17529, 0.13363, 0.20599] * [] * 0 *   0
[0.29657, 0.85068, 0.50001, 0.50005, 0.50012, 0.49966, 0.49985] * [0.13007, 0.02283, 0.36266] * [] * 0 *   0
[0.60061, 0.83143, 0.50001, 0.50005, 0.50013, 0.49966, 0.49988] * [0.25716, 0.05214, 0.20567] * [] * 0 *   0
[0.11005, 0.02220, 0.50000, 0.50005, 0.50014, 0.49966, 0.49986] * [0.00126, 0.05548, 0.45883] * [] * 0 *   0
[0.98658, 0.29518, 0.49999, 0.50004, 0.50013, 0.49966, 0.49986] * [0.15006, 0.35833, 0.00692] * [] * 0 *   0
[0.44928, 0.62133, 0.50000, 0.50005, 0.50013, 0.49966, 0.49986] * [0.14383, 0.08766, 0.28375] * [] * 0 *   0
[0.01100, 0.44916, 0.49999, 0.50007, 0.50013, 0.49966, 0.49986] * [0.00255, 0.00312, 0.50989] * [] * 0 *   0
[0.53458, 0.55215, 0.49999, 0.50004, 0.50012, 0.49966, 0.49986] * [0.15202, 0.12330, 0.23970] * [] * 0 *   0
[0.06918, 0.86347, 0.49999, 0.50007, 0.50012, 0.49966, 0.49986] * [0.03078, 0.00487, 0.47973] * [] * 0 *   0
[0.84925, 0.10555, 0.49999, 0.50004, 0.50013, 0.49966, 0.49988] * [0.04616, 0.39118, 0.07763] * [] * 0 *   0
[0.24567, 0.83058, 0.50000, 0.50004, 0.50013, 0.49966, 0.49988] * [0.10506, 0.02143, 0.38837] * [] * 0 *   0
[0.58240, 0.84062, 0.50001, 0.50005, 0.50014, 0.49966, 0.49985] * [0.25255, 0.04788, 0.21542] * [] * 0 *   0
[0.24567, 0.83193, 0.50001, 0.50005, 0.50013, 0.49966, 0.49988] * [0.10525, 0.02126, 0.38846] * [] * 0 *   0
[0.35731, 0.32055, 0.50001, 0.50007, 0.50014, 0.49966, 0.49988] * [0.05903, 0.12511, 0.33121] * [] * 0 *   0
[0.19755, 0.89811, 0.50000, 0.50005, 0.50013, 0.49966, 0.50002] * [0.09111, 0.01034, 0.41206] * [] * 0 *   0
[0.38958, 0.39652, 0.50000, 0.50005, 0.50012, 0.49966, 0.49986] * [0.07959, 0.12112, 0.31448] * [] * 0 *   0
[0.12620, 0.10778, 0.50000, 0.50004, 0.50013, 0.49966, 0.49987] * [0.00701, 0.05799, 0.45001] * [] * 0 *   0
[0.44544, 0.06883, 0.50000, 0.50005, 0.50012, 0.49966, 0.49988] * [0.01578, 0.21351, 0.28547] * [] * 0 *   0
[0.01008, 0.19056, 0.49999, 0.50005, 0.49973, 0.49966, 0.49985] * [0.00100, 0.00425, 0.51599] * [] * 0 *   0
[0.39559, 0.35839, 0.49999, 0.50005, 0.50012, 0.49966, 0.49986] * [0.07303, 0.13074, 0.31132] * [] * 0 *   0
[0.75118, 0.64405, 0.50000, 0.50004, 0.50012, 0.49966, 0.49987] * [0.24915, 0.13770, 0.12814] * [] * 0 *   0
[0.39393, 0.35839, 0.49999, 0.50005, 0.50012, 0.49966, 0.49986] * [0.07272, 0.13019, 0.31218] * [] * 0 *   0
[0.33652, 0.10538, 0.50001, 0.50004, 0.50013, 0.49966, 0.49988] * [0.01826, 0.15501, 0.34162] * [] * 0 *   0
[0.39637, 0.50145, 0.50000, 0.50005, 0.50012, 0.49966, 0.49986] * [0.10238, 0.10178, 0.31091] * [] * 0 *   0
[0.23234, 0.56743, 0.50000, 0.50007, 0.50013, 0.49966, 0.49988] * [0.06791, 0.05177, 0.39545] * [] * 0 *   0
[0.01389, 0.55105, 0.50001, 0.50005, 0.50013, 0.49966, 0.49988] * [0.00394, 0.00321, 0.50775] * [] * 0 *   0
[0.14398, 0.58979, 0.49999, 0.50005, 0.50013, 0.49966, 0.50002] * [0.04361, 0.03033, 0.43957] * [] * 0 *   0
[0.12620, 0.72536, 0.50000, 0.50004, 0.50013, 0.49966, 0.49987] * [0.04714, 0.01785, 0.45001] * [] * 0 *   0
[0.24567, 0.83193, 0.50001, 0.50005, 0.50013, 0.49966, 0.49988] * [0.10525, 0.02126, 0.38846] * [] * 0 *   0
[0.33664, 0.29504, 0.49999, 0.50005, 0.50013, 0.49966, 0.49987] * [0.05116, 0.12225, 0.34172] * [] * 0 *   0
[0.00824, 0.45571, 0.49999, 0.50005, 0.50013, 0.49966, 0.49986] * [0.00193, 0.00231, 0.51101] * [] * 0 *   0
[0.06428, 0.19984, 0.49999, 0.50004, 0.50014, 0.49966, 0.49985] * [0.00663, 0.02654, 0.48291] * [] * 0 *   0
[0.11379, 0.00893, 0.50000, 0.50005, 0.50014, 0.49966, 0.49986] * [0.00052, 0.05814, 0.45691] * [] * 0 *   0
[0.67455, 0.45650, 0.50000, 0.50005, 0.50013, 0.49966, 0.49986] * [0.15867, 0.18890, 0.16769] * [] * 0 *   0
[0.61310, 0.16089, 0.50000, 0.50004, 0.50012, 0.49966, 0.49988] * [0.05075, 0.26466, 0.19904] * [] * 0 *   0
[0.58240, 0.84062, 0.50001, 0.50005, 0.50014, 0.49966, 0.49985] * [0.25255, 0.04788, 0.21542] * [] * 0 *   0
[0.43241, 0.60603, 0.50000, 0.50008, 0.50012, 0.49966, 0.49986] * [0.13510, 0.08783, 0.29262] * [] * 0 *   0
[0.99180, 0.68074, 0.50000, 0.50004, 0.50013, 0.49966, 0.49986] * [0.34790, 0.16316, 0.00422] * [] * 0 *   0
[0.97413, 0.83193, 0.50001, 0.50005, 0.50013, 0.49966, 0.49988] * [0.41732, 0.08431, 0.01332] * [] * 0 *   0
[0.36994, 0.36039, 0.50000, 0.50004, 0.50013, 0.49966, 0.49986] * [0.06866, 0.12186, 0.32450] * [] * 0 *   0
[0.68756, 0.83193, 0.50001, 0.50007, 0.50013, 0.49966, 0.49988] * [0.29468, 0.05953, 0.16096] * [] * 0 *   0
[0.34538, 0.69919, 0.50000, 0.50005, 0.50013, 0.49966, 0.49986] * [0.12446, 0.05355, 0.33738] * [] * 0 *   0
[0.06918, 0.37387, 0.49999, 0.50007, 0.50012, 0.49966, 0.49986] * [0.01333, 0.02232, 0.47977] * [] * 0 *   0
[0.67898, 0.85068, 0.50000, 0.50007, 0.50012, 0.49966, 0.49985] * [0.29790, 0.05229, 0.16557] * [] * 0 *   0
[0.50500, 0.57036, 0.50000, 0.50007, 0.50013, 0.49966, 0.50002] * [0.14798, 0.11147, 0.25432] * [] * 0 *   0
[0.51361, 0.07657, 0.50001, 0.50005, 0.50014, 0.49966, 0.50002] * [0.02021, 0.24369, 0.24992] * [] * 0 *   0
[0.24567, 0.83193, 0.50001, 0.50005, 0.50013, 0.49966, 0.49988] * [0.10525, 0.02126, 0.38846] * [] * 0 *   0
[0.58240, 0.03826, 0.50001, 0.50005, 0.50013, 0.49966, 0.49987] * [0.01148, 0.28851, 0.21510] * [] * 0 *   0
[0.34868, 0.83209, 0.50000, 0.50007, 0.50012, 0.49966, 0.49987] * [0.14951, 0.03017, 0.33564] * [] * 0 *   0
[0.42314, 0.39652, 0.50000, 0.50005, 0.50012, 0.49966, 0.49988] * [0.08638, 0.13146, 0.29698] * [] * 0 *   0
[0.46217, 0.61464, 0.50000, 0.50007, 0.50013, 0.49966, 0.49986] * [0.14644, 0.09182, 0.27726] * [] * 0 *   0
[0.19797, 0.87995, 0.50000, 0.50005, 0.50013, 0.49966, 0.50002] * [0.08945, 0.01220, 0.41185] * [] * 0 *   0
[0.23411, 0.56274, 0.50000, 0.50004, 0.50012, 0.49966, 0.49989] * [0.06780, 0.05268, 0.39415] * [] * 0 *   0
[0.28822, 0.10360, 0.49999, 0.50004, 0.50013, 0.49966, 0.49988] * [0.01536, 0.13295, 0.36627] * [] * 0 *   0
[0.54030, 0.91332, 0.50000, 0.50004, 0.50013, 0.49966, 0.49988] * [0.25403, 0.02411, 0.23665] * [] * 0 *   0
[0.28822, 0.10169, 0.50000, 0.50004, 0.50013, 0.49966, 0.49988] * [0.01508, 0.13323, 0.36626] * [] * 0 *   0
[0.07334, 0.95530, 0.50000, 0.50005, 0.50012, 0.49966, 0.49986] * [0.03610, 0.00169, 0.47747] * [] * 0 *   0
[0.99780, 0.45322, 0.50000, 0.50005, 0.50013, 0.49966, 0.49925] * [0.25750, 0.31066, 0.00125] * [] * 0 *   0
[0.35022, 0.19056, 0.49999, 0.50005, 0.49974, 0.49966, 0.49985] * [0.03476, 0.14766, 0.33845] * [] * 0 *   0
[0.53522, 0.55215, 0.49999, 0.50004, 0.50013, 0.49966, 0.49986] * [0.15225, 0.12349, 0.23946] * [] * 0 *   0
[0.41695, 0.05182, 0.49999, 0.50004, 0.50013, 0.49966, 0.49986] * [0.01113, 0.20370, 0.30041] * [] * 0 *   0
[0.59148, 0.87745, 0.50000, 0.50004, 0.50013, 0.49966, 0.50002] * [0.26650, 0.03722, 0.20977] * [] * 0 *   0
[0.59995, 0.97543, 0.50000, 0.50007, 0.50012, 0.49966, 0.49989] * [0.30136, 0.00759, 0.20601] * [] * 0 *   0
[0.99180, 0.66563, 0.50000, 0.50005, 0.50013, 0.49966, 0.49986] * [0.34026, 0.17093, 0.00423] * [] * 0 *   0
[0.24567, 0.83193, 0.50001, 0.50005, 0.50013, 0.49966, 0.49988] * [0.10525, 0.02126, 0.38846] * [] * 0 *   0
[0.42740, 0.98041, 0.50000, 0.50005, 0.50013, 0.49966, 0.49996] * [0.21521, 0.00430, 0.29408] * [] * 0 *   0
[0.35159, 0.83143, 0.50001, 0.50005, 0.50013, 0.49966, 0.49988] * [0.15054, 0.03052, 0.33391] * [] * 0 *   0
[0.24567, 0.95541, 0.50001, 0.50005, 0.50013, 0.49966, 0.49988] * [0.12088, 0.00564, 0.38847] * [] * 0 *   0
[0.11938, 0.59651, 0.50000, 0.50007, 0.50012, 0.49966, 0.49988] * [0.03667, 0.02480, 0.45342] * [] * 0 *   0
[0.74811, 0.70365, 0.49983, 0.50041, 0.49975, 0.49998, 0.50016] * [0.27806, 0.11711, 0.13305] * [] * 0 *   0
[0.07519, 0.98244, 0.49983, 0.50051, 0.49976, 0.49997, 0.50023] * [0.03987, 0.00071, 0.49914] * [] * 0 *   0
[0.38063, 0.02500, 0.49983, 0.50054, 0.49976, 0.49957, 0.50021] * [0.00533, 0.20780, 0.34680] * [] * 0 *   0
[0.44408, 0.01096, 0.49983, 0.50052, 0.49968, 0.49952, 0.50018] * [0.00275, 0.24842, 0.31443] * [] * 0 *   0
[0.53268, 0.37700, 0.49983, 0.49942, 0.49976, 0.49997, 0.50023] * [0.10982, 0.18149, 0.25557] * [] * 0 *   0
[0.46516, 0.99496, 0.49983, 0.49928, 0.49975, 0.49960, 0.50020] * [0.26818, 0.00136, 0.30992] * [] * 0 *   0
[0.98891, 0.25132, 0.49983, 0.49981, 0.50012, 0.49999, 0.49998] * [0.12620, 0.37594, 0.00563] * [] * 0 *   0
[0.20395, 0.98446, 0.49983, 0.50054, 0.49976, 0.49997, 0.50024] * [0.10894, 0.00172, 0.43192] * [] * 0 *   0
[0.85495, 0.21915, 0.49983, 0.50054, 0.49976, 0.49996, 0.50024] * [0.10170, 0.36237, 0.07873] * [] * 0 *   0
[0.46103, 0.98677, 0.49983, 0.50054, 0.49976, 0.49997, 0.50022] * [0.24660, 0.00331, 0.29216] * [] * 0 *   0
[0.56814, 0.63871, 0.49983, 0.50050, 0.49976, 0.49997, 0.50023] * [0.19570, 0.11070, 0.23291] * [] * 0 *   0
[0.93015, 0.21988, 0.49983, 0.50054, 0.49976, 0.49997, 0.50022] * [0.11087, 0.39336, 0.03787] * [] * 0 *   0
[0.84329, 0.22270, 0.49983, 0.50051, 0.49968, 0.50006, 0.50018] * [0.10188, 0.35559, 0.08501] * [] * 0 *   0
[0.01536, 0.04454, 0.49983, 0.49981, 0.49968, 0.49997, 0.50023] * [0.00036, 0.00765, 0.51340] * [] * 0 *   0
[0.53344, 0.39181, 0.49983, 0.49942, 0.49975, 0.49996, 0.50020] * [0.11419, 0.17725, 0.25489] * [] * 0 *   0
[0.98790, 0.74186, 0.49983, 0.50052, 0.49968, 0.49997, 0.50023] * [0.39939, 0.13898, 0.00659] * [] * 0 *   0
[0.95671, 0.73479, 0.49983, 0.50051, 0.49976, 0.49996, 0.50024] * [0.37995, 0.13713, 0.02340] * [] * 0 *   0
[0.71785, 0.59551, 0.49983, 0.50054, 0.49976, 0.49997, 0.50024] * [0.23203, 0.15760, 0.15314] * [] * 0 *   0
[0.53344, 0.39181, 0.49983, 0.49942, 0.49975, 0.49996, 0.50020] * [0.11419, 0.17725, 0.25489] * [] * 0 *   0
[0.53458, 0.63871, 0.49983, 0.50050, 0.49976, 0.49997, 0.50023] * [0.18421, 0.10420, 0.25109] * [] * 0 *   0
[0.57726, 0.61668, 0.49983, 0.50054, 0.49976, 0.49997, 0.50018] * [0.19223, 0.11949, 0.22828] * [] * 0 *   0
[0.56832, 0.03613, 0.49983, 0.50051, 0.49976, 0.49997, 0.50023] * [0.01109, 0.29578, 0.23309] * [] * 0 *   0
[0.85495, 0.21915, 0.49983, 0.50054, 0.49976, 0.49996, 0.50024] * [0.10170, 0.36237, 0.07873] * [] * 0 *   0
[0.89125, 0.37357, 0.49983, 0.50051, 0.49976, 0.49997, 0.50023] * [0.17973, 0.30139, 0.05871] * [] * 0 *   0
[0.32210, 0.03981, 0.49983, 0.50051, 0.49976, 0.49997, 0.50018] * [0.00690, 0.16646, 0.36487] * [] * 0 *   0
[0.89857, 0.80320, 0.49983, 0.49940, 0.49976, 0.49997, 0.50023] * [0.39700, 0.09727, 0.05579] * [] * 0 *   0
[0.01604, 0.20660, 0.49983, 0.49981, 0.50012, 0.49999, 0.49997] * [0.00168, 0.00646, 0.49946] * [] * 0 *   0
[0.22814, 0.98244, 0.49983, 0.50051, 0.49976, 0.49997, 0.50023] * [0.12093, 0.00216, 0.41645] * [] * 0 *   0
[0.88958, 0.02720, 0.49983, 0.50054, 0.49968, 0.49996, 0.50018] * [0.01318, 0.47140, 0.06015] * [] * 0 *   0
[0.53484, 0.63871, 0.49983, 0.50050, 0.49976, 0.49997, 0.50023] * [0.18430, 0.10425, 0.25095] * [] * 0 *   0
[0.41053, 0.02251, 0.49983, 0.50052, 0.49968, 0.49951, 0.50023] * [0.00525, 0.22802, 0.33496] * [] * 0 *   0
[0.88958, 0.02720, 0.49983, 0.50054, 0.49968, 0.49996, 0.50018] * [0.01318, 0.47140, 0.06015] * [] * 0 *   0
[0.53344, 0.39181, 0.49983, 0.49942, 0.49975, 0.49996, 0.50020] * [0.11419, 0.17725, 0.25489] * [] * 0 *   0
[0.38063, 0.98677, 0.49983, 0.50054, 0.49976, 0.49957, 0.50021] * [0.21032, 0.00282, 0.34682] * [] * 0 *   0
[0.97292, 0.21915, 0.49983, 0.50054, 0.49976, 0.49997, 0.50024] * [0.11572, 0.41233, 0.01470] * [] * 0 *   0
[0.71785, 0.00607, 0.49983, 0.50054, 0.49976, 0.49997, 0.50023] * [0.00237, 0.38714, 0.15310] * [] * 0 *   0
[0.80785, 0.21988, 0.49983, 0.50054, 0.49976, 0.49997, 0.50022] * [0.09630, 0.34166, 0.10417] * [] * 0 *   0
[0.13421, 0.00495, 0.49983, 0.50051, 0.49976, 0.49961, 0.50023] * [0.00037, 0.07412, 0.48054] * [] * 0 *   0
[0.92315, 0.70123, 0.49983, 0.50051, 0.49976, 0.49996, 0.50024] * [0.34987, 0.14907, 0.04153] * [] * 0 *   0
[0.93807, 0.21915, 0.49983, 0.50054, 0.49976, 0.49996, 0.50024] * [0.11159, 0.39760, 0.03362] * [] * 0 *   0
