[0.04908, 0.00001, 0.00001, 0.00156, 0.00146, 0.00002, 0.00000, 0.00128, 0.00005, 0.01453, 0.00000, 0.00004] * [5.09405, 0.78009, 0.39812] * [] * 0 *   0
[0.05514, 0.00000, 0.00001, 0.00156, 0.00035, 0.00002, 0.00000, 0.10601, 0.00006, 0.03979, 0.00000, 0.00001] * [5.33911, 0.77972, 0.46855] * [] * 0 *   0
[0.00006, 0.99983, 0.00034, 0.13140, 0.00011, 0.00000, 0.00000, 0.00027, 0.00020, 0.00126, 0.05328, 0.00000] * [0.78395, 5.48819, 0.00055] * [] * 0 *   0
[0.00001, 0.00015, 0.00011, 0.00931, 0.00070, 0.00000, 0.00000, 0.05136, 0.00008, 0.00123, 0.00823, 0.00000] * [5.48177, 0.78383, 0.00009] * [] * 0 *   0
[0.52376, 0.24195, 0.00070, 0.00002, 0.00000, 0.00006, 0.00002, 0.00001, 0.04309, 0.00004, 0.00001, 0.00024] * [3.04203, 1.51181, 3.66048] * [] * 0 *   0
[0.58618, 0.31365, 0.00102, 0.00002, 0.00001, 0.00004, 0.00001, 0.00008, 0.00001, 0.00003, 0.00001, 0.00032] * [2.39492, 1.48662, 3.70773] * [] * 0 *   0
[0.18917, 0.85582, 0.00394, 0.00000, 0.00001, 0.00013, 0.00002, 0.00000, 0.00010, 0.00002, 0.00006, 0.00026] * [1.52473, 4.24250, 1.38048] * [] * 0 *   0
[0.21168, 0.99977, 0.00494, 0.00000, 0.00001, 0.04710, 0.00005, 0.00001, 0.00024, 0.00003, 0.00001, 0.00304] * [0.74109, 4.93850, 1.72453] * [] * 0 *   0
[0.03847, 0.00031, 0.00092, 0.00001, 0.00001, 0.00062, 0.00001, 0.00001, 0.00022, 0.00002, 0.00013, 0.00031] * [4.79254, 0.78240, 0.29377] * [] * 0 *   0
[0.80951, 0.31365, 0.00102, 0.00002, 0.00001, 0.00147, 0.00002, 0.00008, 0.00001, 0.00003, 0.00001, 0.00012] * [1.20437, 0.74443, 4.58981] * [] * 0 *   0
[1.00000, 0.28597, 0.01208, 0.72368, 0.00048, 0.03933, 0.04669, 0.00004, 0.00000, 0.00002, 0.00004, 0.00012] * [0.00000, 0.00000, 6.27721] * [] * 0 *   0
[1.00000, 0.99487, 0.01185, 0.75079, 0.00048, 0.03929, 0.04669, 0.00001, 0.00000, 0.00002, 0.00004, 0.00012] * [0.00000, 0.00000, 6.21739] * [] * 0 *   0
[0.29232, 0.00043, 0.00569, 0.00002, 0.00001, 0.00002, 0.00002, 0.00015, 0.00012, 0.00003, 0.00104, 0.00043] * [4.48855, 0.70366, 2.24635] * [] * 0 *   0
[1.00000, 0.31955, 0.01208, 0.72368, 0.00048, 0.03933, 0.04669, 0.00004, 0.00000, 0.00002, 0.00004, 0.00012] * [0.00000, 0.00000, 6.27721] * [] * 0 *   0
[0.08308, 0.26939, 0.00098, 0.00000, 0.00001, 0.00014, 0.00002, 0.00000, 0.00001, 0.00002, 0.00001, 0.00301] * [4.03472, 2.21057, 0.60379] * [] * 0 *   0
[1.00000, 0.00705, 0.00355, 0.00004, 0.00000, 0.00166, 0.00003, 0.10523, 0.00042, 0.00014, 0.00022, 0.00101] * [0.00001, 0.00000, 5.69412] * [] * 0 *   0
[0.34796, 0.31496, 0.00102, 0.00002, 0.00001, 0.00146, 0.00002, 0.00002, 0.00001, 0.00003, 0.00001, 0.00012] * [3.45661, 2.14676, 2.47563] * [] * 0 *   0
[0.00233, 0.99997, 0.00508, 0.00020, 0.00001, 0.00032, 0.00010, 0.00000, 0.00082, 0.00034, 0.00000, 0.00048] * [0.78245, 4.99787, 0.01849] * [] * 0 *   0
[0.44278, 0.31365, 0.00506, 0.00001, 0.00001, 0.00003, 0.00002, 0.00008, 0.00020, 0.00003, 0.00001, 0.00012] * [3.15131, 1.94665, 3.09167] * [] * 0 *   0
[0.65573, 0.04387, 0.00102, 0.00002, 0.00001, 0.00128, 0.00009, 0.00000, 0.00017, 0.00003, 0.00001, 0.00003] * [2.40670, 0.53446, 4.10556] * [] * 0 *   0
[0.61893, 0.99977, 0.00494, 0.00000, 0.00001, 0.00114, 0.00005, 0.00001, 0.00020, 0.00003, 0.00001, 0.00006] * [0.44141, 2.70681, 4.02105] * [] * 0 *   0
[0.39101, 0.85535, 0.00683, 0.00002, 0.00001, 0.00002, 0.00008, 0.00001, 0.00132, 0.00003, 0.00007, 0.00011] * [1.35266, 3.82955, 2.86408] * [] * 0 *   0
[0.36724, 0.24363, 0.00070, 0.00002, 0.00001, 0.00006, 0.00002, 0.00001, 0.04309, 0.00003, 0.00001, 0.00002] * [3.69859, 1.85227, 2.69154] * [] * 0 *   0
[0.65573, 0.04387, 0.00102, 0.00002, 0.00001, 0.00128, 0.00009, 0.00000, 0.00017, 0.00003, 0.00001, 0.00003] * [2.40670, 0.53446, 4.10556] * [] * 0 *   0
[0.00021, 0.39153, 0.00003, 0.00008, 0.00361, 0.00001, 0.00000, 0.00010, 0.00003, 0.00001, 0.00211, 0.00363] * [4.03408, 3.05831, 0.00165] * [] * 0 *   0
[0.00022, 0.99995, 0.00002, 0.48613, 0.00337, 0.00010, 0.00261, 0.00016, 0.03400, 0.00028, 0.00016, 0.00012] * [0.78369, 6.13571, 0.00211] * [] * 0 *   0
[0.49718, 0.00344, 0.00050, 0.00007, 0.00121, 0.00001, 0.00000, 0.00021, 0.00003, 0.00023, 0.01081, 0.00012] * [3.64302, 0.57158, 3.65507] * [] * 0 *   0
[0.00000, 0.98281, 0.00048, 0.00018, 0.00000, 0.08715, 0.00008, 0.01838, 0.00014, 0.01293, 0.00053, 0.00028] * [0.91554, 5.88437, 0.00001] * [] * 0 *   0
[0.00000, 0.32144, 0.00002, 0.00007, 0.00000, 0.08839, 0.00000, 0.00008, 0.00014, 0.00196, 0.00738, 0.00001] * [4.51205, 2.81413, 0.00001] * [] * 0 *   0
[0.45680, 0.66784, 0.00003, 0.00003, 0.00000, 0.08892, 0.00000, 0.00003, 0.00075, 0.00028, 0.00001, 0.00001] * [2.01496, 3.10658, 3.23158] * [] * 0 *   0
[0.49669, 0.04596, 0.00159, 0.00007, 0.00000, 0.04858, 0.00000, 0.00002, 0.00066, 0.00008, 0.00001, 0.00038] * [3.52435, 0.76148, 3.56836] * [] * 0 *   0
[0.67148, 0.65142, 0.00003, 0.00018, 0.00000, 0.04310, 0.00000, 0.00004, 0.00013, 0.00000, 0.00001, 0.00001] * [1.30265, 1.91108, 4.07677] * [] * 0 *   0
[0.30828, 0.19159, 0.00011, 0.00001, 0.00006, 0.00001, 0.02643, 0.00000, 0.00099, 0.00001, 0.00002, 0.00000] * [3.84346, 1.64104, 2.19830] * [] * 0 *   0
[0.00029, 0.05059, 0.00819, 0.00001, 0.00018, 0.00001, 0.01108, 0.00000, 0.00008, 0.00001, 0.00003, 0.00001] * [4.66815, 1.07737, 0.00219] * [] * 0 *   0
[0.33298, 0.99976, 0.00094, 0.00000, 0.00018, 0.00002, 0.01471, 0.00000, 0.00155, 0.00001, 0.00027, 0.00001] * [0.67889, 4.26400, 2.48967] * [] * 0 *   0
[0.99949, 0.52828, 0.00041, 0.00001, 0.00256, 0.00001, 0.00510, 0.00000, 0.00025, 0.00001, 0.00001, 0.00000] * [0.00258, 0.00277, 4.71731] * [] * 0 *   0
[0.30828, 0.65744, 0.00030, 0.00001, 0.00006, 0.00001, 0.02643, 0.00000, 0.00010, 0.00001, 0.00002, 0.00000] * [2.29929, 3.42557, 2.17018] * [] * 0 *   0
[0.40948, 0.46051, 0.00100, 0.00000, 0.00006, 0.00002, 0.01417, 0.00000, 0.01100, 0.00004, 0.00001, 0.00000] * [2.91554, 2.64074, 2.94844] * [] * 0 *   0
[0.00073, 0.99978, 0.07792, 0.00000, 0.00004, 0.00003, 0.00007, 0.00000, 0.00010, 0.03285, 0.00001, 0.00000] * [0.78355, 4.94767, 0.00576] * [] * 0 *   0
[0.33206, 0.99976, 0.00094, 0.00000, 0.00018, 0.00002, 0.01471, 0.00000, 0.00155, 0.00004, 0.00000, 0.00000] * [0.67920, 4.11803, 2.39852] * [] * 0 *   0
[0.34986, 0.52982, 0.00156, 0.00000, 0.00018, 0.00019, 0.06226, 0.00002, 0.00010, 0.00000, 0.00001, 0.00000] * [2.85429, 3.07572, 2.57011] * [] * 0 *   0
[0.00003, 0.28576, 0.00042, 0.00001, 0.00020, 0.00009, 0.01797, 0.00000, 0.00854, 0.00002, 0.00074, 0.00000] * [4.50272, 2.54208, 0.00027] * [] * 0 *   0
[0.00000, 0.33944, 0.00042, 0.00001, 0.00026, 0.00002, 0.02651, 0.00000, 0.09127, 0.00001, 0.00001, 0.00000] * [4.27601, 2.81649, 0.00000] * [] * 0 *   0
[0.00003, 0.44428, 0.00071, 0.00001, 0.00004, 0.00084, 0.02655, 0.00000, 0.00011, 0.00029, 0.00002, 0.00000] * [3.77670, 3.28156, 0.00026] * [] * 0 *   0
[0.34986, 0.55128, 0.00098, 0.00000, 0.00018, 0.00019, 0.06226, 0.00002, 0.00133, 0.00000, 0.00001, 0.00000] * [2.84139, 3.23443, 2.63697] * [] * 0 *   0
[0.96068, 0.34522, 0.00044, 0.00000, 0.00017, 0.00000, 0.01844, 0.00000, 0.00005, 0.00000, 0.00070, 0.00000] * [0.23875, 0.16136, 4.66018] * [] * 0 *   0
[0.00165, 0.00173, 0.00002, 0.00000, 0.03251, 0.00009, 0.00042, 0.00002, 0.00021, 0.00002, 0.00000, 0.00000] * [4.68758, 0.79190, 0.01230] * [] * 0 *   0
[0.99949, 0.52828, 0.00041, 0.00001, 0.00256, 0.00001, 0.00510, 0.00000, 0.00025, 0.00001, 0.00001, 0.00000] * [0.00258, 0.00277, 4.71731] * [] * 0 *   0
[0.33206, 0.99976, 0.00094, 0.00000, 0.00018, 0.00002, 0.01471, 0.00000, 0.00155, 0.00004, 0.00000, 0.00000] * [0.67920, 4.11803, 2.39852] * [] * 0 *   0
[0.01335, 0.00064, 0.00123, 0.00000, 0.00235, 0.00002, 0.00026, 0.00000, 0.00010, 0.00000, 0.00002, 0.00028] * [4.64782, 0.78526, 0.09883] * [] * 0 *   0
[0.00003, 0.25217, 0.00042, 0.00001, 0.00020, 0.00009, 0.01797, 0.00000, 0.00854, 0.00002, 0.00074, 0.00000] * [4.60681, 2.34819, 0.00027] * [] * 0 *   0
[0.00000, 0.77561, 0.00042, 0.00001, 0.00026, 0.00002, 0.02651, 0.00000, 0.17611, 0.00001, 0.00001, 0.00000] * [2.17815, 4.66902, 0.00000] * [] * 0 *   0
[0.00029, 0.52975, 0.00823, 0.00001, 0.00018, 0.00001, 0.02358, 0.00000, 0.00009, 0.00000, 0.00003, 0.00001] * [3.28524, 3.53815, 0.00219] * [] * 0 *   0
[0.33298, 0.99623, 0.00094, 0.00000, 0.00018, 0.00002, 0.00019, 0.00000, 0.00015, 0.00000, 0.00002, 0.00001] * [0.69470, 3.84645, 2.25382] * [] * 0 *   0
[0.00003, 0.14868, 0.00045, 0.00001, 0.00022, 0.00009, 0.01771, 0.00000, 0.00854, 0.00002, 0.00074, 0.00000] * [4.87881, 1.72678, 0.00027] * [] * 0 *   0
[0.01473, 0.46051, 0.00100, 0.00000, 0.00006, 0.01849, 0.00044, 0.00000, 0.00021, 0.00004, 0.00001, 0.00000] * [3.51899, 3.19012, 0.10992] * [] * 0 *   0
[0.00000, 0.78995, 0.00042, 0.00001, 0.00026, 0.00002, 0.02651, 0.00000, 0.17611, 0.00001, 0.00001, 0.00000] * [2.09306, 4.70777, 0.00000] * [] * 0 *   0
[0.39140, 0.49722, 0.00041, 0.00001, 0.00006, 0.00001, 0.02429, 0.00000, 0.01388, 0.00001, 0.00001, 0.00000] * [2.83103, 2.81145, 2.81723] * [] * 0 *   0
[0.00000, 0.54039, 0.00041, 0.00001, 0.04885, 0.00001, 0.01143, 0.00000, 0.00028, 0.00001, 0.00005, 0.00000] * [3.36161, 3.72170, 0.00002] * [] * 0 *   0
[0.00029, 0.65514, 0.00789, 0.00001, 0.00018, 0.00001, 0.02358, 0.00000, 0.00008, 0.00000, 0.00003, 0.00001] * [2.73717, 4.07627, 0.00223] * [] * 0 *   0
[0.00000, 0.96724, 0.00042, 0.00001, 0.00026, 0.00001, 0.06529, 0.74760, 0.21005, 0.00001, 0.00001, 0.00001] * [1.03955, 5.94942, 0.00000] * [] * 0 *   0
[0.30828, 0.19159, 0.00011, 0.00001, 0.00006, 0.00001, 0.02643, 0.00000, 0.00099, 0.00001, 0.00002, 0.00000] * [3.84346, 1.64104, 2.19830] * [] * 0 *   0
[0.00005, 0.02734, 0.00104, 0.00000, 0.00330, 0.00001, 0.00111, 0.00000, 0.00027, 0.00022, 0.00120, 0.00000] * [4.82933, 0.94785, 0.00039] * [] * 0 *   0
[0.00118, 0.45667, 0.00101, 0.00038, 0.00222, 0.00006, 0.00009, 0.00000, 0.00007, 0.00000, 0.00004, 0.00000] * [3.56576, 3.20096, 0.00888] * [] * 0 *   0
[0.00000, 0.77561, 0.00042, 0.00001, 0.00026, 0.00002, 0.02651, 0.00000, 0.17611, 0.00001, 0.00001, 0.00000] * [2.17815, 4.66902, 0.00000] * [] * 0 *   0
[0.34298, 0.17355, 0.00045, 0.00017, 0.00018, 0.00000, 0.01274, 0.00000, 0.00152, 0.00000, 0.00000, 0.00000] * [3.81115, 1.52166, 2.45289] * [] * 0 *   0
[0.00010, 0.59387, 0.00003, 0.00011, 0.00686, 0.00005, 0.05880, 0.00000, 0.00052, 0.00008, 0.00001, 0.00011] * [3.31124, 4.21890, 0.00085] * [] * 0 *   0
[0.07610, 0.00001, 0.00000, 0.00153, 0.00005, 0.00041, 0.09423, 0.00000, 0.00103, 0.00009, 0.00000, 0.00011] * [5.18179, 0.77699, 0.62934] * [] * 0 *   0
[0.05843, 0.00001, 0.00000, 0.00153, 0.00005, 0.00041, 0.09423, 0.00000, 0.00103, 0.00009, 0.00000, 0.00011] * [5.19707, 0.77928, 0.48372] * [] * 0 *   0
[0.00006, 0.00001, 0.00000, 0.00153, 0.00005, 0.00041, 0.22870, 0.00000, 0.00026, 0.00009, 0.00000, 0.62271] * [5.78917, 0.78312, 0.00055] * [] * 0 *   0
[0.20639, 0.00132, 0.00000, 0.00005, 0.00005, 0.00011, 0.07961, 0.00003, 0.00020, 0.00007, 0.00000, 0.00002] * [4.64223, 0.74904, 1.58020] * [] * 0 *   0
[0.38758, 0.04464, 0.00000, 0.00000, 0.00005, 0.00019, 0.00266, 0.00000, 0.00020, 0.00007, 0.00000, 0.00021] * [3.77896, 0.85137, 2.70055] * [] * 0 *   0
[0.13613, 0.00043, 0.00006, 0.00005, 0.00005, 0.00082, 0.00297, 0.00001, 0.00074, 0.00105, 0.00001, 0.00021] * [5.04536, 0.76735, 1.10821] * [] * 0 *   0
[0.07545, 0.00017, 0.00000, 0.00154, 0.00005, 0.00023, 0.13054, 0.00000, 0.00020, 0.00007, 0.00000, 0.00010] * [5.06323, 0.77797, 0.61001] * [] * 0 *   0
[0.49292, 0.59033, 0.00001, 0.00016, 0.00001, 0.00019, 0.07478, 0.00000, 0.00016, 0.00007, 0.00000, 0.00003] * [2.20147, 2.76618, 3.45750] * [] * 0 *   0
[0.09433, 0.00043, 0.00006, 0.00005, 0.00009, 0.00015, 0.00297, 0.00001, 0.00028, 0.00105, 0.00000, 0.00009] * [4.90002, 0.77624, 0.74057] * [] * 0 *   0
[0.07488, 0.00034, 0.00000, 0.00005, 0.00005, 0.00023, 0.07748, 0.00000, 0.00020, 0.00007, 0.00000, 0.00010] * [4.86751, 0.77879, 0.58252] * [] * 0 *   0
[0.45607, 0.99964, 0.00003, 0.00137, 0.00005, 0.00064, 0.11192, 0.00000, 0.00001, 0.00005, 0.00000, 0.00010] * [0.59182, 3.85265, 3.39392] * [] * 0 *   0
[0.07488, 0.00034, 0.00000, 0.00005, 0.00005, 0.00023, 0.07748, 0.00000, 0.00020, 0.00007, 0.00000, 0.00010] * [4.86751, 0.77879, 0.58252] * [] * 0 *   0
[0.50818, 0.99968, 0.00002, 0.10558, 0.00001, 0.00028, 0.00270, 0.00029, 0.00001, 0.00013, 0.00000, 0.00009] * [0.54766, 3.65189, 3.78885] * [] * 0 *   0
[0.16929, 0.99950, 0.00003, 0.00109, 0.00008, 0.00640, 0.03731, 0.00000, 0.00003, 0.00000, 0.00000, 0.00000] * [0.75757, 4.71066, 1.29949] * [] * 0 *   0
[0.24642, 0.99353, 0.00005, 0.00010, 0.00007, 0.01008, 0.00355, 0.00001, 0.00127, 0.00000, 0.00001, 0.00000] * [0.76130, 4.55079, 1.88090] * [] * 0 *   0
[0.43727, 0.03049, 0.00004, 0.00010, 0.04010, 0.00049, 0.00601, 0.00001, 0.00000, 0.00000, 0.00000, 0.00001] * [3.74455, 0.74827, 3.13147] * [] * 0 *   0
[0.43318, 0.00272, 0.00004, 0.00004, 0.03978, 0.00634, 0.00601, 0.00000, 0.00000, 0.00000, 0.00000, 0.00001] * [3.84584, 0.62116, 3.15307] * [] * 0 *   0
[0.00093, 1.00000, 0.00330, 0.00010, 0.00013, 0.00157, 0.01502, 0.00000, 0.00000, 0.00000, 0.00001, 0.00014] * [0.78229, 5.02795, 0.00740] * [] * 0 *   0
[0.00000, 0.99805, 0.00005, 0.00010, 0.00101, 0.58487, 0.03132, 0.00000, 0.00066, 0.00485, 0.00000, 0.00073] * [0.79816, 5.90294, 0.00001] * [] * 0 *   0
[0.00000, 0.00167, 0.00004, 0.00003, 0.00003, 0.00894, 0.01524, 0.00000, 0.00005, 0.00013, 0.00002, 0.00802] * [5.31581, 0.79398, 0.00001] * [] * 0 *   0
[0.48666, 0.00254, 0.00012, 0.00056, 0.00026, 0.00686, 0.06975, 0.00000, 0.00001, 0.00000, 0.00001, 0.00000] * [3.60234, 0.57614, 3.49834] * [] * 0 *   0
[0.48666, 0.00254, 0.00012, 0.00056, 0.00026, 0.00686, 0.06975, 0.00000, 0.00001, 0.00000, 0.00001, 0.00000] * [3.60234, 0.57614, 3.49834] * [] * 0 *   0
[0.43727, 0.00413, 0.00004, 0.00010, 0.04010, 0.00029, 0.00601, 0.00001, 0.00000, 0.00000, 0.00000, 0.00001] * [3.74718, 0.62408, 3.11524] * [] * 0 *   0
[0.00001, 0.51091, 0.00004, 0.00092, 0.00002, 0.00004, 0.07049, 0.00000, 0.00001, 0.00000, 0.00001, 0.00066] * [3.49636, 3.59364, 0.00007] * [] * 0 *   0
[0.23791, 0.00707, 0.00005, 0.00009, 0.00001, 0.00043, 0.01125, 0.00001, 0.00000, 0.00000, 0.00000, 0.00000] * [4.07448, 0.76253, 1.62546] * [] * 0 *   0
[0.00000, 0.00053, 0.00004, 0.01017, 0.00003, 0.00671, 0.01524, 0.21377, 0.00115, 0.00013, 0.00002, 0.00218] * [6.21613, 0.78767, 0.00001] * [] * 0 *   0
[0.00506, 1.00000, 0.00001, 0.00010, 0.00013, 0.00159, 0.01309, 0.00011, 0.00000, 0.00000, 0.00001, 0.00000] * [0.78187, 4.72831, 0.03807] * [] * 0 *   0
[0.00000, 0.05667, 0.00004, 0.00004, 0.00003, 0.00894, 0.01524, 0.00000, 0.00005, 0.00013, 0.00001, 0.00074] * [5.05133, 1.14787, 0.00001] * [] * 0 *   0
[0.00000, 0.00053, 0.00004, 0.01017, 0.00003, 0.00671, 0.01524, 0.21377, 0.00115, 0.00013, 0.00002, 0.00218] * [6.21613, 0.78767, 0.00001] * [] * 0 *   0
[0.09256, 1.00000, 0.00330, 0.00010, 0.00013, 0.00157, 0.01502, 0.00000, 0.00013, 0.00000, 0.00001, 0.00001] * [0.77406, 4.98827, 0.73915] * [] * 0 *   0
[0.00000, 0.99926, 0.00004, 0.00010, 0.00053, 0.00049, 0.04553, 0.00000, 0.00005, 0.00000, 0.00001, 0.00001] * [0.78660, 4.86629, 0.00004] * [] * 0 *   0
[0.00900, 0.82434, 0.00005, 0.00010, 0.00009, 0.00043, 0.05626, 0.00001, 0.00002, 0.00001, 0.00000, 0.00000] * [1.75387, 4.32793, 0.06602] * [] * 0 *   0
[0.20311, 0.99950, 0.00003, 0.00109, 0.00008, 0.04648, 0.03731, 0.00000, 0.00003, 0.00000, 0.00000, 0.00000] * [0.74581, 4.76310, 1.59257] * [] * 0 *   0
[0.00035, 1.00000, 0.00014, 0.00009, 0.06841, 0.00679, 0.01535, 0.00000, 0.00002, 0.00000, 0.00001, 0.00001] * [0.78258, 5.28596, 0.00294] * [] * 0 *   0
[0.00197, 1.00000, 0.00330, 0.00010, 0.00013, 0.00157, 0.01502, 0.00000, 0.00000, 0.00000, 0.00001, 0.00014] * [0.78229, 5.02768, 0.01571] * [] * 0 *   0
[0.48666, 0.00205, 0.00012, 0.00056, 0.00153, 0.00686, 0.06975, 0.00000, 0.00001, 0.00000, 0.00001, 0.00000] * [3.66493, 0.57420, 3.55733] * [] * 0 *   0
[0.00001, 0.51091, 0.00004, 0.00092, 0.00002, 0.00004, 0.07049, 0.00000, 0.00001, 0.00000, 0.00001, 0.00066] * [3.49636, 3.59364, 0.00007] * [] * 0 *   0
[0.27668, 1.00000, 0.00005, 0.00010, 0.02869, 0.00679, 0.01501, 0.00001, 0.00005, 0.00000, 0.00002, 0.00000] * [0.70971, 4.68600, 2.20007] * [] * 0 *   0
[0.24642, 0.99326, 0.00005, 0.00010, 0.00007, 0.00692, 0.01501, 0.00001, 0.00005, 0.00000, 0.00004, 0.00000] * [0.76218, 4.49846, 1.85992] * [] * 0 *   0
[0.07978, 1.00000, 0.00330, 0.00056, 0.00013, 0.00724, 0.01493, 0.00000, 0.00000, 0.00000, 0.00001, 0.00000] * [0.77622, 5.03558, 0.64184] * [] * 0 *   0
[0.46058, 0.27459, 0.00012, 0.00002, 0.00026, 0.00690, 0.01529, 0.00000, 0.00001, 0.00000, 0.00001, 0.00000] * [3.15274, 1.74284, 3.18177] * [] * 0 *   0
[0.44345, 0.99833, 0.00003, 0.00109, 0.00008, 0.00041, 0.05880, 0.00001, 0.00003, 0.00000, 0.00000, 0.00000] * [0.60744, 3.67118, 3.11252] * [] * 0 *   0
[0.00013, 0.99926, 0.00004, 0.00009, 0.00052, 0.00050, 0.00578, 0.00000, 0.00005, 0.00000, 0.00000, 0.00000] * [0.78568, 4.51648, 0.00092] * [] * 0 *   0
[0.05517, 0.01376, 0.00002, 0.00010, 0.00003, 0.01160, 0.00000, 0.00000, 0.00000, 0.00047, 0.00001, 0.00028] * [4.59376, 0.85701, 0.40602] * [] * 0 *   0
[0.03082, 0.00004, 0.00001, 0.00010, 0.00008, 0.00384, 0.00448, 0.00001, 0.00009, 0.00048, 0.00001, 0.05489] * [5.40914, 0.78209, 0.26483] * [] * 0 *   0
[0.43174, 0.35754, 0.00004, 0.00010, 0.00002, 0.00291, 0.00000, 0.00000, 0.00005, 0.00047, 0.00000, 0.00006] * [2.99935, 2.09301, 2.94660] * [] * 0 *   0
[0.40135, 0.99772, 0.00002, 0.00030, 0.00022, 0.00327, 0.00000, 0.00000, 0.00002, 0.00047, 0.00005, 0.00143] * [0.64338, 4.01452, 2.96711] * [] * 0 *   0
[0.06530, 0.06041, 0.00002, 0.00010, 0.00003, 0.01183, 0.00000, 0.00000, 0.00000, 0.00047, 0.00001, 0.00028] * [4.48244, 1.11406, 0.47545] * [] * 0 *   0
[0.00001, 0.17585, 0.00004, 0.00009, 0.00010, 0.01280, 0.00007, 0.00001, 0.00000, 0.00056, 0.00000, 0.00383] * [4.73799, 1.87144, 0.00008] * [] * 0 *   0
[0.38590, 0.37097, 0.00004, 0.00028, 0.00003, 0.00203, 0.00000, 0.00000, 0.00001, 0.00051, 0.00002, 0.00138] * [3.26812, 2.35330, 2.79184] * [] * 0 *   0
[0.46530, 0.72787, 0.00000, 0.00021, 0.00009, 0.00291, 0.00245, 0.00000, 0.00000, 0.00047, 0.00000, 0.00004] * [1.70807, 3.10717, 3.17878] * [] * 0 *   0
[0.99979, 0.88814, 0.00014, 0.00060, 0.00027, 0.00096, 0.00000, 0.00000, 0.00002, 0.00052, 0.00001, 0.00029] * [0.00047, 0.00153, 4.89714] * [] * 0 *   0
[0.00001, 0.99983, 0.00004, 0.00101, 0.00008, 0.02334, 0.00006, 0.00012, 0.00001, 0.00105, 0.00023, 0.00383] * [0.78400, 5.50894, 0.00008] * [] * 0 *   0
[0.00018, 0.32856, 0.00002, 0.00074, 0.00002, 0.00382, 0.00000, 0.00000, 0.00066, 0.00040, 0.00001, 0.00005] * [4.12051, 2.64743, 0.00140] * [] * 0 *   0
[0.46530, 0.07740, 0.00000, 0.00004, 0.00010, 0.00291, 0.00247, 0.00000, 0.00000, 0.00047, 0.00000, 0.00004] * [3.37959, 0.90920, 3.13758] * [] * 0 *   0
[0.00017, 0.99973, 0.00014, 0.04340, 0.00223, 0.00266, 0.00007, 0.00000, 0.00000, 0.00063, 0.00005, 0.00000] * [0.78429, 5.21473, 0.00138] * [] * 0 *   0
[0.00017, 0.99973, 0.00014, 0.04340, 0.00223, 0.00266, 0.00007, 0.00000, 0.00000, 0.00063, 0.00005, 0.00000] * [0.78429, 5.21473, 0.00138] * [] * 0 *   0
[0.43174, 0.31714, 0.00004, 0.00004, 0.00010, 0.00291, 0.00000, 0.00000, 0.00094, 0.00047, 0.00000, 0.00006] * [3.20251, 1.99636, 3.04034] * [] * 0 *   0
[0.28359, 0.34941, 0.00020, 0.00009, 0.00014, 0.00000, 0.00000, 0.00002, 0.00004, 0.00011, 0.00000, 0.00016] * [3.34696, 2.29685, 1.93819] * [] * 0 *   0
[0.22837, 0.27953, 0.00013, 0.00006, 0.00007, 0.00000, 0.01873, 0.00001, 0.00003, 0.00002, 0.00000, 0.00115] * [3.98122, 2.22780, 1.71057] * [] * 0 *   0
[0.00098, 0.23364, 0.00027, 0.00006, 0.00025, 0.00000, 0.00106, 0.00001, 0.00003, 0.00002, 0.00000, 0.00115] * [4.30364, 2.10204, 0.00735] * [] * 0 *   0
[0.22719, 0.00029, 0.00017, 0.00002, 0.00060, 0.00347, 0.00000, 0.00117, 0.00004, 0.00000, 0.00000, 0.00063] * [4.55161, 0.73444, 1.71890] * [] * 0 *   0
[0.00098, 0.23364, 0.00027, 0.00006, 0.00025, 0.00000, 0.00106, 0.00001, 0.00003, 0.00002, 0.00000, 0.00115] * [4.30364, 2.10204, 0.00735] * [] * 0 *   0
[0.51150, 0.58856, 0.00016, 0.00034, 0.00030, 0.00001, 0.00022, 0.00009, 0.00004, 0.00000, 0.00000, 0.00227] * [2.11911, 2.64880, 3.51698] * [] * 0 *   0
[0.26201, 0.48945, 0.00027, 0.00006, 0.00025, 0.00000, 0.00106, 0.00001, 0.00003, 0.00002, 0.00000, 0.00115] * [3.14418, 3.06277, 1.91593] * [] * 0 *   0
[0.71575, 0.99699, 0.00126, 0.00009, 0.00014, 0.00000, 0.00063, 0.00002, 0.00003, 0.00003, 0.00000, 0.00005] * [0.34501, 1.99844, 4.23611] * [] * 0 *   0
[0.00098, 0.23364, 0.00027, 0.00006, 0.00025, 0.00000, 0.00106, 0.00001, 0.00003, 0.00002, 0.00000, 0.00115] * [4.30364, 2.10204, 0.00735] * [] * 0 *   0
[0.22719, 0.59906, 0.00014, 0.00002, 0.00060, 0.00347, 0.00000, 0.00003, 0.00007, 0.00000, 0.00000, 0.00063] * [2.73571, 3.50621, 1.65802] * [] * 0 *   0
[0.00098, 0.23364, 0.00027, 0.00006, 0.00025, 0.00000, 0.00106, 0.00001, 0.00003, 0.00002, 0.00000, 0.00115] * [4.30364, 2.10204, 0.00735] * [] * 0 *   0
[0.22840, 0.00029, 0.00017, 0.00002, 0.00014, 0.00341, 0.00000, 0.04592, 0.00004, 0.00000, 0.00000, 0.00063] * [4.68438, 0.73415, 1.77809] * [] * 0 *   0
[0.70177, 0.21626, 0.00027, 0.00006, 0.00025, 0.00000, 0.00106, 0.00001, 0.00003, 0.00002, 0.00000, 0.00023] * [1.93102, 0.89553, 4.20650] * [] * 0 *   0
[0.40109, 0.00029, 0.00024, 0.00004, 0.00010, 0.00000, 0.00055, 0.00020, 0.00005, 0.00002, 0.00000, 0.00006] * [3.79207, 0.63309, 2.80335] * [] * 0 *   0
[0.00098, 0.58191, 0.00017, 0.05357, 0.00030, 0.00000, 0.00000, 0.00028, 0.00003, 0.00002, 0.00000, 0.00115] * [3.13711, 3.85876, 0.00763] * [] * 0 *   0
[0.00101, 0.00051, 0.00017, 0.00002, 0.00013, 0.00341, 0.00000, 0.00025, 0.00004, 0.00002, 0.00000, 0.00063] * [4.78764, 0.78503, 0.00767] * [] * 0 *   0
[0.38950, 0.21626, 0.00027, 0.00006, 0.00025, 0.00000, 0.00106, 0.00001, 0.00003, 0.00002, 0.00000, 0.00026] * [3.50429, 1.62480, 2.71018] * [] * 0 *   0
[0.28359, 0.99059, 0.00020, 0.00006, 0.00025, 0.00000, 0.00000, 0.00001, 0.00003, 0.00011, 0.00000, 0.00016] * [0.75077, 3.97073, 1.92951] * [] * 0 *   0
[0.22719, 0.00029, 0.00017, 0.00002, 0.00060, 0.00347, 0.00000, 0.00117, 0.00004, 0.00000, 0.00000, 0.00063] * [4.55161, 0.73444, 1.71890] * [] * 0 *   0
[0.22837, 0.98835, 0.00024, 0.00006, 0.00025, 0.00000, 0.00106, 0.00001, 0.00003, 0.00002, 0.00000, 0.00115] * [0.79599, 4.40766, 1.67938] * [] * 0 *   0
[0.72861, 0.99699, 0.00126, 0.00009, 0.00014, 0.00001, 0.00002, 0.00002, 0.00003, 0.00003, 0.00000, 0.00114] * [0.33053, 1.93790, 4.32877] * [] * 0 *   0
[0.22719, 0.00029, 0.00017, 0.00002, 0.00060, 0.00347, 0.00000, 0.00117, 0.00004, 0.00000, 0.00000, 0.00063] * [4.55161, 0.73444, 1.71890] * [] * 0 *   0
[0.28359, 0.99699, 0.00020, 0.00009, 0.00014, 0.00000, 0.00000, 0.00002, 0.00004, 0.00011, 0.00000, 0.00016] * [0.71987, 3.99492, 1.93819] * [] * 0 *   0
[0.23398, 0.00412, 0.00043, 0.00004, 0.00010, 0.00000, 0.00055, 0.00001, 0.00005, 0.00002, 0.00000, 0.00116] * [4.41947, 0.75235, 1.72607] * [] * 0 *   0
[0.64692, 0.40849, 0.00201, 0.00001, 0.00001, 0.00000, 0.00003, 0.00002, 0.00005, 0.00010, 0.00005, 0.00055] * [1.94144, 1.54497, 4.00521] * [] * 0 *   0
[0.00098, 0.36447, 0.00015, 0.00006, 0.00014, 0.00000, 0.00012, 0.00002, 0.00004, 0.00002, 0.00000, 0.00118] * [3.80949, 2.70845, 0.00717] * [] * 0 *   0
[0.39409, 0.00029, 0.00043, 0.00004, 0.00010, 0.00000, 0.00055, 0.00001, 0.00005, 0.00002, 0.00000, 0.00026] * [3.80099, 0.63809, 2.74588] * [] * 0 *   0
[0.22719, 0.00029, 0.00017, 0.00002, 0.00060, 0.00347, 0.00000, 0.00117, 0.00004, 0.00000, 0.00000, 0.00063] * [4.55161, 0.73444, 1.71890] * [] * 0 *   0
[0.22840, 0.00029, 0.00017, 0.00002, 0.00014, 0.00341, 0.00000, 0.04592, 0.00004, 0.00000, 0.00000, 0.00063] * [4.68438, 0.73415, 1.77809] * [] * 0 *   0
[0.14567, 0.00029, 0.00017, 0.00002, 0.00060, 0.00351, 0.00000, 0.00117, 0.03559, 0.00000, 0.00001, 0.00242] * [5.16322, 0.76410, 1.21555] * [] * 0 *   0
[0.00195, 0.21626, 0.00046, 0.00006, 0.00025, 0.00000, 0.00106, 0.00001, 0.00003, 0.00002, 0.00000, 0.00116] * [4.37156, 2.01693, 0.01474] * [] * 0 *   0
[0.00149, 0.00029, 0.00097, 0.00244, 0.00060, 0.00347, 0.00000, 0.00117, 0.00019, 0.00000, 0.00000, 0.00063] * [5.21510, 0.78441, 0.01233] * [] * 0 *   0
[0.23134, 0.00193, 0.00017, 0.00091, 0.00060, 0.00350, 0.00000, 0.00004, 0.00004, 0.00000, 0.00000, 0.00028] * [4.47323, 0.74167, 1.72429] * [] * 0 *   0
[0.00002, 0.60450, 0.00834, 0.00090, 0.01119, 0.00000, 0.00002, 0.00004, 0.00007, 0.00007, 0.00429, 0.00007] * [3.29760, 4.32496, 0.00020] * [] * 0 *   0
[0.22719, 0.00029, 0.00017, 0.00002, 0.00060, 0.00347, 0.00000, 0.00117, 0.00004, 0.00000, 0.00000, 0.00063] * [4.55161, 0.73444, 1.71890] * [] * 0 *   0
[0.62775, 0.66085, 0.00006, 0.00094, 0.00041, 0.00000, 0.00000, 0.00002, 0.00004, 0.00002, 0.00000, 0.00026] * [1.37752, 2.06190, 3.74603] * [] * 0 *   0
[0.68072, 0.34941, 0.00020, 0.00009, 0.00014, 0.00000, 0.00000, 0.00002, 0.01161, 0.00002, 0.00000, 0.00119] * [1.90993, 1.30122, 4.21503] * [] * 0 *   0
[0.27964, 0.00074, 0.00000, 0.00000, 0.00000, 0.00009, 0.00153, 0.00001, 0.00120, 0.00026, 0.00008, 0.00093] * [4.35239, 0.71177, 2.07222] * [] * 0 *   0
[0.91539, 0.03919, 0.00000, 0.00000, 0.00000, 0.00010, 0.00080, 0.00002, 0.00076, 0.00017, 0.00008, 0.00016] * [0.61352, 0.13355, 4.69622] * [] * 0 *   0
[0.77054, 0.00009, 0.00001, 0.00000, 0.00000, 0.00008, 0.00078, 0.00014, 0.00072, 0.00015, 0.00003, 0.00016] * [1.67440, 0.27595, 4.50256] * [] * 0 *   0
[0.31936, 0.00045, 0.00000, 0.00000, 0.00000, 0.00010, 0.00080, 0.00002, 0.00419, 0.00055, 0.00008, 0.00017] * [4.22308, 0.68802, 2.34663] * [] * 0 *   0
[0.06941, 0.53736, 0.00001, 0.00000, 0.00000, 0.00018, 0.00060, 0.00001, 0.00041, 0.00017, 0.00008, 0.00016] * [3.21108, 3.52416, 0.52191] * [] * 0 *   0
[0.77902, 0.00984, 0.00000, 0.00009, 0.00000, 0.00009, 0.00001, 0.00002, 0.00439, 0.00017, 0.00008, 0.00016] * [1.59186, 0.28543, 4.47040] * [] * 0 *   0
[0.81404, 0.00984, 0.00000, 0.00009, 0.00000, 0.00009, 0.00001, 0.00002, 0.00439, 0.00017, 0.00008, 0.00016] * [1.34758, 0.24161, 4.55278] * [] * 0 *   0
[0.23904, 0.78900, 0.00000, 0.00001, 0.00000, 0.00006, 0.00196, 0.00001, 0.00058, 0.00055, 0.00008, 0.00016] * [1.85598, 4.09731, 1.77310] * [] * 0 *   0
[0.19858, 0.78936, 0.00000, 0.00001, 0.00000, 0.00006, 0.00195, 0.00000, 0.00058, 0.00054, 0.00009, 0.00016] * [1.87590, 4.13164, 1.46318] * [] * 0 *   0
[0.14253, 0.00092, 0.00001, 0.00030, 0.00000, 0.00010, 0.00046, 0.00000, 0.00028, 0.00017, 0.00009, 0.00016] * [4.65184, 0.76779, 1.07354] * [] * 0 *   0
[0.05821, 0.99997, 0.00000, 0.00001, 0.00000, 0.00003, 0.00047, 0.00001, 0.00435, 0.00008, 0.00873, 0.00017] * [0.77903, 4.88090, 0.45316] * [] * 0 *   0
[0.31332, 0.42684, 0.00000, 0.00001, 0.00000, 0.00018, 0.00080, 0.00000, 0.00039, 0.00017, 0.00001, 0.00016] * [3.11215, 2.59727, 2.17343] * [] * 0 *   0
[0.14328, 0.00092, 0.00001, 0.00030, 0.00000, 0.00010, 0.00031, 0.00000, 0.00028, 0.00017, 0.00009, 0.00015] * [4.63000, 0.76752, 1.07446] * [] * 0 *   0
[0.84760, 0.00984, 0.00000, 0.00009, 0.00000, 0.00009, 0.00001, 0.00002, 0.00439, 0.00017, 0.00008, 0.00016] * [1.10959, 0.19894, 4.61859] * [] * 0 *   0
[0.40243, 0.99963, 0.00000, 0.00001, 0.00000, 0.00020, 0.00096, 0.00333, 0.00596, 0.00121, 0.00008, 0.00015] * [0.63325, 4.18263, 3.09825] * [] * 0 *   0
[0.18009, 0.00026, 0.00000, 0.00003, 0.00000, 0.00003, 0.00047, 0.00005, 0.03471, 0.00008, 0.00009, 0.00017] * [4.71646, 0.75258, 1.38830] * [] * 0 *   0
[0.10587, 0.00002, 0.03933, 0.00001, 0.00000, 0.00010, 0.00061, 0.00014, 0.00075, 0.00055, 0.00003, 0.04285] * [5.50779, 0.77218, 0.93356] * [] * 0 *   0
[0.05821, 0.00026, 0.00000, 0.00003, 0.00000, 0.00003, 0.00047, 0.00005, 0.00672, 0.00008, 0.00009, 0.00017] * [4.78215, 0.78027, 0.44424] * [] * 0 *   0
[0.19870, 0.99048, 0.00000, 0.00001, 0.00000, 0.00020, 0.00195, 0.00000, 0.00058, 0.00054, 0.00009, 0.00016] * [0.79770, 4.51466, 1.47930] * [] * 0 *   0
[0.77489, 0.03874, 0.00000, 0.00000, 0.00000, 0.00009, 0.00000, 0.00002, 0.00079, 0.00017, 0.00008, 0.00016] * [1.51905, 0.34283, 4.21884] * [] * 0 *   0
[0.81725, 0.98269, 0.00000, 0.00001, 0.00000, 0.00009, 0.00190, 0.00002, 0.00058, 0.00017, 0.00009, 0.00016] * [0.25019, 1.33615, 4.60475] * [] * 0 *   0
[0.15457, 0.99964, 0.00000, 0.00012, 0.00000, 0.00020, 0.00061, 0.00001, 0.05063, 0.00122, 0.00008, 0.00016] * [0.76175, 4.98729, 1.24957] * [] * 0 *   0
[0.84760, 0.75789, 0.00000, 0.00009, 0.00000, 0.00010, 0.00001, 0.00002, 0.00033, 0.00017, 0.00003, 0.00016] * [0.49135, 0.97065, 4.45731] * [] * 0 *   0
[0.10600, 0.68682, 0.00003, 0.00033, 0.00178, 0.00003, 0.00001, 0.00003, 0.00000, 0.00006, 0.00499, 0.00001] * [2.51628, 4.08323, 0.80605] * [] * 0 *   0
[0.12760, 0.00000, 0.00012, 0.00022, 0.00088, 0.00002, 0.00004, 0.00000, 0.00000, 0.50819, 0.00000, 0.00419] * [5.20939, 0.76695, 1.06974] * [] * 0 *   0
[0.46280, 0.44523, 0.00001, 0.00055, 0.00149, 0.00003, 0.00001, 0.00000, 0.00001, 0.00004, 0.00005, 0.00001] * [2.59698, 2.26858, 3.06717] * [] * 0 *   0
[0.00105, 0.69590, 0.00003, 0.00009, 0.00148, 0.00034, 0.00041, 0.00011, 0.00000, 0.01450, 0.00000, 0.00001] * [2.59933, 4.35234, 0.00840] * [] * 0 *   0
[0.00053, 0.00004, 0.00001, 0.00314, 0.00149, 0.00084, 0.00002, 0.00000, 0.11630, 0.00005, 0.00001, 0.00012] * [5.34864, 0.78290, 0.00447] * [] * 0 *   0
[0.38506, 0.69875, 0.00038, 0.00017, 0.00203, 0.00379, 0.00001, 0.00003, 0.00000, 0.00001, 0.00000, 0.00001] * [2.01724, 3.37687, 2.71921] * [] * 0 *   0
[0.00252, 0.00000, 0.00002, 0.00008, 0.00106, 0.00007, 0.00042, 0.00011, 0.00002, 0.00128, 0.00027, 0.00002] * [5.05196, 0.78234, 0.02021] * [] * 0 *   0
[0.38024, 0.47003, 0.00007, 0.00177, 0.00136, 0.00001, 0.00001, 0.00011, 0.00000, 0.00001, 0.00001, 0.00078] * [2.94710, 2.73454, 2.73439] * [] * 0 *   0
[0.38506, 0.32506, 0.00002, 0.00017, 0.00203, 0.00379, 0.00006, 0.00004, 0.00000, 0.00002, 0.00000, 0.00005] * [3.34475, 2.13249, 2.74217] * [] * 0 *   0
[0.00189, 0.52062, 0.00062, 0.00008, 0.00106, 0.00071, 0.00001, 0.00003, 0.00000, 0.00031, 0.00000, 0.00000] * [3.26696, 3.43835, 0.01406] * [] * 0 *   0
[0.48292, 0.80700, 0.00012, 0.01657, 0.00088, 0.00034, 0.00000, 0.00000, 0.00000, 0.00001, 0.00003, 0.00002] * [1.38276, 3.24997, 3.34728] * [] * 0 *   0
[0.46280, 0.47603, 0.00001, 0.00055, 0.00149, 0.00003, 0.00001, 0.00000, 0.00001, 0.00004, 0.00005, 0.00001] * [2.50904, 2.36525, 3.06703] * [] * 0 *   0
[0.00003, 0.77587, 0.00006, 0.00009, 0.00148, 0.00085, 0.02549, 0.00000, 0.00000, 0.00002, 0.00002, 0.00003] * [2.14482, 4.58325, 0.00021] * [] * 0 *   0
[0.44450, 0.99983, 0.00004, 0.00027, 0.01917, 0.00005, 0.00006, 0.00000, 0.00000, 0.00188, 0.00000, 0.00001] * [0.59976, 3.67228, 3.12275] * [] * 0 *   0
[0.03743, 0.00000, 0.00004, 0.01689, 0.00084, 0.00074, 0.00117, 0.03593, 0.00006, 0.00232, 0.00016, 0.00002] * [5.85433, 0.78174, 0.34767] * [] * 0 *   0
[0.38670, 0.80700, 0.00012, 0.01657, 0.00087, 0.00034, 0.00005, 0.00001, 0.00000, 0.00001, 0.00003, 0.00005] * [1.59801, 3.78429, 2.85533] * [] * 0 *   0
[0.63948, 0.96631, 0.00007, 0.00174, 0.00139, 0.00001, 0.00001, 0.00012, 0.00000, 0.00023, 0.00001, 0.00078] * [0.53058, 2.61405, 4.19554] * [] * 0 *   0
[0.00002, 0.00004, 0.00001, 0.00315, 0.00149, 0.00084, 0.00012, 0.71525, 0.00202, 0.00177, 0.00001, 0.00001] * [5.89665, 0.78341, 0.00018] * [] * 0 *   0
[0.03419, 0.51037, 0.00062, 0.00008, 0.00106, 0.00071, 0.00001, 0.00003, 0.00000, 0.00004, 0.00000, 0.00000] * [3.24936, 3.33364, 0.25025] * [] * 0 *   0
[0.14776, 1.00000, 0.00003, 0.01679, 0.02007, 0.00123, 0.00000, 0.00012, 0.00000, 0.00051, 0.00001, 0.00011] * [0.76161, 5.14857, 1.23017] * [] * 0 *   0
[0.38670, 0.80700, 0.00012, 0.01657, 0.00087, 0.00034, 0.00005, 0.00001, 0.00000, 0.00001, 0.00003, 0.00005] * [1.59801, 3.78429, 2.85533] * [] * 0 *   0
[0.00003, 0.00111, 0.00006, 0.00009, 0.00148, 0.00085, 0.02549, 0.00000, 0.00000, 0.00002, 0.00002, 0.00012] * [5.05461, 0.78943, 0.00021] * [] * 0 *   0
[0.13021, 1.00000, 0.00003, 0.02817, 0.00194, 0.00123, 0.00006, 0.00012, 0.00000, 0.00051, 0.00001, 0.00011] * [0.76630, 5.19451, 1.08916] * [] * 0 *   0
[0.40707, 0.51475, 0.00004, 0.00008, 0.45827, 0.00010, 0.00010, 0.00003, 0.00000, 0.00040, 0.00000, 0.00001] * [2.82610, 2.93330, 3.02906] * [] * 0 *   0
[0.11554, 0.00004, 0.00029, 0.00054, 0.00074, 0.00003, 0.00038, 0.00000, 0.00006, 0.00189, 0.00000, 0.03947] * [5.27044, 0.77005, 0.97742] * [] * 0 *   0
[0.08728, 0.53155, 0.00004, 0.00008, 0.00178, 0.00052, 0.00001, 0.00004, 0.00000, 0.00018, 0.00000, 0.00000] * [3.10300, 3.35373, 0.63037] * [] * 0 *   0
[0.46143, 0.76390, 0.00001, 0.00278, 0.00152, 0.00011, 0.00001, 0.00017, 0.00000, 0.00007, 0.00008, 0.00001] * [1.61979, 3.31028, 3.26384] * [] * 0 *   0
[0.05167, 1.00000, 0.00007, 0.00229, 0.00140, 0.00011, 0.00006, 0.00012, 0.00000, 0.00051, 0.00000, 0.00080] * [0.77973, 5.01304, 0.41271] * [] * 0 *   0
[0.08113, 0.52485, 0.00062, 0.00008, 0.00178, 0.00052, 0.00001, 0.00003, 0.00000, 0.00018, 0.00000, 0.00000] * [3.20770, 3.41138, 0.60000] * [] * 0 *   0
[0.00047, 0.04687, 0.00000, 0.00013, 0.00000, 0.00000, 0.00072, 0.00001, 0.00605, 0.05190, 0.00030, 0.00000] * [4.77619, 1.06348, 0.00364] * [] * 0 *   0
[0.00054, 0.48331, 0.00001, 0.00021, 0.00000, 0.00000, 0.00070, 0.00003, 0.00650, 0.00360, 0.00002, 0.00000] * [3.40961, 3.27147, 0.00404] * [] * 0 *   0
[0.51292, 0.99481, 0.00000, 0.00013, 0.00000, 0.00002, 0.00569, 0.00000, 0.04894, 0.00452, 0.00002, 0.00000] * [0.56361, 3.37079, 3.55921] * [] * 0 *   0
[0.43878, 0.85854, 0.00000, 0.00139, 0.00000, 0.00000, 0.00031, 0.00001, 0.00589, 0.00360, 0.00002, 0.00000] * [1.22654, 3.46101, 3.02586] * [] * 0 *   0
[0.47801, 0.55077, 0.00000, 0.00139, 0.00000, 0.00000, 0.00032, 0.00001, 0.00589, 0.00360, 0.00002, 0.00000] * [2.26674, 2.57060, 3.19830] * [] * 0 *   0
[0.00005, 0.41892, 0.00000, 0.00342, 0.00001, 0.00001, 0.00179, 0.00000, 0.02924, 0.00386, 0.00001, 0.00000] * [3.98265, 3.23945, 0.00039] * [] * 0 *   0
[0.48112, 0.62865, 0.00000, 0.00137, 0.00000, 0.00000, 0.00032, 0.00001, 0.00613, 0.00348, 0.00010, 0.00000] * [2.03367, 2.81480, 3.27250] * [] * 0 *   0
[0.46898, 0.35021, 0.00000, 0.00031, 0.00083, 0.00000, 0.00094, 0.00001, 0.00023, 0.00357, 0.00002, 0.00000] * [2.95410, 2.01596, 3.24380] * [] * 0 *   0
[0.48644, 0.64546, 0.00000, 0.00019, 0.00000, 0.00002, 0.00024, 0.00001, 0.04894, 0.00357, 0.00000, 0.00000] * [1.96494, 2.84380, 3.31242] * [] * 0 *   0
[0.50878, 0.00953, 0.00024, 0.00039, 0.00112, 0.00000, 0.00069, 0.00000, 0.00616, 0.00425, 0.00002, 0.00000] * [3.51533, 0.58787, 3.66384] * [] * 0 *   0
[0.44522, 0.12679, 0.00000, 0.00000, 0.00012, 0.00000, 0.00040, 0.00007, 0.00011, 0.00011, 0.00001, 0.00000] * [3.21114, 1.10448, 2.85648] * [] * 0 *   0
[0.50208, 0.73304, 0.00004, 0.00002, 0.00012, 0.00000, 0.00000, 0.00004, 0.00099, 0.00010, 0.00020, 0.00024] * [1.59222, 2.93879, 3.36430] * [] * 0 *   0
[0.70814, 0.43788, 0.00000, 0.00000, 0.00189, 0.00000, 0.01800, 0.00002, 0.00001, 0.00103, 0.00000, 0.00000] * [1.57456, 1.34966, 4.20205] * [] * 0 *   0
[0.50208, 0.73304, 0.00004, 0.00002, 0.00012, 0.00000, 0.00000, 0.00004, 0.00099, 0.00010, 0.00020, 0.00024] * [1.59222, 2.93879, 3.36430] * [] * 0 *   0
[0.21977, 0.00161, 0.00000, 0.00001, 0.00458, 0.00000, 0.00001, 0.20534, 0.00036, 0.00000, 0.00001, 0.00000] * [4.55644, 0.74510, 1.66033] * [] * 0 *   0
[0.44522, 0.12679, 0.00000, 0.00000, 0.00012, 0.00000, 0.00040, 0.00007, 0.00011, 0.00011, 0.00001, 0.00000] * [3.21114, 1.10448, 2.85648] * [] * 0 *   0
[0.00038, 0.00365, 0.00000, 0.00000, 0.00019, 0.00000, 0.52103, 0.00002, 0.00138, 0.00010, 0.00001, 0.00000] * [4.86711, 0.80436, 0.00291] * [] * 0 *   0
[0.97319, 0.28426, 0.00000, 0.00000, 0.00018, 0.00001, 0.00744, 0.00004, 0.00027, 0.00001, 0.00028, 0.00000] * [0.17228, 0.09828, 4.70684] * [] * 0 *   0
[0.21978, 0.74278, 0.00001, 0.00000, 0.00192, 0.00000, 0.00001, 0.00004, 0.00000, 0.00004, 0.00001, 0.00000] * [1.89366, 3.51742, 1.43662] * [] * 0 *   0
[0.17400, 0.74278, 0.00001, 0.00000, 0.00192, 0.00000, 0.00001, 0.00004, 0.00000, 0.00004, 0.00001, 0.00000] * [1.94871, 3.62496, 1.15370] * [] * 0 *   0
[0.14471, 0.00054, 0.00000, 0.00000, 0.06753, 0.00000, 0.00716, 0.00044, 0.00032, 0.00005, 0.00000, 0.00000] * [4.75329, 0.76521, 1.11360] * [] * 0 *   0
[0.52069, 0.99999, 0.00004, 0.00000, 0.00785, 0.00000, 0.00002, 0.00004, 0.04880, 0.00111, 0.00500, 0.00063] * [0.53518, 3.66941, 3.95740] * [] * 0 *   0
[0.37518, 0.99999, 0.00004, 0.00000, 0.00217, 0.00000, 0.00002, 0.00004, 0.00044, 0.00111, 0.00001, 0.00216] * [0.65016, 4.03048, 2.72956] * [] * 0 *   0
[0.00234, 0.00058, 0.00000, 0.00000, 0.00194, 0.00000, 0.00060, 0.00000, 0.00081, 0.00890, 0.00001, 0.00001] * [4.65571, 0.78510, 0.01734] * [] * 0 *   0
[0.53889, 0.98112, 0.00000, 0.00000, 0.00003, 0.00000, 0.00026, 0.00000, 0.00076, 0.01246, 0.05050, 0.00003] * [0.59519, 3.23993, 3.72341] * [] * 0 *   0
[0.17400, 0.14718, 0.00001, 0.00000, 0.00192, 0.00000, 0.00001, 0.00105, 0.00001, 0.00009, 0.00001, 0.00000] * [4.02496, 1.49427, 1.20355] * [] * 0 *   0
[0.04807, 0.99999, 0.00004, 0.00000, 0.00231, 0.00000, 0.00016, 0.00001, 0.00027, 0.00269, 0.00001, 0.00367] * [0.77996, 4.88556, 0.37424] * [] * 0 *   0
[0.53060, 0.96370, 0.00001, 0.00000, 0.00047, 0.00000, 0.00074, 0.00002, 0.00027, 0.04664, 0.00001, 0.00011] * [0.67667, 3.29184, 3.70032] * [] * 0 *   0
[0.32584, 0.27896, 0.00000, 0.00000, 0.00014, 0.00000, 0.00037, 0.00000, 0.00100, 0.04197, 0.00001, 0.00000] * [3.53461, 1.99019, 2.27875] * [] * 0 *   0
[0.58637, 0.47072, 0.00006, 0.00000, 0.00066, 0.00000, 0.00096, 0.00013, 0.00032, 0.00030, 0.00000, 0.00000] * [2.09096, 1.94461, 3.75834] * [] * 0 *   0
[0.14374, 0.01515, 0.00001, 0.00000, 0.00507, 0.00000, 0.00001, 0.00004, 0.00023, 0.00004, 0.00001, 0.00000] * [4.28819, 0.84099, 1.00377] * [] * 0 *   0
[0.49961, 0.97700, 0.00000, 0.00000, 0.00002, 0.00000, 0.00101, 0.00000, 0.00072, 0.00023, 0.05083, 0.00000] * [0.64935, 3.34776, 3.40598] * [] * 0 *   0
[0.32584, 0.98819, 0.00000, 0.00000, 0.00026, 0.00000, 0.00037, 0.00002, 0.00098, 0.00239, 0.00000, 0.00000] * [0.73678, 3.84586, 2.19975] * [] * 0 *   0
[0.62000, 0.74278, 0.00001, 0.00000, 0.00192, 0.00000, 0.00001, 0.00004, 0.00000, 0.00004, 0.00001, 0.00000] * [1.13755, 2.11606, 3.53513] * [] * 0 *   0
[0.00094, 0.98819, 0.00000, 0.00000, 0.00023, 0.00000, 0.00037, 0.00002, 0.00098, 0.00239, 0.00000, 0.00000] * [0.84498, 4.40629, 0.00661] * [] * 0 *   0
[0.00042, 0.07886, 0.00000, 0.00009, 0.00513, 0.00000, 0.00004, 0.00000, 0.00193, 0.00014, 0.00000, 0.00000] * [4.42534, 1.21534, 0.00302] * [] * 0 *   0
[0.14467, 0.01198, 0.00001, 0.00000, 0.00003, 0.00000, 0.00001, 0.00004, 0.03346, 0.00004, 0.00001, 0.00000] * [4.27523, 0.82379, 1.00676] * [] * 0 *   0
[0.01573, 0.06409, 0.00000, 0.00000, 0.00017, 0.00000, 0.00085, 0.00002, 0.00138, 0.00012, 0.00000, 0.00000] * [4.28023, 1.11760, 0.10930] * [] * 0 *   0
[0.32038, 0.49714, 0.00000, 0.00000, 0.00609, 0.00000, 0.00149, 0.00001, 0.00021, 0.00006, 0.00000, 0.00005] * [2.86532, 2.84522, 2.22304] * [] * 0 *   0
[0.50208, 0.73304, 0.00004, 0.00002, 0.00012, 0.00000, 0.00000, 0.00004, 0.00099, 0.00010, 0.00020, 0.00024] * [1.59222, 2.93879, 3.36430] * [] * 0 *   0
[0.53889, 0.98112, 0.00000, 0.00000, 0.00003, 0.00000, 0.00026, 0.00000, 0.00076, 0.01246, 0.05050, 0.00003] * [0.59519, 3.23993, 3.72341] * [] * 0 *   0
[0.76549, 0.78554, 0.00005, 0.00000, 0.00059, 0.00000, 0.00101, 0.00013, 0.00032, 0.00008, 0.00001, 0.00000] * [0.70327, 1.52019, 4.33954] * [] * 0 *   0
[0.32584, 0.27896, 0.00000, 0.00000, 0.00014, 0.00000, 0.00037, 0.00000, 0.00100, 0.04197, 0.00001, 0.00000] * [3.53461, 1.99019, 2.27875] * [] * 0 *   0
[0.63448, 0.02787, 0.00004, 0.00000, 0.00225, 0.00000, 0.00017, 0.00102, 0.00100, 0.00005, 0.00070, 0.00000] * [2.61871, 0.51636, 4.12631] * [] * 0 *   0
[0.00042, 0.00311, 0.00000, 0.00014, 0.00194, 0.00000, 0.00060, 0.00000, 0.00081, 0.00890, 0.00001, 0.00001] * [4.81059, 0.80067, 0.00321] * [] * 0 *   0
[0.58226, 0.00054, 0.00000, 0.00000, 0.00004, 0.00000, 0.00716, 0.00044, 0.00032, 0.01295, 0.00000, 0.00003] * [2.95253, 0.47913, 3.88456] * [] * 0 *   0
[0.21768, 0.00250, 0.00009, 0.00000, 0.00091, 0.00001, 0.00148, 0.00004, 0.00100, 0.00006, 0.00000, 0.00000] * [4.44318, 0.75043, 1.60381] * [] * 0 *   0
[0.02115, 0.31086, 0.00000, 0.00000, 0.00188, 0.00000, 0.00012, 0.00000, 0.00000, 0.00890, 0.00000, 0.00001] * [3.74072, 2.32306, 0.14633] * [] * 0 *   0
[0.00048, 0.42429, 0.00001, 0.00000, 0.00023, 0.00000, 0.00037, 0.00002, 0.79588, 0.00009, 0.00000, 0.00000] * [3.75674, 3.10611, 0.00366] * [] * 0 *   0
[0.52530, 0.98112, 0.00000, 0.00000, 0.00019, 0.00000, 0.00037, 0.00000, 0.00076, 0.01246, 0.05083, 0.00000] * [0.61000, 3.33621, 3.67240] * [] * 0 *   0
[0.00340, 0.31086, 0.00000, 0.00000, 0.00658, 0.00000, 0.00060, 0.00000, 0.00033, 0.00890, 0.00001, 0.00001] * [4.08011, 2.50357, 0.02554] * [] * 0 *   0
[0.14374, 0.01515, 0.00001, 0.00000, 0.00507, 0.00000, 0.00001, 0.00004, 0.00023, 0.00004, 0.00001, 0.00000] * [4.28819, 0.84099, 1.00377] * [] * 0 *   0
[0.52530, 0.97727, 0.00000, 0.00000, 0.00002, 0.00000, 0.00110, 0.00000, 0.00072, 0.01246, 0.05083, 0.00000] * [0.62530, 3.31139, 3.64900] * [] * 0 *   0
[0.68836, 0.08087, 0.00000, 0.00000, 0.00118, 0.00000, 0.00002, 0.00001, 0.00001, 0.00023, 0.00000, 0.00011] * [1.98147, 0.56397, 3.86683] * [] * 0 *   0
[0.57767, 0.01067, 0.00000, 0.00000, 0.00229, 0.00000, 0.00148, 0.00002, 0.00137, 0.00006, 0.00000, 0.00004] * [2.85601, 0.51918, 3.71415] * [] * 0 *   0
[0.21976, 0.29022, 0.00000, 0.00000, 0.00234, 0.00001, 0.00134, 0.00004, 0.00100, 0.00067, 0.00000, 0.00000] * [3.90985, 2.26217, 1.62433] * [] * 0 *   0
[0.40562, 0.00027, 0.00003, 0.00005, 0.00069, 0.00028, 0.02126, 0.00052, 0.00005, 0.00000, 0.00005, 0.00001] * [4.08691, 0.63023, 3.06052] * [] * 0 *   0
[0.15617, 0.00024, 0.05548, 0.00044, 0.00097, 0.00916, 0.01617, 0.00005, 0.00004, 0.00007, 0.00003, 0.00000] * [5.49283, 0.76123, 1.38828] * [] * 0 *   0
[0.01132, 0.29982, 0.00003, 0.00004, 0.00006, 0.00036, 0.00006, 0.00482, 0.00004, 0.00000, 0.00005, 0.00004] * [4.19946, 2.49078, 0.08682] * [] * 0 *   0
[0.20600, 0.00284, 0.00000, 0.00003, 0.00003, 0.00035, 0.00045, 0.00079, 0.01340, 0.00000, 0.00006, 0.00000] * [4.63724, 0.75806, 1.57587] * [] * 0 *   0
[0.27633, 0.00015, 0.02477, 0.00002, 0.00059, 0.00012, 0.00001, 0.00008, 0.00085, 0.00001, 0.00006, 0.00003] * [4.62715, 0.71072, 2.16999] * [] * 0 *   0
[0.00018, 1.00000, 0.02365, 0.00001, 0.00011, 0.05582, 0.72964, 0.00000, 0.02394, 0.00003, 0.00005, 0.01144] * [0.78351, 6.43026, 0.00182] * [] * 0 *   0
[0.00027, 0.20088, 0.00000, 0.00037, 0.00630, 0.00014, 0.00000, 0.00006, 0.00008, 0.00000, 0.00022, 0.00004] * [4.39983, 1.92980, 0.00207] * [] * 0 *   0
[0.10650, 0.00029, 0.00001, 0.00103, 0.00002, 0.00014, 0.00007, 0.00000, 0.00012, 0.00004, 0.01004, 0.00003] * [4.84537, 0.77300, 0.82858] * [] * 0 *   0
[0.11523, 0.00029, 0.00001, 0.00107, 0.00002, 0.00014, 0.00007, 0.05905, 0.00006, 0.00004, 0.00998, 0.00003] * [5.27384, 0.77185, 0.97540] * [] * 0 *   0
[0.15012, 0.00015, 0.02477, 0.00002, 0.00011, 0.00013, 0.00001, 0.00008, 0.00085, 0.00001, 0.00006, 0.16036] * [5.36748, 0.76220, 1.30266] * [] * 0 *   0
[0.14956, 0.00029, 0.00003, 0.00003, 0.00012, 0.00013, 0.00014, 0.00031, 0.00006, 0.00005, 0.00006, 0.13369] * [5.11742, 0.76297, 1.23840] * [] * 0 *   0
[0.14337, 0.00029, 0.00003, 0.00002, 0.00006, 0.00017, 0.00014, 0.00000, 0.00547, 0.00005, 0.00005, 0.23052] * [5.19140, 0.76480, 1.20218] * [] * 0 *   0
[0.04737, 0.99950, 0.00000, 0.00000, 0.00202, 0.00018, 0.00001, 0.00011, 0.00006, 0.00000, 0.00137, 0.00003] * [0.78249, 4.63590, 0.35045] * [] * 0 *   0
[0.00027, 0.20088, 0.00000, 0.00037, 0.00630, 0.00014, 0.00000, 0.00006, 0.00008, 0.00000, 0.00022, 0.00004] * [4.39983, 1.92980, 0.00207] * [] * 0 *   0
[0.03808, 0.47950, 0.00001, 0.00007, 0.00005, 0.00013, 0.00012, 0.00012, 0.00001, 0.00000, 0.00070, 0.00003] * [3.34442, 3.17978, 0.27639] * [] * 0 *   0
[0.03808, 0.47950, 0.00001, 0.00007, 0.00005, 0.00013, 0.00012, 0.00012, 0.00001, 0.00000, 0.00070, 0.00003] * [3.34442, 3.17978, 0.27639] * [] * 0 *   0
[0.27633, 0.00015, 0.02477, 0.00002, 0.00059, 0.00012, 0.00001, 0.00008, 0.00085, 0.00001, 0.00006, 0.00003] * [4.62715, 0.71072, 2.16999] * [] * 0 *   0
[0.00008, 0.24266, 0.00002, 0.00037, 0.00630, 0.00014, 0.00000, 0.00006, 0.00008, 0.00002, 0.00010, 0.00005] * [4.40594, 2.20076, 0.00058] * [] * 0 *   0
[0.00008, 0.00048, 0.00048, 0.04408, 0.00621, 0.00013, 0.00000, 0.00008, 0.00434, 0.00000, 0.00023, 0.00005] * [5.44785, 0.78613, 0.00065] * [] * 0 *   0
[0.01014, 0.64364, 0.00000, 0.00001, 0.00000, 0.00083, 0.00012, 0.00012, 0.00003, 0.00000, 0.00000, 0.00125] * [2.59002, 3.70860, 0.07207] * [] * 0 *   0
[0.00064, 0.00049, 0.00015, 0.00001, 0.00202, 0.00081, 0.00001, 0.00010, 0.00006, 0.00000, 0.00008, 0.00004] * [4.79599, 0.78490, 0.00487] * [] * 0 *   0
[0.15012, 0.00015, 0.02477, 0.00002, 0.00011, 0.00013, 0.00001, 0.00008, 0.00085, 0.00001, 0.00006, 0.16036] * [5.36748, 0.76220, 1.30266] * [] * 0 *   0
[0.00028, 0.35503, 0.02445, 0.00002, 0.00225, 0.00004, 0.00001, 0.00011, 0.00006, 0.00000, 0.00002, 0.00004] * [4.10798, 2.83056, 0.00222] * [] * 0 *   0
[0.03808, 0.47950, 0.00001, 0.00007, 0.00005, 0.00013, 0.00012, 0.00012, 0.00001, 0.00000, 0.00070, 0.00003] * [3.34442, 3.17978, 0.27639] * [] * 0 *   0
[0.00028, 0.00096, 0.00005, 0.00002, 0.23127, 0.00013, 0.00001, 0.00012, 0.00006, 0.00000, 0.00002, 0.00004] * [4.97630, 0.78824, 0.00224] * [] * 0 *   0
[0.24846, 0.00077, 0.00003, 0.00001, 0.00200, 0.00013, 0.00001, 0.00000, 0.00571, 0.00000, 0.01246, 0.00007] * [4.52684, 0.72770, 1.88619] * [] * 0 *   0
[0.02440, 0.00049, 0.00015, 0.00001, 0.00010, 0.00081, 0.00001, 0.00010, 0.00006, 0.00000, 0.00009, 0.00176] * [4.82653, 0.78440, 0.18749] * [] * 0 *   0
[0.00028, 0.99992, 0.00000, 0.00002, 0.77151, 0.00018, 0.00001, 0.00011, 0.00076, 0.00000, 0.00143, 0.00005] * [0.78314, 5.31557, 0.00239] * [] * 0 *   0
[0.03808, 0.47950, 0.00001, 0.00007, 0.00005, 0.00013, 0.00012, 0.00012, 0.00001, 0.00000, 0.00070, 0.00003] * [3.34442, 3.17978, 0.27639] * [] * 0 *   0
[0.06382, 0.00029, 0.00238, 0.00001, 0.00221, 0.00063, 0.00001, 0.00000, 0.00011, 0.00000, 0.00010, 0.00005] * [4.79961, 0.77984, 0.48913] * [] * 0 *   0
[0.46484, 0.00086, 0.00001, 0.00005, 0.00060, 0.00045, 0.00012, 0.00010, 0.00009, 0.00017, 0.00010, 0.00012] * [3.71619, 0.58686, 3.36801] * [] * 0 *   0
[0.00006, 0.41642, 0.00038, 0.00002, 0.05249, 0.00004, 0.00014, 0.00011, 0.00004, 0.00000, 0.00002, 0.00004] * [3.86936, 3.13210, 0.00048] * [] * 0 *   0
[0.00028, 0.99950, 0.00000, 0.00002, 0.00202, 0.00018, 0.00001, 0.00011, 0.00006, 0.00000, 0.00142, 0.00004] * [0.78490, 4.75355, 0.00214] * [] * 0 *   0
[0.00028, 0.41642, 0.02445, 0.00002, 0.00013, 0.00004, 0.00014, 0.00011, 0.00006, 0.00000, 0.00002, 0.00004] * [3.85092, 3.11797, 0.00220] * [] * 0 *   0
[0.15462, 0.50371, 0.00000, 0.00002, 0.00010, 0.00017, 0.00000, 0.00011, 0.00006, 0.00000, 0.03593, 0.00004] * [3.28455, 3.31498, 1.15621] * [] * 0 *   0
[0.37442, 0.64364, 0.00000, 0.00001, 0.00000, 0.03776, 0.00012, 0.00012, 0.00002, 0.00000, 0.00054, 0.00004] * [2.29048, 3.30188, 2.67980] * [] * 0 *   0
[0.28938, 0.50232, 0.00000, 0.00001, 0.00000, 0.00016, 0.00001, 0.00012, 0.00002, 0.00000, 0.00609, 0.00004] * [2.89011, 2.90657, 2.00308] * [] * 0 *   0
[0.65303, 0.00649, 0.00000, 0.01012, 0.00000, 0.00002, 0.00006, 0.00006, 0.00012, 0.00008, 0.00175, 0.00001] * [2.47320, 0.42542, 4.13926] * [] * 0 *   0
[0.00216, 0.99958, 0.00000, 0.00183, 0.00000, 0.00003, 0.00004, 0.00018, 0.00000, 0.00168, 0.00415, 0.00004] * [0.78471, 4.90154, 0.01683] * [] * 0 *   0
[0.00189, 0.58447, 0.00001, 0.00011, 0.00000, 0.00002, 0.04743, 0.00002, 0.00002, 0.00010, 0.00034, 0.00013] * [3.12397, 3.86786, 0.01475] * [] * 0 *   0
[0.00013, 0.64731, 0.00004, 0.00162, 0.00000, 0.00003, 0.00132, 0.00001, 0.00002, 0.00007, 0.00174, 0.00003] * [2.78077, 4.05536, 0.00103] * [] * 0 *   0
[0.16540, 0.01149, 0.00003, 0.00137, 0.00000, 0.00003, 0.00001, 0.00004, 0.00001, 0.00037, 0.00181, 0.00012] * [4.61007, 0.82184, 1.24478] * [] * 0 *   0
[0.33202, 0.77323, 0.00000, 0.00209, 0.00000, 0.00002, 0.00001, 0.00102, 0.00000, 0.00009, 0.00035, 0.00013] * [1.79328, 3.75382, 2.39043] * [] * 0 *   0
[0.37307, 0.40355, 0.00006, 0.00160, 0.00001, 0.00007, 0.00001, 0.00001, 0.00063, 0.00159, 0.00042, 0.00000] * [3.25711, 2.55092, 2.74622] * [] * 0 *   0
[0.00111, 0.69825, 0.00001, 0.00007, 0.00002, 0.00003, 0.00003, 0.00019, 0.00002, 0.00022, 0.00498, 0.00004] * [2.50441, 4.20020, 0.00853] * [] * 0 *   0
[0.48329, 0.00506, 0.00000, 0.00185, 0.00000, 0.00002, 0.00001, 0.00006, 0.00012, 0.01886, 0.00175, 0.00001] * [3.54894, 0.58988, 3.41359] * [] * 0 *   0
[0.21051, 0.42438, 0.00000, 0.01031, 0.00001, 0.00003, 0.00001, 0.00834, 0.00000, 0.00168, 0.00039, 0.00004] * [3.73116, 3.07845, 1.66048] * [] * 0 *   0
[0.16540, 0.01149, 0.00003, 0.00137, 0.00000, 0.00003, 0.00001, 0.00004, 0.00001, 0.00037, 0.00181, 0.00012] * [4.61007, 0.82184, 1.24478] * [] * 0 *   0
[0.10194, 0.44712, 0.00001, 0.00059, 0.00000, 0.00201, 0.00001, 0.00048, 0.00021, 0.00000, 0.00004, 0.00018] * [3.59666, 3.15123, 0.77230] * [] * 0 *   0
[0.24015, 0.00005, 0.00040, 0.00101, 0.00002, 0.00294, 0.00001, 0.00000, 0.00015, 0.00001, 0.00036, 0.00007] * [4.61969, 0.72751, 1.85289] * [] * 0 *   0
[0.06678, 0.00011, 0.00000, 0.00075, 0.00000, 0.00279, 0.00001, 0.00001, 0.00490, 0.00266, 0.00006, 0.04218] * [5.39609, 0.77918, 0.57404] * [] * 0 *   0
[0.80739, 0.28257, 0.00001, 0.00124, 0.00000, 0.00000, 0.00001, 0.00001, 0.04151, 0.00003, 0.00005, 0.00005] * [1.24322, 0.70374, 4.57686] * [] * 0 *   0
[0.30267, 0.00285, 0.00002, 0.00010, 0.00001, 0.00014, 0.00053, 0.00001, 0.00482, 0.00019, 0.00011, 0.00046] * [4.48741, 0.71173, 2.33906] * [] * 0 *   0
[0.54980, 0.93502, 0.00000, 0.00058, 0.00028, 0.00013, 0.00021, 0.00001, 0.00008, 0.00014, 0.00029, 0.00076] * [0.77137, 3.18726, 3.83714] * [] * 0 *   0
[0.11920, 0.99999, 0.00009, 0.00010, 0.00004, 0.00009, 0.00062, 0.00001, 0.00034, 0.00013, 0.00008, 0.00126] * [0.76866, 4.93905, 0.94704] * [] * 0 *   0
[0.36482, 0.54965, 0.00002, 0.00066, 0.00113, 0.00015, 0.00062, 0.00001, 0.00000, 0.00018, 0.00008, 0.00145] * [2.84165, 3.22257, 2.77249] * [] * 0 *   0
[0.22489, 0.99998, 0.00010, 0.00400, 0.05691, 0.00014, 0.00062, 0.00001, 0.00001, 0.00014, 0.00016, 0.00036] * [0.73458, 5.12623, 1.90950] * [] * 0 *   0
[0.00001, 0.00004, 0.74651, 0.00033, 0.38739, 0.00001, 0.00014, 0.00001, 0.00011, 0.00002, 0.00068, 0.00631] * [6.14694, 0.78365, 0.00006] * [] * 0 *   0
[0.00023, 0.86980, 0.00021, 0.00004, 0.00065, 0.00000, 0.00011, 0.00000, 0.00010, 0.00006, 0.00002, 0.00006] * [1.51468, 4.44969, 0.00172] * [] * 0 *   0
[0.18386, 0.00005, 0.00282, 0.00004, 0.00435, 0.00000, 0.00010, 0.00002, 0.00001, 0.00005, 0.00069, 0.00023] * [4.80479, 0.75020, 1.44484] * [] * 0 *   0
[0.31050, 0.08679, 0.00028, 0.00004, 0.00011, 0.00000, 0.00033, 0.00008, 0.00007, 0.00006, 0.00000, 0.00006] * [4.02717, 1.12941, 2.21879] * [] * 0 *   0
[0.43607, 0.03322, 0.00873, 0.00003, 0.00024, 0.00004, 0.00002, 0.00000, 0.00002, 0.00009, 0.00035, 0.00007] * [3.73319, 0.76147, 3.11249] * [] * 0 *   0
[0.43066, 0.78107, 0.00020, 0.00004, 0.00065, 0.00000, 0.00011, 0.00000, 0.00008, 0.00048, 0.00010, 0.00006] * [1.58823, 3.41519, 3.02389] * [] * 0 *   0
[0.77155, 0.83624, 0.00020, 0.00004, 0.00063, 0.00000, 0.00011, 0.00000, 0.00001, 0.00006, 0.00014, 0.00006] * [0.59693, 1.54160, 4.40736] * [] * 0 *   0
[0.26751, 0.00685, 0.00040, 0.00004, 0.00226, 0.00019, 0.00002, 0.00000, 0.00005, 0.00005, 0.00005, 0.00016] * [4.43783, 0.75215, 2.01115] * [] * 0 *   0
[0.58851, 0.83624, 0.00020, 0.00004, 0.00063, 0.00000, 0.00011, 0.00000, 0.00002, 0.00006, 0.00014, 0.00006] * [1.02771, 2.65894, 3.77822] * [] * 0 *   0
[0.43607, 0.03322, 0.00873, 0.00003, 0.00024, 0.00004, 0.00002, 0.00000, 0.00002, 0.00009, 0.00035, 0.00007] * [3.73319, 0.76147, 3.11249] * [] * 0 *   0
[0.44351, 0.39429, 0.00038, 0.00011, 0.00066, 0.00000, 0.00015, 0.00000, 0.00006, 0.00006, 0.00012, 0.00006] * [2.95750, 2.26484, 3.11640] * [] * 0 *   0
[0.58098, 0.87634, 0.00325, 0.00004, 0.00007, 0.00013, 0.00003, 0.00000, 0.00002, 0.00059, 0.00003, 0.00006] * [0.92777, 2.84729, 3.87289] * [] * 0 *   0
[1.00000, 0.23884, 0.00004, 0.00010, 0.00005, 0.00006, 0.00000, 0.00000, 0.02734, 0.00102, 0.02012, 0.04035] * [0.00002, 0.00001, 5.64505] * [] * 0 *   0
[1.00000, 0.36537, 0.00004, 0.00009, 0.00005, 0.00006, 0.00000, 0.00000, 0.00233, 0.00102, 0.02012, 0.00017] * [0.00002, 0.00001, 5.18537] * [] * 0 *   0
[0.49332, 0.00009, 0.00011, 0.00004, 0.00001, 0.00000, 0.00020, 0.00001, 0.00129, 0.00003, 0.00901, 0.01367] * [3.70141, 0.55950, 3.66569] * [] * 0 *   0
[0.00151, 0.00022, 0.00010, 0.00002, 0.00001, 0.00000, 0.00001, 0.00001, 0.00443, 0.05071, 0.02301, 0.00007] * [5.28742, 0.78403, 0.01272] * [] * 0 *   0
[0.00478, 0.00023, 0.00014, 0.00005, 0.00002, 0.00000, 0.00001, 0.00000, 0.00130, 0.00000, 0.70680, 0.00007] * [5.05113, 0.78374, 0.03841] * [] * 0 *   0
[0.36283, 0.00002, 0.00056, 0.00008, 0.00003, 0.00000, 0.00001, 0.00001, 0.00099, 0.00013, 0.00039, 0.00004] * [4.02077, 0.65844, 2.61113] * [] * 0 *   0
[0.00031, 0.00023, 0.00026, 0.00005, 0.00002, 0.00000, 0.00001, 0.00000, 0.02076, 0.00000, 0.70680, 0.00007] * [5.24457, 0.78405, 0.00260] * [] * 0 *   0
[0.34171, 0.00094, 0.00022, 0.00122, 0.00070, 0.00000, 0.00000, 0.00001, 0.00145, 0.00012, 0.00059, 0.00005] * [4.27956, 0.67728, 2.57818] * [] * 0 *   0
[0.00000, 0.62527, 0.00638, 0.00001, 0.00006, 0.00026, 0.00006, 0.04251, 0.00035, 0.00001, 0.00087, 0.00001] * [3.17701, 4.40472, 0.00000] * [] * 0 *   0
[0.00000, 0.62527, 0.00638, 0.00001, 0.00006, 0.00026, 0.00006, 0.04251, 0.00035, 0.00001, 0.00087, 0.00001] * [3.17701, 4.40472, 0.00000] * [] * 0 *   0
[0.00000, 0.46774, 0.00134, 0.00000, 0.00005, 0.00001, 0.00037, 0.00068, 0.00040, 0.00000, 0.02451, 0.00003] * [3.81493, 3.51495, 0.00003] * [] * 0 *   0
[0.61570, 0.90901, 0.00001, 0.00000, 0.00005, 0.00002, 0.00005, 0.00056, 0.00039, 0.00001, 0.00238, 0.00002] * [0.74499, 2.62416, 3.95616] * [] * 0 *   0
[0.14701, 0.99999, 0.00004, 0.00011, 0.00004, 0.00001, 0.00263, 0.00001, 0.03661, 0.00000, 0.00187, 0.00019] * [0.76177, 5.06983, 1.20540] * [] * 0 *   0
[0.00000, 0.45402, 0.13714, 0.00000, 0.00006, 0.00588, 0.00004, 0.01303, 0.03906, 0.00001, 0.00597, 0.00001] * [4.51797, 4.00381, 0.00000] * [] * 0 *   0
[0.63042, 0.95936, 0.00000, 0.00000, 0.00006, 0.00001, 0.00007, 0.00014, 0.00057, 0.00001, 0.20711, 0.00001] * [0.56703, 2.68826, 4.18855] * [] * 0 *   0
[0.45484, 0.02068, 0.00010, 0.00000, 0.00005, 0.00001, 0.00007, 0.00014, 0.00057, 0.00001, 0.00609, 0.00001] * [3.60604, 0.68400, 3.18330] * [] * 0 *   0
[0.00000, 0.62527, 0.00638, 0.00001, 0.00006, 0.00026, 0.00006, 0.04251, 0.00035, 0.00001, 0.00087, 0.00001] * [3.17701, 4.40472, 0.00000] * [] * 0 *   0
[0.00000, 0.23660, 0.00638, 0.00001, 0.28186, 0.00026, 0.00006, 0.00558, 0.00035, 0.00001, 0.00207, 0.00004] * [5.31590, 2.51561, 0.00000] * [] * 0 *   0
[0.00000, 0.36742, 0.13855, 0.00000, 0.00006, 0.00578, 0.00007, 0.01303, 0.03906, 0.00001, 0.00969, 0.00001] * [4.98448, 3.49377, 0.00000] * [] * 0 *   0
[0.00000, 0.45402, 0.13714, 0.00000, 0.00006, 0.00588, 0.00004, 0.01303, 0.03906, 0.00001, 0.00597, 0.00001] * [4.51797, 4.00381, 0.00000] * [] * 0 *   0
[0.00000, 0.99750, 0.00134, 0.00001, 0.00005, 0.00001, 0.00037, 0.00068, 0.00040, 0.00000, 0.02451, 0.00003] * [0.79899, 5.19294, 0.00003] * [] * 0 *   0
[0.00000, 0.52805, 0.04364, 0.00001, 0.00004, 0.00001, 0.00047, 0.00203, 0.00112, 0.00237, 0.00152, 0.00003] * [3.86279, 4.15389, 0.00001] * [] * 0 *   0
[0.00000, 0.62527, 0.00638, 0.00001, 0.00006, 0.00026, 0.00006, 0.04251, 0.00035, 0.00001, 0.00087, 0.00001] * [3.17701, 4.40472, 0.00000] * [] * 0 *   0
[0.00000, 0.00190, 0.00075, 0.00000, 0.00006, 0.00009, 0.25209, 0.01296, 0.00017, 0.00001, 0.00969, 0.00001] * [5.67752, 0.79693, 0.00000] * [] * 0 *   0
[0.00000, 0.02045, 0.00157, 0.00001, 0.00005, 0.02037, 0.00029, 0.00731, 0.00035, 0.00001, 0.00087, 0.00005] * [5.49791, 0.92808, 0.00000] * [] * 0 *   0
[0.00000, 0.99959, 0.01765, 0.11993, 0.00006, 0.00070, 0.00029, 0.04622, 0.02375, 0.92248, 0.00389, 0.04175] * [0.78811, 7.45792, 0.00001] * [] * 0 *   0
[0.19848, 0.99999, 0.00004, 0.00011, 0.00004, 0.00001, 0.00047, 0.00001, 0.25354, 0.00000, 0.00187, 0.00995] * [0.74508, 5.21577, 1.69805] * [] * 0 *   0
[0.45484, 0.00289, 0.00002, 0.00000, 0.00006, 0.00000, 0.00007, 0.00029, 0.00035, 0.00078, 0.01050, 0.00001] * [3.67091, 0.60409, 3.22663] * [] * 0 *   0
[0.00000, 0.99414, 0.85190, 0.05210, 0.00004, 0.00002, 0.11966, 0.03420, 0.00035, 0.00218, 0.01699, 0.00003] * [0.83836, 6.92038, 0.00000] * [] * 0 *   0
[0.40187, 0.41836, 0.00000, 0.00026, 0.00052, 0.00002, 0.00083, 0.00000, 0.00029, 0.00055, 0.00001, 0.00061] * [3.10009, 2.52267, 2.92183] * [] * 0 *   0
[0.42828, 0.00012, 0.00035, 0.00149, 0.00005, 0.00002, 0.00037, 0.00000, 0.00262, 0.00036, 0.00000, 0.00031] * [3.91598, 0.61242, 3.15792] * [] * 0 *   0
[0.18988, 0.00021, 0.00062, 0.00041, 0.00005, 0.00006, 0.00009, 0.00000, 0.00258, 0.04052, 0.00000, 0.00031] * [5.04776, 0.74937, 1.56886] * [] * 0 *   0
[0.59951, 0.00178, 0.01613, 0.00002, 0.00001, 0.00006, 0.00039, 0.00000, 0.00155, 0.00016, 0.00001, 0.00031] * [2.96514, 0.46698, 4.12474] * [] * 0 *   0
