[0.52029, 0.06742, 0.50004, 0.49962, 0.50005, 0.50023, 0.49996] * [0.01825, 0.25240, 0.24953] * [] * 0.00000 *   0
[0.51182, 0.73191, 0.50004, 0.49962, 0.50005, 0.50023, 0.49996] * [0.19486, 0.07137, 0.25394] * [] * 0.00000 *   0
[0.53435, 0.10700, 0.50004, 0.49962, 0.50005, 0.50023, 0.50001] * [0.02973, 0.24816, 0.24216] * [] * 0.00000 *   0
[0.94153, 0.09072, 0.50004, 0.49962, 0.50005, 0.50023, 0.50002] * [0.04442, 0.44521, 0.03041] * [] * 0.00000 *   0
[0.37831, 0.38852, 0.50004, 0.49962, 0.50005, 0.50023, 0.50001] * [0.07643, 0.12030, 0.32329] * [] * 0.00000 *   0
[0.42116, 0.00980, 0.50004, 0.49962, 0.50005, 0.50023, 0.50001] * [0.00215, 0.21687, 0.30102] * [] * 0.00000 *   0
[0.05279, 0.18315, 0.50004, 0.49962, 0.50005, 0.50023, 0.49996] * [0.00503, 0.02243, 0.49272] * [] * 0.00000 *   0
[0.03055, 0.95890, 0.50004, 0.49962, 0.50005, 0.50023, 0.50001] * [0.01523, 0.00065, 0.50413] * [] * 0.00000 *   0
[0.30149, 0.22656, 0.50004, 0.49962, 0.50005, 0.50023, 0.49996] * [0.03553, 0.12130, 0.36336] * [] * 0.00000 *   0
[0.05279, 0.16951, 0.50004, 0.49962, 0.50005, 0.50023, 0.50001] * [0.00465, 0.02280, 0.49255] * [] * 0.00000 *   0
[0.83458, 0.11306, 0.50004, 0.49962, 0.50005, 0.50023, 0.49996] * [0.04908, 0.38506, 0.08605] * [] * 0.00000 *   0
[0.24960, 0.69075, 0.50004, 0.49962, 0.50005, 0.50023, 0.49996] * [0.08969, 0.04016, 0.39039] * [] * 0.00000 *   0
[0.69773, 0.91391, 0.50004, 0.49962, 0.50005, 0.50023, 0.50001] * [0.33159, 0.03124, 0.15719] * [] * 0.00000 *   0
[0.44437, 0.10134, 0.50004, 0.49962, 0.50005, 0.50023, 0.49996] * [0.02343, 0.20773, 0.28903] * [] * 0.00000 *   0
[0.21145, 0.72000, 0.50004, 0.49962, 0.50005, 0.50023, 0.49996] * [0.07920, 0.03080, 0.41021] * [] * 0.00000 *   0
[0.69503, 0.91391, 0.50004, 0.49962, 0.50005, 0.50023, 0.49996] * [0.33043, 0.03113, 0.15865] * [] * 0.00000 *   0
[0.69984, 0.91391, 0.50004, 0.49962, 0.50005, 0.50023, 0.50001] * [0.33260, 0.03133, 0.15609] * [] * 0.00000 *   0
[0.16803, 0.05926, 0.50004, 0.49962, 0.50005, 0.50023, 0.50001] * [0.00518, 0.08220, 0.43267] * [] * 0.00000 *   0
[0.02074, 0.27624, 0.50004, 0.49962, 0.50005, 0.50023, 0.50001] * [0.00298, 0.00780, 0.50921] * [] * 0.00000 *   0
[0.04731, 0.09678, 0.50004, 0.49962, 0.50005, 0.50023, 0.49996] * [0.00238, 0.02223, 0.49558] * [] * 0.00000 *   0
[0.45341, 0.67264, 0.50004, 0.49962, 0.50005, 0.50023, 0.50001] * [0.15860, 0.07719, 0.28425] * [] * 0.00000 *   0
[0.21311, 0.86305, 0.50004, 0.49962, 0.50005, 0.50023, 0.50001] * [0.09565, 0.01518, 0.40922] * [] * 0.00000 *   0
[0.20979, 0.66963, 0.50004, 0.49962, 0.50005, 0.50023, 0.49996] * [0.07308, 0.03605, 0.41106] * [] * 0.00000 *   0
[0.05347, 0.93182, 0.50004, 0.49962, 0.50005, 0.50023, 0.50001] * [0.02591, 0.00190, 0.49225] * [] * 0.00000 *   0
[0.51182, 0.47311, 0.50004, 0.49962, 0.50005, 0.50023, 0.50001] * [0.12592, 0.14023, 0.25386] * [] * 0.00000 *   0
[0.45341, 0.68279, 0.50004, 0.49962, 0.50005, 0.50023, 0.50001] * [0.16099, 0.07479, 0.28423] * [] * 0.00000 *   0
[0.16602, 0.18433, 0.50004, 0.49962, 0.50005, 0.50023, 0.50001] * [0.01591, 0.07042, 0.43369] * [] * 0.00000 *   0
[0.20173, 0.65851, 0.50004, 0.49962, 0.50005, 0.50023, 0.49996] * [0.06910, 0.03584, 0.41527] * [] * 0.00000 *   0
[0.16477, 0.00981, 0.50004, 0.49962, 0.50005, 0.50023, 0.50001] * [0.00084, 0.08484, 0.43432] * [] * 0.00000 *   0
[0.17570, 0.45836, 0.50004, 0.49962, 0.50005, 0.50023, 0.50001] * [0.04188, 0.04949, 0.42867] * [] * 0.00000 *   0
[0.23777, 0.02224, 0.50004, 0.49962, 0.50005, 0.50023, 0.49996] * [0.00275, 0.12093, 0.39648] * [] * 0.00000 *   0
[0.42116, 0.01136, 0.50004, 0.49962, 0.50005, 0.50023, 0.50001] * [0.00249, 0.21654, 0.30103] * [] * 0.00000 *   0
[0.54291, 0.06973, 0.50004, 0.49962, 0.50005, 0.50023, 0.50001] * [0.01969, 0.26265, 0.23771] * [] * 0.00000 *   0
[0.02267, 0.27624, 0.50004, 0.49962, 0.50005, 0.50023, 0.50001] * [0.00326, 0.00853, 0.50820] * [] * 0.00000 *   0
[0.31002, 0.04854, 0.50004, 0.49962, 0.50005, 0.50023, 0.50001] * [0.00783, 0.15340, 0.35882] * [] * 0.00000 *   0
[0.58326, 0.49329, 0.50004, 0.49962, 0.50005, 0.50023, 0.50001] * [0.14963, 0.15370, 0.21672] * [] * 0.00000 *   0
[0.83406, 0.09480, 0.50004, 0.49962, 0.50005, 0.50023, 0.49996] * [0.04113, 0.39270, 0.08631] * [] * 0.00000 *   0
[0.23898, 0.00957, 0.50004, 0.49962, 0.50005, 0.50023, 0.49996] * [0.00119, 0.12313, 0.39588] * [] * 0.00000 *   0
[0.02441, 0.09499, 0.50004, 0.49962, 0.50005, 0.50023, 0.49996] * [0.00121, 0.01149, 0.50745] * [] * 0.00000 *   0
[0.20798, 0.68644, 0.50004, 0.49962, 0.50005, 0.50023, 0.50001] * [0.07424, 0.03391, 0.41189] * [] * 0.00000 *   0
[0.97837, 0.10766, 0.50004, 0.49962, 0.50005, 0.50023, 0.50001] * [0.05478, 0.45402, 0.01125] * [] * 0.00000 *   0
[0.05137, 0.09678, 0.50004, 0.49962, 0.50005, 0.50023, 0.49996] * [0.00259, 0.02413, 0.49343] * [] * 0.00000 *   0
[0.82116, 0.27281, 0.50004, 0.49962, 0.50005, 0.50023, 0.49996] * [0.11654, 0.31063, 0.09303] * [] * 0.00000 *   0
[0.70478, 0.25089, 0.50004, 0.49962, 0.50005, 0.50023, 0.49996] * [0.09198, 0.27463, 0.15357] * [] * 0.00000 *   0
[0.21103, 0.72000, 0.50004, 0.49962, 0.50005, 0.50023, 0.49996] * [0.07904, 0.03074, 0.41042] * [] * 0.00000 *   0
[0.32355, 0.86305, 0.50004, 0.49962, 0.50005, 0.50023, 0.50001] * [0.14522, 0.02304, 0.35179] * [] * 0.00000 *   0
[0.41110, 0.06276, 0.50004, 0.49962, 0.50005, 0.50023, 0.50001] * [0.01342, 0.20038, 0.30626] * [] * 0.00000 *   0
[0.41723, 0.45012, 0.50004, 0.49962, 0.50005, 0.50023, 0.49996] * [0.09770, 0.11935, 0.30317] * [] * 0.00000 *   0
[0.99685, 0.08444, 0.50004, 0.49962, 0.50005, 0.50023, 0.50001] * [0.04378, 0.47464, 0.00164] * [] * 0.00000 *   0
[0.32192, 0.06973, 0.50004, 0.49962, 0.50005, 0.50023, 0.50001] * [0.01167, 0.15574, 0.35263] * [] * 0.00000 *   0
[0.41614, 0.06275, 0.50004, 0.49962, 0.50005, 0.50023, 0.50001] * [0.01358, 0.20284, 0.30363] * [] * 0.00000 *   0
[0.05495, 0.47311, 0.50004, 0.49962, 0.50005, 0.50023, 0.49996] * [0.01352, 0.01506, 0.49157] * [] * 0.00000 *   0
[0.21194, 0.86305, 0.50004, 0.49962, 0.50005, 0.50023, 0.49996] * [0.09514, 0.01510, 0.40992] * [] * 0.00000 *   0
[0.53884, 0.26901, 0.50004, 0.49962, 0.50005, 0.50023, 0.49996] * [0.07541, 0.20491, 0.23990] * [] * 0.00000 *   0
[0.20904, 0.91691, 0.50004, 0.49962, 0.50005, 0.50023, 0.50001] * [0.09968, 0.00903, 0.41133] * [] * 0.00000 *   0
[0.05492, 0.47311, 0.50004, 0.49962, 0.50005, 0.50023, 0.49996] * [0.01352, 0.01505, 0.49162] * [] * 0.00000 *   0
[0.04266, 0.91825, 0.50004, 0.49962, 0.50005, 0.50023, 0.50001] * [0.02037, 0.00181, 0.49783] * [] * 0.00000 *   0
[0.01811, 0.95890, 0.50004, 0.49962, 0.50005, 0.50023, 0.50001] * [0.00903, 0.00039, 0.51063] * [] * 0.00000 *   0
[0.86198, 0.01428, 0.50004, 0.49962, 0.50005, 0.50023, 0.49996] * [0.00640, 0.44197, 0.07179] * [] * 0.00000 *   0
[0.54080, 0.06973, 0.50004, 0.49962, 0.50005, 0.50023, 0.50001] * [0.01961, 0.26163, 0.23881] * [] * 0.00000 *   0
[0.74041, 0.95890, 0.50004, 0.49962, 0.50005, 0.50023, 0.50001] * [0.36921, 0.01583, 0.13500] * [] * 0.00000 *   0
[0.20978, 0.66963, 0.50004, 0.49962, 0.50005, 0.50023, 0.49996] * [0.07308, 0.03605, 0.41109] * [] * 0.00000 *   0
[0.00195, 0.95890, 0.50004, 0.49962, 0.50005, 0.50023, 0.50001] * [0.00097, 0.00004, 0.51902] * [] * 0.00000 *   0
[0.22130, 0.91391, 0.50004, 0.49962, 0.50005, 0.50023, 0.50001] * [0.10518, 0.00991, 0.40495] * [] * 0.00000 *   0
[0.16338, 0.30290, 0.50004, 0.49962, 0.50005, 0.50023, 0.50001] * [0.02574, 0.05923, 0.43508] * [] * 0.00000 *   0
[0.05203, 0.17072, 0.50004, 0.49962, 0.50005, 0.50023, 0.50001] * [0.00462, 0.02244, 0.49299] * [] * 0.00000 *   0
[0.05132, 0.00570, 0.50004, 0.49962, 0.50005, 0.50023, 0.49996] * [0.00015, 0.02654, 0.49346] * [] * 0.00000 *   0
[0.24217, 0.06821, 0.50004, 0.49962, 0.50005, 0.50023, 0.49996] * [0.00859, 0.11737, 0.39418] * [] * 0.00000 *   0
[0.24148, 0.06907, 0.50004, 0.49962, 0.50005, 0.50023, 0.50001] * [0.00867, 0.11690, 0.39444] * [] * 0.00000 *   0
[0.92591, 0.07064, 0.50004, 0.49962, 0.50005, 0.50023, 0.50001] * [0.03402, 0.44751, 0.03853] * [] * 0.00000 *   0
[0.53478, 0.92097, 0.50004, 0.49962, 0.50005, 0.50023, 0.50001] * [0.25613, 0.02198, 0.24194] * [] * 0.00000 *   0
[0.31981, 0.91691, 0.50004, 0.49962, 0.50005, 0.50023, 0.50001] * [0.15249, 0.01382, 0.35373] * [] * 0.00000 *   0
[0.82116, 0.66991, 0.50004, 0.49962, 0.50005, 0.50023, 0.50001] * [0.28608, 0.14096, 0.09300] * [] * 0.00000 *   0
[0.18501, 0.45012, 0.50004, 0.49962, 0.50005, 0.50023, 0.49996] * [0.04332, 0.05292, 0.42396] * [] * 0.00000 *   0
[0.41110, 0.07587, 0.50004, 0.49962, 0.50005, 0.50023, 0.50001] * [0.01622, 0.19757, 0.30625] * [] * 0.00000 *   0
[0.05132, 0.09678, 0.50004, 0.49962, 0.50005, 0.50023, 0.49996] * [0.00258, 0.02411, 0.49349] * [] * 0.00000 *   0
[0.20904, 0.83178, 0.50004, 0.49962, 0.50005, 0.50023, 0.50001] * [0.09041, 0.01829, 0.41130] * [] * 0.00000 *   0
[0.10897, 0.06882, 0.50004, 0.49962, 0.50005, 0.50023, 0.49996] * [0.00390, 0.05278, 0.46347] * [] * 0.00000 *   0
[0.32377, 0.06973, 0.50004, 0.49962, 0.50005, 0.50023, 0.50001] * [0.01174, 0.15664, 0.35167] * [] * 0.00000 *   0
[0.95771, 0.91691, 0.50004, 0.49962, 0.50005, 0.50023, 0.50001] * [0.45666, 0.04138, 0.02199] * [] * 0.00000 *   0
[0.44437, 0.10050, 0.50004, 0.49962, 0.50005, 0.50023, 0.49996] * [0.02323, 0.20792, 0.28903] * [] * 0.00000 *   0
[0.94209, 0.05837, 0.50004, 0.49962, 0.50005, 0.50023, 0.50001] * [0.02860, 0.46134, 0.03012] * [] * 0.00000 *   0
[0.53225, 0.92097, 0.50004, 0.49962, 0.50005, 0.50023, 0.50001] * [0.25492, 0.02187, 0.24325] * [] * 0.00000 *   0
[0.69993, 0.66015, 0.50004, 0.49962, 0.50005, 0.50023, 0.50001] * [0.24030, 0.12371, 0.15605] * [] * 0.00000 *   0
[0.44048, 0.95890, 0.50004, 0.49962, 0.50005, 0.50023, 0.50001] * [0.21963, 0.00941, 0.29095] * [] * 0.00000 *   0
[0.31190, 0.06607, 0.50004, 0.49962, 0.50005, 0.50023, 0.50001] * [0.01072, 0.15148, 0.35782] * [] * 0.00000 *   0
[0.30098, 0.22656, 0.50004, 0.49962, 0.50005, 0.50023, 0.49996] * [0.03547, 0.12109, 0.36363] * [] * 0.00000 *   0
[0.24184, 0.27624, 0.50004, 0.49962, 0.50005, 0.50023, 0.50001] * [0.03474, 0.09102, 0.39424] * [] * 0.00000 *   0
[0.98514, 0.08444, 0.50004, 0.49962, 0.50005, 0.50023, 0.50001] * [0.04326, 0.46906, 0.00773] * [] * 0.00000 *   0
[0.45341, 0.67287, 0.50004, 0.49962, 0.50005, 0.50023, 0.50001] * [0.15865, 0.07713, 0.28423] * [] * 0.00000 *   0
[0.94153, 0.06733, 0.50004, 0.49962, 0.50005, 0.50023, 0.50002] * [0.03297, 0.45669, 0.03041] * [] * 0.00000 *   0
[0.32318, 0.86305, 0.50004, 0.49962, 0.50005, 0.50023, 0.50001] * [0.14505, 0.02302, 0.35198] * [] * 0.00000 *   0
