10 //objectives
14 //vars
1 //dms
0.039,0.057,0.008,0.012,0.080,0.114,0.111,0.159,0.252,0.362,0.053,0.077,0.138,0.198,0.057,0.081,0.072,0.104,0.011,0.015
330.809,334.066,328.457,365.809,276.696,316.882,252.230,261.895,202.364,228.932,292.162,311.541,212.103,229.319,278.073,317.755,290.141,305.265,334.981,338.754
0.51 0.75 // Credibility Threshold Beta
0.51 0.67 // Majority Threshold lambda 1
TRUE TRUE// best compromise
1
0.07, 0.06, 0.07, 0.0, 0.0, 0.07, 0.0, 0.1, 0.04, 0.09
TRUE TRUE// frontiers generates with 2
6 // OUTRANKING: R2(3) + R1(3)
0.10214 0.10214, 0.08604 0.08604, 0.10068 0.10068, 0.01673 0.01673, 0.01066 0.01066, 0.07833 0.07833, 0.06219 0.06219, 0.14952 0.14952, 0.04048 0.04048, 0.13241 0.13241
0.10482 0.10482, 0.08821 0.08821, 0.10323 0.10323, 0.03486 0.03486, 0.02222 0.02222, 0.07902 0.07902, 0.12957 0.12957, 0.20317 0.20317, 0.04101 0.04101, 0.13595 0.13595
0.10750 0.10750, 0.09038 0.09038, 0.10579 0.10579, 0.05299 0.05299, 0.03377 0.03377, 0.07971 0.07971, 0.19695 0.19695, 0.25682 0.25682, 0.04153 0.04153, 0.13948 0.13948
0.11285 0.11285, 0.09472 0.09472, 0.11090 0.11090, 0.08924 0.08924, 0.05687 0.05687, 0.08110 0.08110, 0.33171 0.33171, 0.36412 0.36412, 0.04258 0.04258, 0.14655 0.14655
0.11419 0.11419, 0.09581 0.09581, 0.11218 0.11218, 0.09830 0.09830, 0.06265 0.06265, 0.08145 0.08145, 0.36540 0.36540, 0.39095 0.39095, 0.04284 0.04284, 0.14832 0.14832
0.11553 0.11553, 0.09689 0.09689, 0.11346 0.11346, 0.10736 0.10736, 0.06842 0.06842, 0.08180 0.08180, 0.39908 0.39908, 0.41777 0.41777, 0.04310 0.04310, 0.15008 0.15008
FALSE // initial solutions se usara como conjunto de referencia
