3 //Objectives
12 //Vars
1 //DMS
0.333000 0.333000, 0.333000 0.333000, 0.334000 0.334000 // Weight
0.249925 0.292028, 0.221534 0.282840, 0.238867 0.287402 //Veto
0.510000 0.670000 //Beta 0
0.510000 0.670000 //Lambda 0
TRUE FALSE //Best compromise 
1
0.3438492409623457, 0.6615358086589425, 0.5, 0.5, 0.5, 0.5, 0.5, 0.5, 0.5, 0.5, 0.5, 0.5 * 0.6064490401512176, 0.6064490401512175, 0.5142364469768104 *   0
TRUE TRUE //Frontiers 
6 // OUTRANKING: R2(3) + R1(3)
0.740920521129 0.740920521129, 0.740920521129 0.740920521129, 0.634499334635 0.634499334635
0.740920521129 0.740920521129, 0.740920521129 0.740920521129, 0.875025109950 0.875025109950
0.740920521129 0.740920521129, 0.740920521129 0.740920521129, 1.115550885266 1.115550885266
0.740920521129 0.740920521129, 0.740920521129 0.740920521129, 1.596602435897 1.596602435897
0.740920521129 0.740920521129, 0.740920521129 0.740920521129, 1.716865323555 1.716865323555
0.740920521129 0.740920521129, 0.740920521129 0.740920521129, 1.837128211212 1.837128211212
FALSE //Initial solutions 
2
