3 //Objectives
12 //Vars
1 //DMS
0.333000 0.333000, 0.333000 0.333000, 0.334000 0.334000 // Weight
0.249925 0.292028, 0.221534 0.282840, 0.238867 0.287402 //Veto
0.510000 0.750000 //Beta 0
0.510000 0.670000 //Lambda 0
TRUE FALSE //Best compromise 
1
0.3256168250579465, 0.1575240311946366, 0.5, 0.5, 0.5, 0.5, 0.5, 0.5, 0.5, 0.5, 0.5, 0.5 * 0.8454630324038784, 0.2135765075446383, 0.4894663790940839 *   0
TRUE TRUE //Frontiers 
6 // OUTRANKING: R2(3) + R1(3)
1.044789489720 1.044789489720, 0.220614794231 0.220614794231, 0.612469283884 0.612469283884
1.044789489720 1.044789489720, 0.220614794231 0.220614794231, 0.858475093464 0.858475093464
1.044789489720 1.044789489720, 0.220614794231 0.220614794231, 1.104480903043 1.104480903043
1.044789489720 1.044789489720, 0.220614794231 0.220614794231, 1.596492522203 1.596492522203
1.044789489720 1.044789489720, 0.220614794231 0.220614794231, 1.719495426992 1.719495426992
1.044789489720 1.044789489720, 0.220614794231 0.220614794231, 1.842498331782 1.842498331782
FALSE //Initial solutions 
2
