3 //Objectives
7 //Vars
1 //DMS
0.313000 0.313000, 0.316000 0.316000, 0.371000 0.371000 // Weight
249.702530 288.528380, 263.828110 282.653470, 278.651050 299.408780 //Veto
0.510000 0.750000 //Beta 0
0.510000 0.670000 //Lambda 0
TRUE FALSE //Best compromise 
1
0.9921955047138946, 0.9996763402594608, 0.5, 0.5, 0.5, 0.5, 0.5 * 0.4959371854871374, 0.0001605668698099, 0.0039022476430527 *   0
TRUE TRUE //Frontiers 
6 // OUTRANKING: R2(3) + R1(3)
0.613721351366 0.613721351366, 0.005260586603 0.005260586603, 0.116586393789 0.116586393789
0.731505517245 0.731505517245, 0.010360606335 0.010360606335, 0.229270539935 0.229270539935
0.849289683124 0.849289683124, 0.015460626068 0.015460626068, 0.341954686081 0.341954686081
0.142584687851 0.142584687851, 0.025660665533 0.025660665533, 0.567322978374 0.567322978374
0.319260936669 0.319260936669, 0.028210675400 0.028210675400, 0.623665051447 0.623665051447
0.495937185487 0.495937185487, 0.030760685266 0.030760685266, 0.680007124520 0.680007124520
FALSE //Initial solutions 
2
