3 //Objectives
12 //Vars
1 //DMS
0.333000 0.333000, 0.333000 0.333000, 0.334000 0.334000 // Weight
0.249925 0.292028, 0.221534 0.282840, 0.238867 0.287402 //Veto
0.510000 0.670000 //Beta 0
0.510000 0.670000 //Lambda 0
TRUE FALSE //Best compromise 
1
0.1969183078952685, 0.0190770733259046, 0.0, 0.0, 0.0, 0.0, 0.0, 0.0, 0.0, 0.0, 0.0, 0.0 * 0.6735483627540225, 0.6735483627540224, 0.3044096024483322 *   0
TRUE TRUE //Frontiers 
6 // OUTRANKING: R2(3) + R1(3)
0.711167683727 0.711167683727, 0.711167683727 0.711167683727, 0.396531994323 0.396531994323
0.720572513970 0.720572513970, 0.720572513970 0.720572513970, 0.603807376042 0.603807376042
0.729977344214 0.729977344214, 0.729977344214 0.729977344214, 0.811082757760 0.811082757760
0.748787004700 0.748787004700, 0.748787004700 0.748787004700, 1.225633521197 1.225633521197
0.753489419822 0.753489419822, 0.753489419822 0.753489419822, 1.329271212056 1.329271212056
0.758191834943 0.758191834943, 0.758191834943 0.758191834943, 1.432908902915 1.432908902915
FALSE //Initial solutions 
2
