3 //objectives
12 //vars
1 //dms
0.31300 0.31300, 0.31600 0.31600, 0.37100 0.37100 // weights
249.70253 288.52838, 263.82811 282.65347, 278.65105 299.40878 // veto
0.51 0.75 // Credibility Threshold Beta
0.51 0.67 // Majority Threshold lambda 1
TRUE FALSE// best compromise
1
0.0121212531868933, 0.0001850961708394, 0.5000000000000000, 0.5000000000000000, 0.5000000000000000, 0.5000000000000000, 0.5000000000000000, 0.5000000000000000, 0.5000000000000000, 0.5000000000000000, 0.5000000000000000, 0.5000000000000000 * 0.9998187020357597, 0.0002906956813593, 0.0190388695974758 *   0
TRUE TRUE// frontiers generates with 2
6 // OUTRANKING: R2(3) + R1(3)
1.249669525837 1.249669525837, 0.250148196256 0.250148196256, 0.020186528235 0.020186528235
1.499520349639 1.499520349639, 0.500005696831 0.500005696831, 0.021334186872 0.021334186872
1.749371173440 1.749371173440, 0.749863197406 0.749863197406, 0.022481845509 0.022481845509
0.250266230632 0.250266230632, 1.249578198556 1.249578198556, 0.024777162783 0.024777162783
0.625042466334 0.625042466334, 1.374506948843 1.374506948843, 0.025350992102 0.025350992102
0.999818702036 0.999818702036, 1.499435699130 1.499435699130, 0.025924821421 0.025924821421
FALSE
 