3 //objectives
12 //vars
1 //dms
0.313 0.313, 0.320 0.320, 0.367 0.367 // weight dm 1
2.995 3.516, 2.907 3.431, 2.581 3.216 // veto dm 1
0.51 0.67 // lambda 1
0.51 0.67 // Majority Threshold lambda 1
TRUE TRUE
1
0.23302, 0.21262, 5.17244
TRUE TRUE
6 // OUTRANKING: R2(3) + R1(3)
0.23370 0.23370, 0.21685 0.21685, 5.17660 5.17660
0.23422 0.23422, 0.22003 0.22003, 5.17972 5.17972
0.23473 0.23473, 0.22320 0.22320, 5.18284 5.18284
0.23575 0.23575, 0.22955 0.22955, 5.16412 5.16412
0.23601 0.23601, 0.23114 0.23114, 5.16880 5.16880
0.23627 0.23627, 0.23273 0.23273, 5.17348 5.17348
FALSE