3 //Objectives
12 //Vars
1 //DMS
0.296200 0.296200, 0.329800 0.329800, 0.374000 0.374000 // Weight
0.491990 0.532690, 0.438350 0.562990, 0.496660 0.572610 //Veto
0.510000 0.750000 //Beta 0
0.510000 0.670000 //Lambda 0
TRUE FALSE //Best compromise 
1
0.8853470044607981, 0.6723846060560944, 0.5, 0.5, 0.5, 0.5, 0.5, 0.5, 0.5, 0.5, 0.5, 0.5 * 0.9999999999673477, 0.0000000000000000, 0.0000080811300828 *   0
TRUE TRUE //Frontiers 
6 // OUTRANKING: R2(3) + R1(3)
1.043089956784 1.043089956784, 0.140314767695 0.140314767695, 0.000010101413 0.000010101413
1.043089956784 1.043089956784, 0.420944303084 0.420944303084, 0.000010101413 0.000010101413
1.043089956784 1.043089956784, 0.701573838473 0.701573838473, 0.000010101413 0.000010101413
1.043089956784 1.043089956784, 1.262832909251 1.262832909251, 0.000010101413 0.000010101413
1.043089956784 1.043089956784, 1.403147676945 1.403147676945, 0.000010101413 0.000010101413
1.043089956784 1.043089956784, 1.543462444640 1.543462444640, 0.000010101413 0.000010101413
FALSE //Initial solutions 
2
