10 //Objectives
19 //Vars
1 //DMS
0.024000 0.042000, 0.068000 0.118000, 0.059000 0.103000, 0.068000 0.120000, 0.143000 0.251000, 0.111000 0.195000, 0.047000 0.081000, 0.031000 0.053000, 0.146000 0.256000, 0.031000 0.053000 // Weight
1.584000 1.683000, 1.402000 1.403000, 1.471000 1.688000, 1.220000 1.466000, 1.269000 1.384000, 1.242000 1.430000, 1.605000 1.660000, 1.498000 1.769000, 1.307000 1.337000, 1.541000 1.725000 //Veto
0.510000 0.750000 //Beta 0
0.510000 0.670000 //Lambda 0
TRUE FALSE //Best compromise 
1
0.3210847491030976, 0.0113720013812985, 0.6483267595285209, 0.0163031397463303, 0.0269167143976859, 0.0049982406222253, 0.0353391538538687, 0.7867737369550269, 0.2878468657321515, 0.5, 0.5, 0.5, 0.5, 0.5, 0.5, 0.5, 0.5, 0.5, 0.5 * 1.0000000000000000, 0.0000000000000000, 0.0000000000604095, 0.0000000000000000, 0.0000000000000000, 0.0000000000000000, 0.0000000000000000, 0.0000000000000000, 0.0000000000000000, 0.0000000000000000 *   0
TRUE TRUE //Frontiers 
6 // OUTRANKING: R2(3) + R1(3)
1.000369868311 1.000369868311, 0.000000000000 0.000000000000, 0.000000000076 0.000000000076, 0.000000000000 0.000000000000, 0.000000000000 0.000000000000, 0.000000000000 0.000000000000, 0.000000000000 0.000000000000, 0.013594019011 0.013594019011, 0.000000000000 0.000000000000, 0.000000000000 0.000000000000
1.000369868311 1.000369868311, 0.000000000000 0.000000000000, 0.000000000076 0.000000000076, 0.000000000000 0.000000000000, 0.000000000000 0.000000000000, 0.000000000000 0.000000000000, 0.000000000000 0.000000000000, 0.040782057034 0.040782057034, 0.000000000000 0.000000000000, 0.000000000000 0.000000000000
1.000369868311 1.000369868311, 0.000000000000 0.000000000000, 0.000000000076 0.000000000076, 0.000000000000 0.000000000000, 0.000000000000 0.000000000000, 0.000000000000 0.000000000000, 0.000000000000 0.000000000000, 0.067970095057 0.067970095057, 0.000000000000 0.000000000000, 0.000000000000 0.000000000000
1.000369868311 1.000369868311, 0.000000000000 0.000000000000, 0.000000000076 0.000000000076, 0.000000000000 0.000000000000, 0.000000000000 0.000000000000, 0.000000000000 0.000000000000, 0.000000000000 0.000000000000, 0.122346171103 0.122346171103, 0.000000000000 0.000000000000, 0.000000000000 0.000000000000
1.000369868311 1.000369868311, 0.000000000000 0.000000000000, 0.000000000076 0.000000000076, 0.000000000000 0.000000000000, 0.000000000000 0.000000000000, 0.000000000000 0.000000000000, 0.000000000000 0.000000000000, 0.135940190115 0.135940190115, 0.000000000000 0.000000000000, 0.000000000000 0.000000000000
1.000369868311 1.000369868311, 0.000000000000 0.000000000000, 0.000000000076 0.000000000076, 0.000000000000 0.000000000000, 0.000000000000 0.000000000000, 0.000000000000 0.000000000000, 0.000000000000 0.000000000000, 0.149534209126 0.149534209126, 0.000000000000 0.000000000000, 0.000000000000 0.000000000000
FALSE //Initial solutions 
2
