10																				//number of objectives
100																				//number of decision variables
1																				//number of DMs
0.115	0.197,	0.024	0.042,	0.038	0.064,	0.063	0.109,	0.030	0.052,	0.219	0.377,	0.030	0.052,	0.166	0.286,	0.032	0.056,	0.018	0.030	//weights
4.220	5.127,	5.573	6.712,	5.534	6.271,	4.797	5.366,	5.818	6.359,	3.751	3.837,	5.899	6.331,	3.998	4.307,	5.667	6.240,	5.652	6.843	//vetos
0.510000 0.670000 //Beta 0
0.510000 0.670000 //Lambda 0
TRUE FALSE //Best compromise 
1
0.8401877171547095, 0.3943829268190930, 0.7830992237586059, 0.7984400334760733, 0.9116473579367843, 0.1975513692933840, 0.3352227557148890, 0.7682295948119040, 0.2777747108031878, 0.0, 0.0, 0.0, 0.0, 0.0, 0.0, 0.0, 0.0, 0.0, 0.0, 0.0, 0.0, 0.0, 0.0, 0.0, 0.0, 0.0, 0.0, 0.0, 0.0 * 0.8401877171547095, 0.3943829268190930, 0.7830992237586059, 0.7984400334760733, 0.9116473579367843, 0.1975513692933840, 0.3352227557148890, 0.7682295948119040, 0.2777747108031878, 10.9923657913158586 *   0
TRUE TRUE //Frontiers 
6 // OUTRANKING: R2(3) + R1(3)
0.872829978761 0.872829978761, 0.482503038474 0.482503038474, 0.788649130747 0.788649130747, 0.843440261713 0.843440261713, 0.912162609940 0.912162609940, 0.309956153533 0.309956153533, 0.335479064069 0.335479064069, 0.934796634915 0.934796634915, 0.301097995858 0.301097995858, 11.444577350477 11.444577350477
0.938114501973 0.938114501973, 0.658743261783 0.658743261783, 0.788649130747 0.788649130747, 0.843440261713 0.843440261713, 0.912162609940 0.912162609940, 0.534765722013 0.534765722013, 0.335479064069 0.335479064069, 0.934796634915 0.934796634915, 0.301097995858 0.301097995858, 12.349000468800 12.349000468800
1.003399025185 1.003399025185, 0.834983485092 0.834983485092, 0.788649130747 0.788649130747, 0.843440261713 0.843440261713, 0.912162609940 0.912162609940, 0.759575290493 0.759575290493, 0.335479064069 0.335479064069, 0.934796634915 0.934796634915, 0.301097995858 0.301097995858, 13.253423587123 13.253423587123
1.133968071609 1.133968071609, 1.187463931710 1.187463931710, 0.788649130747 0.788649130747, 0.843440261713 0.843440261713, 0.912162609940 0.912162609940, 1.209194427454 1.209194427454, 0.335479064069 0.335479064069, 0.934796634915 0.934796634915, 0.301097995858 0.301097995858, 15.062269823769 15.062269823769
1.166610333215 1.166610333215, 1.275584043365 1.275584043365, 0.788649130747 0.788649130747, 0.843440261713 0.843440261713, 0.912162609940 0.912162609940, 1.321599211694 1.321599211694, 0.335479064069 0.335479064069, 0.934796634915 0.934796634915, 0.301097995858 0.301097995858, 15.514481382930 15.514481382930
1.199252594821 1.199252594821, 1.363704155019 1.363704155019, 0.788649130747 0.788649130747, 0.843440261713 0.843440261713, 0.912162609940 0.912162609940, 1.434003995934 1.434003995934, 0.335479064069 0.335479064069, 0.934796634915 0.934796634915, 0.301097995858 0.301097995858, 15.966692942092 15.966692942092
FALSE //Initial solutions 
2
