5 //Objectives
14 //Vars
1 //DMS
0.152000 0.214000, 0.124000 0.176000, 0.266000 0.376000, 0.258000 0.364000, 0.029000 0.041000 // Weight
1.561000 1.779000, 1.899000 2.246000, 1.357000 1.373000, 1.521000 1.694000, 2.060000 2.263000 //Veto
0.510000 0.670000 //Beta 0
0.510000 0.670000 //Lambda 0
TRUE FALSE //Best compromise 
1
0.9999935710802644, 0.2043286106569360, 0.8899556444445419, 0.1254684758025540, 0.5, 0.5, 0.5, 0.5, 0.5, 0.5, 0.5, 0.5, 0.5, 0.5 * 0.0000035703672254, 0.0000035703672254, 0.0000050492617529, 0.0000071407344509, 0.9999999999490099 *   0
TRUE FALSE //Frontiers 
2
0.0141748994280274, 0.0141748994280274, 0.0200463350163910, 0.0283497988560548, 0.9991959656692186
0.1938162312338292, 0.1938162312338292, 0.2740975428189211, 0.3876324624676584, 0.8363504935626682
FALSE //Initial solutions