5 //Objectives
50 //Vars
1 //DMS
0.208000 0.282000, 0.264000 0.358000, 0.202000 0.272000, 0.071000 0.095000, 0.105000 0.143000 // Weight
0.535000 0.580000, 0.440000 0.529000, 0.513000 0.610000, 0.549000 0.649000, 0.526000 0.619000 //Veto
0.510000 0.670000 //Beta 0
0.510000 0.670000 //Lambda 0
TRUE TRUE //Best compromise 
1
0.6487110364144290, 0.4244150125535275, 0.7089796153623579, 0.5622287207640508, 0.0066781333412108 *   0
TRUE FALSE //Frontiers 
2
0.7299688655473314, 0.9975018269692753, 0.3435058442263426, 0.4833310318230943, 0.0865815619752816
0.4758174772024398, 0.3986380873940131, 0.4794627373489230, 0.8417473409574942, 0.0627722177017735
FALSE //Initial solutions
