5 //Objectives
24 //Vars
1 //DMS
0.227000 0.387000, 0.186000 0.316000, 0.197000 0.337000, 0.047000 0.079000, 0.083000 0.141000 // Weight
0.396000 0.462000, 0.463000 0.474000, 0.437000 0.451000, 0.483000 0.522000, 22.100000 26.300000 //Veto
0.510000 0.670000 //Beta 0
0.510000 0.670000 //Lambda 0
TRUE FALSE //Best compromise 
1
0.7197650744206110, 0.7617585141033673, 0.1581949829860567, 0.8199309407826192, 0.0, 0.0, 0.0, 0.0, 0.0, 0.0, 0.0, 0.0, 0.0, 0.0, 0.0, 0.0, 0.0, 0.0, 0.0, 0.0, 0.0, 0.0, 0.0, 0.0 * 0.7197650744206110, 0.7617585141033673, 0.1581949829860567, 0.8199309407826192, 5.6289973308044781 *   0
TRUE FALSE //Frontiers 
2
0.1577777486097895, 0.8462443430192044, 0.2058873279978928, 0.7796383419910624, 6.1393420582069895
0.7197650744206110, 0.7617585141033673, 0.1581949829860567, 0.8199309407826192, 5.6289973308044781
FALSE //Initial solutions