5 //Objectives
14 //Vars
1 //DMS
0.203000 0.269000, 0.210000 0.280000, 0.240000 0.320000, 0.177000 0.235000, 0.028000 0.038000 // Weight
1.535000 1.544000, 1.366000 1.498000, 1.403000 1.427000, 1.477000 1.790000, 1.706000 1.742000 //Veto
0.510000 0.750000 //Beta 0
0.510000 0.670000 //Lambda 0
TRUE TRUE //Best compromise 
1
0.8257171370315226, 0.0000000000000000, 0.0000000000000000, 0.0000000000000000, 0.5640843993698689 *  0.9999872722222257, 0.0000000000000000, 0.0000000000000000, 0.0000000000000000, 0.0050453338395317 *   0
TRUE FALSE //Frontiers 
2
0.4214198914364374, 0.0000000001666459, 0.0000000000000000, 0.0000000000000000, 0.9068656323302263 *   0
0.8873075019917720, 0.0000000000000000, 0.0000000000000000, 0.4611782702048325, 0.0000000000000000 *   0
FALSE //Initial solutions