5 //Objectives
14 //Vars
1 //DMS
0.118000 0.166000, 0.242000 0.342000, 0.153000 0.217000, 0.235000 0.331000, 0.081000 0.115000 // Weight
1.700000 1.965000, 1.604000 1.710000, 1.601000 1.838000, 1.550000 1.856000, 1.894000 2.313000 //Veto
0.510000 0.750000 //Beta 0
0.510000 0.670000 //Lambda 0
TRUE FALSE //Best compromise 
1
0.9999935710802644, 0.2043286106569360, 0.8899556444445419, 0.1254684758025540, 0.5, 0.5, 0.5, 0.5, 0.5, 0.5, 0.5, 0.5, 0.5, 0.5 * 0.0000016163172349, 0.0000003227421451, 0.0000094400169758, 0.0000031858456643, 0.9999999999490099 *   0
TRUE FALSE //Frontiers 
2
0.0265918466617915, 0.0032995485998791, 0.0415767576662683, 0.0478362937929979, 0.9976297153193980
0.1228434144574407, 0.4386632722562092, 0.7255317112242234, 0.0831320704274883, 0.5090941209367886
FALSE //Initial solutions