0.9986486700357164, 0.0009769536559363, 0.5138486980059411, 0.1778349402257404, 0.5, 0.5, 0.5, 0.5, 0.5, 0.5 * 0.0000445768163784, 0.0002060871775580, 0.0002371527406572, 0.4988365182832646, 0.0006756649821418 *   0
0.9904269925274081, 0.0005227257500043, 0.3363004277163653, 0.5809955972158329, 0.5, 0.5, 0.5, 0.5, 0.5, 0.5 * 0.0000505785794497, 0.0000364764338621, 0.0001718058329349, 0.4949546354174574, 0.0047865037362960 *   0
0.9930131444674978, 0.0016605090357645, 0.5557506818118275, 0.0531735131764661, 0.5, 0.5, 0.5, 0.5, 0.5, 0.5 * 0.0000243636080453, 0.0004338270697924, 0.0003662629716728, 0.4956821185842383, 0.0034934277662511 *   0
0.9993289886039352, 0.0087902694981500, 0.9804776031433035, 0.0437276996875776, 0.5, 0.5, 0.5, 0.5, 0.5, 0.5 * 0.0001883106964115, 0.0041181288775193, 0.0000857459896403, 0.4952723087383964, 0.0003355056980324 *   0
0.9835304515359600, 0.0013359622104727, 0.6705574391738314, 0.1465616278101511, 0.5, 0.5, 0.5, 0.5, 0.5, 0.5 * 0.0000645666499773, 0.0003759760141702, 0.0002164370939031, 0.4911082460099294, 0.0082347742320200 *   0
0.9844550527559850, 0.0007055131721802, 0.6737756285228653, 0.9431014246973681, 0.5, 0.5, 0.5, 0.5, 0.5, 0.5 * 0.0002206707250979, 0.0000133133611511, 0.0001132889173204, 0.4918802533744231, 0.0077724736220075 *   0
0.9465897730302949, 0.0007086307745001, 0.6778030598898432, 0.0742346160459493, 0.5, 0.5, 0.5, 0.5, 0.5, 0.5 * 0.0000168757006521, 0.0002104535636587, 0.0001080620576873, 0.4729594951931493, 0.0267051134848525 *   0
0.9642107221131263, 0.0025313124072418, 0.9005130077248965, 0.0942305759965584, 0.5, 0.5, 0.5, 0.5, 0.5, 0.5 * 0.0001035546356669, 0.0009953947719082, 0.0001214098744652, 0.4808850017745229, 0.0178946389434368 *   0
0.9563531721738880, 0.0008037788797188, 0.1219562511527707, 0.7848961557191313, 0.5, 0.5, 0.5, 0.5, 0.5, 0.5 * 0.0000367909638345, 0.0000100827067351, 0.0003374745701031, 0.4777922378462713, 0.0218234139130560 *   0
0.9933771449110365, 0.0031687757015083, 0.2452639267990663, 0.3177767714102644, 0.5, 0.5, 0.5, 0.5, 0.5, 0.5 * 0.0001226680588493, 0.0002633515306409, 0.0011878750901236, 0.4951146777759043, 0.0033114275444818 *   0
0.9879520893972144, 0.0020966874445307, 0.5725957558362725, 0.6836755483800897, 0.5, 0.5, 0.5, 0.5, 0.5, 0.5 * 0.0004054504205522, 0.0001875946598414, 0.0004426682904250, 0.4929403313277886, 0.0060239553013928 *   0
0.9171226862432075, 0.0306782480472132, 0.9971299362355517, 0.0063652750134306, 0.5, 0.5, 0.5, 0.5, 0.5, 0.5 * 0.0000892887869003, 0.0139381941909526, 0.0000403756512949, 0.4444934844924560, 0.0414386568783963 *   0
0.9734930884900936, 0.0496701644964843, 0.9833572101701783, 0.0110385078056895, 0.5, 0.5, 0.5, 0.5, 0.5, 0.5 * 0.0002624340306397, 0.0235119778064814, 0.0004023690836256, 0.4625697633243001, 0.0132534557549532 *   0
0.9472234868198742, 0.0036865971068324, 0.3633555888027677, 0.0175383356481503, 0.5, 0.5, 0.5, 0.5, 0.5, 0.5 * 0.0000111267508164, 0.0006232978057451, 0.0011115911264554, 0.4718657277269202, 0.0263882565900629 *   0
0.9435124261973018, 0.0029935971847706, 0.0136955343250630, 0.3702207097645014, 0.5, 0.5, 0.5, 0.5, 0.5, 0.5 * 0.0000071606208731, 0.0000121808710647, 0.0013929065794924, 0.4703439650272208, 0.0282437869013491 *   0
0.9332130974778966, 0.0024621863860927, 0.6595633587146007, 0.6284896673767314, 0.5, 0.5, 0.5, 0.5, 0.5, 0.5 * 0.0004762406019142, 0.0002815134657095, 0.0003911182243430, 0.4654576764469816, 0.0333934512610517 *   0
0.9447398120280075, 0.0033552986585327, 0.9321559378561358, 0.9252956779325826, 0.5, 0.5, 0.5, 0.5, 0.5, 0.5 * 0.0013670440492582, 0.0001103691515822, 0.0001075289111396, 0.4707849639020237, 0.0276300939859963 *   0
0.9755933508163287, 0.0059283836772332, 0.4581962537291442, 0.2823660207364550, 0.5, 0.5, 0.5, 0.5, 0.5, 0.5 * 0.0003741442769332, 0.0009508886571193, 0.0015668129142459, 0.4849048295598660, 0.0122033245918357 *   0
0.9188708550850260, 0.0059111048494983, 0.0963331331016185, 0.0146126658723749, 0.5, 0.5, 0.5, 0.5, 0.5, 0.5 * 0.0000038229470532, 0.0002577957806006, 0.0024541522561241, 0.4567196565587351, 0.0405645724574870 *   0
0.8960155811607911, 0.0032286541551485, 0.4385699585259752, 0.2779885876355639, 0.5, 0.5, 0.5, 0.5, 0.5, 0.5 * 0.0001763489751060, 0.0004580258983589, 0.0008120873411314, 0.4465613283657993, 0.0519922094196045 *   0
0.9631483568638323, 0.1213755994669048, 0.9992511654269188, 0.0386014757857665, 0.5, 0.5, 0.5, 0.5, 0.5, 0.5 * 0.0022546189471934, 0.0561529652525985, 0.0000437703951641, 0.4231228238369601, 0.0184258215680839 *   0
0.9970724917934614, 0.0094782807908385, 0.0858496255641103, 0.9144901688743803, 0.5, 0.5, 0.5, 0.5, 0.5, 0.5 * 0.0003709742416496, 0.0000346881200423, 0.0043196041613279, 0.4938109793737109, 0.0014637541032693 *   0
0.8101440406451672, 0.0017328774564587, 0.0235799620969128, 0.0659797434070985, 0.5, 0.5, 0.5, 0.5, 0.5, 0.5 * 0.0000010920784138, 0.0000154596442424, 0.0006853884496030, 0.4043700801503244, 0.0949279796774164 *   0
0.7603269362637433, 0.0000940756872734, 0.6878548994138162, 0.5132307994706700, 0.5, 0.5, 0.5, 0.5, 0.5, 0.5 * 0.0000126257540964, 0.0000119747845100, 0.0000111636009343, 0.3801277039923309, 0.1198365318681284 *   0
0.7856710119106206, 0.0022681779238713, 0.8833986496941180, 0.3796079444604031, 0.5, 0.5, 0.5, 0.5, 0.5, 0.5 * 0.0002987995073487, 0.0004883270839387, 0.0001038942310332, 0.3919444851329897, 0.1071644940446897 *   0
0.7165241514875200, 0.0015288447037008, 0.0760939335804870, 0.4903665448028439, 0.5, 0.5, 0.5, 0.5, 0.5, 0.5 * 0.0000204378439457, 0.0000212408638746, 0.0005060483692174, 0.3577143486667223, 0.1417379242562400 *   0
0.8711686049919429, 0.0088679995429087, 0.9278445830232671, 0.5579463334558282, 0.5, 0.5, 0.5, 0.5, 0.5, 0.5 * 0.0019997032246740, 0.0015843390115894, 0.0002787191591691, 0.4317215411005390, 0.0644156975040285 *   0
0.7136839068092796, 0.0024111247632704, 0.0471298909034253, 0.5113099406060343, 0.5, 0.5, 0.5, 0.5, 0.5, 0.5 * 0.0000207336738272, 0.0000198164351784, 0.0008198403614221, 0.3559815629342121, 0.1431580465953602 *   0
0.7706480826114528, 0.0045308657011627, 0.0840275525506714, 0.8609999915868976, 0.5, 0.5, 0.5, 0.5, 0.5, 0.5 * 0.0001263083777838, 0.0000203912494148, 0.0015991518553869, 0.3835781898231409, 0.1146759586942736 *   0
0.7514608799253873, 0.0094368308826521, 0.8449860540428134, 0.0636217743454602, 0.5, 0.5, 0.5, 0.5, 0.5, 0.5 * 0.0001906153502310, 0.0028054556049108, 0.0005496336642506, 0.3721847353433013, 0.1242695600373063 *   0
0.8784027993112815, 0.0175581495359345, 0.9706196654451171, 0.3481662777942448, 0.5, 0.5, 0.5, 0.5, 0.5, 0.5 * 0.0026060230314707, 0.0048789724941751, 0.0002265683258997, 0.4314898358040953, 0.0607986003443592 *   0
0.8597497389930067, 0.0072042383287122, 0.7104562035344802, 0.6222099697320769, 0.5, 0.5, 0.5, 0.5, 0.5, 0.5 * 0.0013690030160300, 0.0008312237283590, 0.0008966942669879, 0.4267779484851265, 0.0701251305034967 *   0
0.9902560301079676, 0.0280362479519268, 0.9005442680327893, 0.3260528185991816, 0.5, 0.5, 0.5, 0.5, 0.5, 0.5 * 0.0040759647306747, 0.0084249691615280, 0.0013805979057961, 0.4812464832559850, 0.0048719849460162 *   0
0.7242702160609281, 0.0031210379689564, 0.3749573903041694, 0.3993817439299923, 0.5, 0.5, 0.5, 0.5, 0.5, 0.5 * 0.0001692543383988, 0.0002545365357991, 0.0007064465478573, 0.3610048706084089, 0.1378648919695359 *   0
0.9637776207941480, 0.3350430686655655, 0.9709773929654515, 0.0055172261807682, 0.5, 0.5, 0.5, 0.5, 0.5, 0.5 * 0.0008649228815697, 0.1559027812565414, 0.0046858016529234, 0.3204353046060395, 0.0181111896029260 *   0
0.6478975655734062, 0.0020342199141319, 0.0532814045684791, 0.0495050288967346, 0.5, 0.5, 0.5, 0.5, 0.5, 0.5 * 0.0000017381979655, 0.0000333733453301, 0.0006238715218079, 0.3232897997215996, 0.1760512172132969 *   0
0.9397295391837738, 0.0141881131633130, 0.2465223727033112, 0.5564522773755958, 0.5, 0.5, 0.5, 0.5, 0.5, 0.5 * 0.0009144959570401, 0.0007289440902415, 0.0050230544751421, 0.4631982750694633, 0.0301352304081131 *   0
0.8404511706160620, 0.0113254953228522, 0.0845992314091880, 0.7281200390905701, 0.5, 0.5, 0.5, 0.5, 0.5, 0.5 * 0.0002931629593211, 0.0001094670241735, 0.0043566329174544, 0.4154663224070821, 0.0797744146919690 *   0
0.7681891139448570, 0.0071260044384403, 0.1045192974174951, 0.5887491049192609, 0.5, 0.5, 0.5, 0.5, 0.5, 0.5 * 0.0001684267168113, 0.0001176488209755, 0.0024509839799795, 0.3813574974546622, 0.1159054430275715 *   0
0.9082731920798650, 0.0103952935945221, 0.4817498468243284, 0.7427658330382620, 0.5, 0.5, 0.5, 0.5, 0.5, 0.5 * 0.0016892610303181, 0.0005850237512102, 0.0024465984663237, 0.4494157127920805, 0.0458634039600675 *   0
0.9015076104092913, 0.0144231454536427, 0.1283772239128022, 0.6195224782542896, 0.5, 0.5, 0.5, 0.5, 0.5, 0.5 * 0.0005170641572138, 0.0003175531090891, 0.0056666704299465, 0.4442525175083961, 0.0492461947953544 *   0
0.7529574249652016, 0.0067133759179680, 0.2602161952574813, 0.5049159906361792, 0.5, 0.5, 0.5, 0.5, 0.5, 0.5 * 0.0003320739732185, 0.0003256076597202, 0.0018697614890696, 0.3739512693605925, 0.1235212875173992 *   0
0.7121151283905446, 0.0080785579085716, 0.5484980673289384, 0.1174382968421272, 0.5, 0.5, 0.5, 0.5, 0.5, 0.5 * 0.0001852844210371, 0.0013924327804151, 0.0012987144496843, 0.3531811325441359, 0.1439424358047277 *   0
0.7466277278711217, 0.0098704253369339, 0.0988909905305556, 0.2505432275359255, 0.5, 0.5, 0.5, 0.5, 0.5, 0.5 * 0.0000912955020634, 0.0002730947189828, 0.0033203764001721, 0.3696290973143426, 0.1266861360644391 *   0
0.7570321474955567, 0.0078633250705261, 0.9326259623899246, 0.6295023223522596, 0.5, 0.5, 0.5, 0.5, 0.5, 0.5 * 0.0017474123234958, 0.0010284508646911, 0.0002005317441111, 0.3755396788154803, 0.1214839262522217 *   0
0.6314419799630726, 0.0023551583301067, 0.2238551453798335, 0.8172869714057478, 0.5, 0.5, 0.5, 0.5, 0.5, 0.5 * 0.0001360395609557, 0.0000304130630494, 0.0005771202955394, 0.3149774170619918, 0.1842790100184637 *   0
0.9989367257798727, 0.1581480829781611, 0.9377385591798176, 0.0279768053572517, 0.5, 0.5, 0.5, 0.5, 0.5, 0.5 * 0.0020722961114027, 0.0719996390127253, 0.0049180289751559, 0.4204783987906524, 0.0005316371100637 *   0
0.9648835696116479, 0.0248783044632889, 0.8740094731906473, 0.6563764580787981, 0.5, 0.5, 0.5, 0.5, 0.5, 0.5 * 0.0068854896506732, 0.0036046636232984, 0.0015121803342402, 0.4704394511976122, 0.0175582151941761 *   0
0.6669504845826656, 0.0066235540465561, 0.7750249033677508, 0.2774493970337554, 0.5, 0.5, 0.5, 0.5, 0.5, 0.5 * 0.0004749568155625, 0.0012369114409207, 0.0004969230340218, 0.3312664510008277, 0.1665247577086672 *   0
0.0006946232173101, 0.1708022198503847, 0.3089649925515824, 0.6815481123894211, 0.5, 0.5, 0.5, 0.5, 0.5, 0.5 * 0.0000124916153836, 0.0000058366803838, 0.0000409932979707, 0.0002879900149170, 0.4996526883913450 *   0
0.0007035168822405, 0.4517946995104639, 0.0974258459626817, 0.2538447502319909, 0.5, 0.5, 0.5, 0.5, 0.5, 0.5 * 0.0000039303210839, 0.0000115528475864, 0.0001434394305360, 0.0001928358419141, 0.4996482415588797 *   0
0.7399138509016083, 0.0175354220054743, 0.9825580078095933, 0.4246658787246169, 0.5, 0.5, 0.5, 0.5, 0.5, 0.5 * 0.0027069046026810, 0.0036672938867538, 0.0001131523221928, 0.3634695746391765, 0.1300430745491958 *   0
0.0054385582941764, 0.0402002954111436, 0.8314952775051330, 0.4859465614361440, 0.5, 0.5, 0.5, 0.5, 0.5, 0.5 * 0.0000441704005081, 0.0000467251917512, 0.0000184202327590, 0.0026099633220699, 0.4972807208529118 *   0
0.5764359443338756, 0.0791447721790265, 0.9985079574391749, 0.0231255372162562, 0.5, 0.5, 0.5, 0.5, 0.5, 0.5 * 0.0005267282993746, 0.0222501825437744, 0.0000340349019043, 0.2654070264218845, 0.2117820278330622 *   0
0.0285260831138706, 0.0018440503635649, 0.7607332196835117, 0.9986779596650405, 0.5, 0.5, 0.5, 0.5, 0.5, 0.5 * 0.0000199821756563, 0.0000000264522131, 0.0000062931390992, 0.0142367397899667, 0.4857369584430647 *   0
0.0072660986367921, 0.0571941552018720, 0.3634968546049189, 0.7448681144718398, 0.5, 0.5, 0.5, 0.5, 0.5, 0.5 * 0.0000562604218179, 0.0000192702939220, 0.0001322584708324, 0.0034252601318236, 0.4963669506816040 *   0
0.6938231441629227, 0.0104613401975768, 0.7435769120899853, 0.4909797480753529, 0.5, 0.5, 0.5, 0.5, 0.5, 0.5 * 0.0013249380963536, 0.0013736214706090, 0.0009306004070577, 0.3432824121074410, 0.1530884279185387 *   0
0.6353309092276408, 0.0127154183633232, 0.0852202466154565, 0.2027567914699934, 0.5, 0.5, 0.5, 0.5, 0.5, 0.5 * 0.0000697941206003, 0.0002744316885293, 0.0036950233458605, 0.3136262054588304, 0.1823345453861796 *   0
0.0008908165622925, 0.9917705133518998, 0.0680467454102108, 0.9853458693182775, 0.5, 0.5, 0.5, 0.5, 0.5, 0.5 * 0.0000296186689679, 0.0000004404908562, 0.0004116836398195, 0.0000036654815026, 0.4995545917188537 *   0
0.6821844189810494, 0.0088719637174494, 0.2179018506863629, 0.9735926356974954, 0.5, 0.5, 0.5, 0.5, 0.5, 0.5 * 0.0006419922071119, 0.0000174131576914, 0.0023667523421013, 0.3380660517836201, 0.1589077905094753 *   0
0.0017779241324300, 0.2789368477086243, 0.8952158265259190, 0.6231556556295397, 0.5, 0.5, 0.5, 0.5, 0.5, 0.5 * 0.0001383290550378, 0.0000836524896824, 0.0000259827317623, 0.0006409977897324, 0.4991110379337850 *   0
0.0050872182497230, 0.1979278312986381, 0.5578420867947126, 0.1796043720932698, 0.5, 0.5, 0.5, 0.5, 0.5, 0.5 * 0.0000504412013647, 0.0002304049761356, 0.0002226048602549, 0.0020401580871062, 0.4974563908751385 *   0
0.0158937992602092, 0.0301961214422230, 0.2219292480600668, 0.9990122057492902, 0.5, 0.5, 0.5, 0.5, 0.5, 0.5 * 0.0000532027679036, 0.0000000526053515, 0.0001867101730647, 0.0077069340837848, 0.4920531003698954 *   0
0.0026958375250436, 0.3286358641128223, 0.1958169314059508, 0.7415854063544355, 0.5, 0.5, 0.5, 0.5, 0.5, 0.5 * 0.0000643265249026, 0.0000224153720541, 0.0003562325503185, 0.0009049443152465, 0.4986520812374782 *   0
0.0200663544331055, 0.0405232184755258, 0.1775830547220926, 0.2613111460866924, 0.5, 0.5, 0.5, 0.5, 0.5, 0.5 * 0.0000188669575078, 0.0000533341628436, 0.0003343755119987, 0.0096266005842027, 0.4899668227834473 *   0
0.9513397714827860, 0.0364786246961349, 0.7910336324903340, 0.4343740308817355, 0.5, 0.5, 0.5, 0.5, 0.5, 0.5 * 0.0059621502409088, 0.0077636938865733, 0.0036259391137315, 0.4583181025001794, 0.0243301142586070 *   0
0.5249987377435894, 0.0104904333178375, 0.6974735696322627, 0.1390372301167982, 0.5, 0.5, 0.5, 0.5, 0.5, 0.5 * 0.0002670426033658, 0.0016536127717555, 0.0008330767500027, 0.2597456367466707, 0.2375006311282053 *   0
0.3473205554053749, 0.0011114431550314, 0.9883397133035304, 0.6743007757115647, 0.5, 0.5, 0.5, 0.5, 0.5, 0.5 * 0.0001286315943010, 0.0000621313395919, 0.0000022505930606, 0.1734672641757339, 0.3263397222973126 *   0
0.0159261482841923, 0.0779850222533499, 0.1237300504575158, 0.6738326087006520, 0.5, 0.5, 0.5, 0.5, 0.5, 0.5 * 0.0000517748886694, 0.0000250615362838, 0.0005441640892232, 0.0073420736279197, 0.4920369258579039 *   0
0.9864210570167848, 0.0750607219874210, 0.9647853467449478, 0.5665025229409815, 0.5, 0.5, 0.5, 0.5, 0.5, 0.5 * 0.0202338079426921, 0.0154832579542943, 0.0013036724646511, 0.4561897901467550, 0.0067894714916076 *   0
0.0044853491729523, 0.2639316237829307, 0.2883645055295734, 0.8763528372516636, 0.5, 0.5, 0.5, 0.5, 0.5, 0.5 * 0.0001495817090580, 0.0000211049170356, 0.0004212261191318, 0.0016507618412508, 0.4977573254135239 *   0
0.8004152215087857, 0.0346318902609087, 0.0953463255871769, 0.2097797059499564, 0.5, 0.5, 0.5, 0.5, 0.5, 0.5 * 0.0002772228177024, 0.0010442721116906, 0.0125384511278336, 0.3863476646971662, 0.0997923892456071 *   0
0.3453833224928860, 0.0018117744484040, 0.6857320990812649, 0.6850883498252781, 0.5, 0.5, 0.5, 0.5, 0.5, 0.5 * 0.0001469861989683, 0.0000675645213961, 0.0000983276189344, 0.1723787829071443, 0.3273083387535570 *   0
0.0975573305494885, 0.0051330137090446, 0.3965929543583621, 0.2316283286696432, 0.5, 0.5, 0.5, 0.5, 0.5, 0.5 * 0.0000230005914983, 0.0000762989701330, 0.0001510819959329, 0.0485282837171801, 0.4512213347252558 *   0
0.0059816059684295, 0.9216004605039956, 0.6336307575151467, 0.0044582719004053, 0.5, 0.5, 0.5, 0.5, 0.5, 0.5 * 0.0000077863386864, 0.0017387062172445, 0.0010098328515982, 0.0002344775766857, 0.4970091970157852 *   0
0.1444949676024238, 0.0024800645199046, 0.4123656053153638, 0.5801589533594246, 0.5, 0.5, 0.5, 0.5, 0.5, 0.5 * 0.0000428662151046, 0.0000310208030244, 0.0001052914030987, 0.0720683053799842, 0.4277525161987881 *   0
0.9778874744558183, 0.1145716375273520, 0.8101642838726585, 0.0526072317979332, 0.5, 0.5, 0.5, 0.5, 0.5, 0.5 * 0.0023875614120650, 0.0429971001727866, 0.0106344230480932, 0.4329246525949643, 0.0110562627720909 *   0
0.0034088650734205, 0.4632395419586634, 0.6512705523759456, 0.6357801280151029, 0.5, 0.5, 0.5, 0.5, 0.5, 0.5 * 0.0003269292895770, 0.0001872882443960, 0.0002753430136321, 0.0009148719891052, 0.4982955674632897 *   0
0.0066765300029314, 0.2563647913077682, 0.4815187861591199, 0.6097111746714037, 0.5, 0.5, 0.5, 0.5, 0.5, 0.5 * 0.0002512560797074, 0.0001608342511657, 0.0004437232795577, 0.0024824513910349, 0.4966617349985343 *   0
0.8466107472063092, 0.0816780226685470, 0.0006836452524567, 0.8563203047291936, 0.5, 0.5, 0.5, 0.5, 0.5, 0.5 * 0.0000202407239202, 0.0000033961369698, 0.0345511090399862, 0.3887306277022784, 0.0766946263968454 *   0
0.0027373060596815, 0.6111559302598033, 0.7429812670419836, 0.6571366482680369, 0.5, 0.5, 0.5, 0.5, 0.5, 0.5 * 0.0004083936169843, 0.0002130808024697, 0.0002149859962012, 0.0005321926141855, 0.4986313469701593 *   0
0.1866383311276503, 0.0163162797765416, 0.9853558046675082, 0.0659266882883043, 0.5, 0.5, 0.5, 0.5, 0.5, 0.5 * 0.0000989113956806, 0.0014014126498415, 0.0000222975683307, 0.0917965439499724, 0.4066808344361749 *   0
0.0053030783335227, 0.6564539301472035, 0.1236189944313928, 0.2039713562484697, 0.5, 0.5, 0.5, 0.5, 0.5, 0.5 * 0.0000438891014487, 0.0001712837652515, 0.0015254404402595, 0.0009109258598016, 0.4973484608332386 *   0
0.6020651751207491, 0.0215654601443398, 0.0424514771636815, 0.7161344572511197, 0.5, 0.5, 0.5, 0.5, 0.5, 0.5 * 0.0001973602188959, 0.0000782307918390, 0.0062163152584459, 0.2945406812911938, 0.1989674124396255 *   0
0.0514138587989909, 0.3182405076540264, 0.9575139675091552, 0.0159953679032602, 0.5, 0.5, 0.5, 0.5, 0.5, 0.5 * 0.0001252982527203, 0.0077081103614532, 0.0003475776481482, 0.0175259431371738, 0.4742930706005046 *   0
0.6291773308204381, 0.0208223420292243, 0.5182851546063484, 0.3394457271040630, 0.5, 0.5, 0.5, 0.5, 0.5, 0.5 * 0.0011524225892887, 0.0022425902132598, 0.0031554599871403, 0.3080381926205303, 0.1854113345897809 *   0
0.0067641329983082, 0.4726317350159547, 0.5003271370662037, 0.6653580943426853, 0.5, 0.5, 0.5, 0.5, 0.5, 0.5 * 0.0005321260564026, 0.0002676328417412, 0.0007987130592907, 0.0017835945417196, 0.4966179335008459 *   0
0.0115512278916087, 0.3500629325164775, 0.5931692144801697, 0.4591954943999627, 0.5, 0.5, 0.5, 0.5, 0.5, 0.5 * 0.0005507068825010, 0.0006485794546192, 0.0008225420178311, 0.0037537855908530, 0.4942243860541957 *   0
0.8008262770254287, 0.1235144227386985, 0.8844999055771622, 0.0816118992313798, 0.5, 0.5, 0.5, 0.5, 0.5, 0.5 * 0.0035700744077563, 0.0401744584530061, 0.0057122647996260, 0.3509563408523259, 0.0995868614872856 *   0
0.4016074637889897, 0.0323951733449451, 0.2907854063859142, 0.0891093467777173, 0.5, 0.5, 0.5, 0.5, 0.5, 0.5 * 0.0001685574509364, 0.0017230224677998, 0.0046134917842978, 0.1942986601914608, 0.2991962681055051 *   0
0.0126240607409850, 0.6049937552795717, 0.0463923937857116, 0.7524526988866053, 0.5, 0.5, 0.5, 0.5, 0.5, 0.5 * 0.0001333048523209, 0.0000438555891502, 0.0036415785158119, 0.0024932914132095, 0.4936879696295075 *   0
0.1324934992624882, 0.0630008331793364, 0.2340481342906356, 0.4322606275939665, 0.5, 0.5, 0.5, 0.5, 0.5, 0.5 * 0.0004222422925126, 0.0005545810995758, 0.0031967770301028, 0.0620731492090528, 0.4337532503687559 *   0
0.3727501134261257, 0.0341852223659797, 0.5099944418808420, 0.4158865541293689, 0.5, 0.5, 0.5, 0.5, 0.5, 0.5 * 0.0013513458754344, 0.0018979678184486, 0.0031219590633252, 0.1800037839558547, 0.3136249432869371 *   0
0.0536214723501454, 0.1247935179270774, 0.9755847519149933, 0.8300231256662044, 0.5, 0.5, 0.5, 0.5, 0.5, 0.5 * 0.0027092929267900, 0.0005548244730902, 0.0000816886856219, 0.0234649300895706, 0.4731892638249273 *   0
0.0632256591055662, 0.1389395022480467, 0.6197961785922741, 0.5114730068070222, 0.5, 0.5, 0.5, 0.5, 0.5, 0.5 * 0.0013923894410989, 0.0013299232177669, 0.0016699581438502, 0.0272205587500671, 0.4683871704472169 *   0
0.0557679566814415, 0.2418849888452725, 0.8424573083605884, 0.3204003704341130, 0.5, 0.5, 0.5, 0.5, 0.5, 0.5 * 0.0018205581941078, 0.0038615769159144, 0.0010625806798848, 0.0211392625508137, 0.4721160216592792 *   0
0.7927612214315503, 0.5116665016448435, 0.9995639193801041, 0.4917839190418757, 0.5, 0.5, 0.5, 0.5, 0.5, 0.5 * 0.0996975032522941, 0.1030287336009382, 0.0000884435515549, 0.1935659303109879, 0.1036193892842249 *   0
0.9613521247922220, 0.0969567746375486, 0.1254251055072179, 0.8014439133933949, 0.5, 0.5, 0.5, 0.5, 0.5, 0.5 * 0.0046847699002110, 0.0011606421391359, 0.0407593886160571, 0.4340712617407070, 0.0193239376038890 *   0
0.0653650663166144, 0.4356371343301782, 0.3596874896249210, 0.0132175446549512, 0.5, 0.5, 0.5, 0.5, 0.5, 0.5 * 0.0000676887855379, 0.0050534428092397, 0.0091165934929585, 0.0184448080705712, 0.4673174668416928 *   0
0.9416980351981232, 0.1055273376896639, 0.2661081875050944, 0.6112369925767356, 0.5, 0.5, 0.5, 0.5, 0.5, 0.5 * 0.0080819194458261, 0.0051403160274490, 0.0364652078077476, 0.4211615743180389, 0.0291509824009384 *   0
0.5874796573014369, 0.0973831373720351, 0.8195532280111467, 0.9713610643387591, 0.5, 0.5, 0.5, 0.5, 0.5, 0.5 * 0.0227721720204865, 0.0006713989198294, 0.0051617351448150, 0.2651345225655875, 0.2062601713492815 *   0
