0.9442080934272186, 0.0232515772912891, 0.0027597276506758, 0.0143413981489564, 0.5, 0.5, 0.5, 0.5, 0.5, 0.5, 0.5, 0.5, 0.5, 0.5 * 0.0, 0.0000000000000000, 0.0000000000000000, 0.0000000000000000, 0.0 *   0
0.9442080934272186, 0.0232515772912891, 0.0027597276506758, 0.0143413981489564, 0.5, 0.5, 0.5, 0.5, 0.5, 0.5, 0.5, 0.5, 0.5, 0.5 * 0.9999872722222257, 0.0000000000000000, 0.0000000000000000, 0.0000000000000000, 0.0050453338395317 *   0
0.9969579605371496, 0.0831956742718796, 0.0233247587565914, 0.1263867146924076, 0.5, 0.5, 0.5, 0.5, 0.5, 0.5, 0.5, 0.5, 0.5, 0.5 * 0.4009381519271964, 0.0000000000000000, 0.0000000000000000, 0.0000000000000000, 0.9161051240601181 *   0
0.9900163379451336, 0.2095665518238985, 0.0176471094683032, 0.0086063183884166, 0.5, 0.5, 0.5, 0.5, 0.5, 0.5, 0.5, 0.5, 0.5, 0.5 * 0.8386960352707475, 0.0000000000000000, 0.0000000000000000, 0.0000000000000000, 0.5445998167656035 *   0
0.9900057441508424, 0.1195777268705786, 0.0213940627972568, 0.0490423720558371, 0.5, 0.5, 0.5, 0.5, 0.5, 0.5, 0.5, 0.5, 0.5, 0.5 * 0.8390313144930091, 0.0000000000000000, 0.0000000000000000, 0.0000000000000000, 0.5440831308726024 *   0
0.9966228241085181, 0.7513403602649180, 0.0080558327064178, 0.0064331451460873, 0.5, 0.5, 0.5, 0.5, 0.5, 0.5, 0.5, 0.5, 0.5, 0.5 * 0.4357178524486137, 0.0000000000000000, 0.0000000000000000, 0.0000000000002624, 0.9000833033989510 *   0
0.9949482423229833, 0.0338018094346867, 0.0645006732384212, 0.0859135231403231, 0.5, 0.5, 0.5, 0.5, 0.5, 0.5, 0.5, 0.5, 0.5, 0.5 * 0.5844412848394007, 0.0000000000000000, 0.0000000000000000, 0.0000000000000000, 0.8114360015277055 *   0
0.5056477880597338, 0.9998973947949230, 0.0078349383584386, 0.0226498697989852, 0.5, 0.5, 0.5, 0.5, 0.5, 0.5, 0.5, 0.5, 0.5, 0.5 * 0.0160349158739714, 0.0000000000000000, 0.0000000000000000, 0.9998714324716527, 0.0000000000000000 *   0
0.9870485202349017, 0.0086145484860123, 0.0850407509529222, 0.0344304223705225, 0.5, 0.5, 0.5, 0.5, 0.5, 0.5, 0.5, 0.5, 0.5, 0.5 * 0.9103984982329993, 0.0000000000000000, 0.0000000000000000, 0.0000000000000000, 0.4137324913698459 *   0
0.9829196119601464, 0.0189621392725791, 0.0355541329065124, 0.1077059829177828, 0.5, 0.5, 0.5, 0.5, 0.5, 0.5, 0.5, 0.5, 0.5, 0.5 * 0.9609194532225480, 0.0000000000000000, 0.0000000000000000, 0.0000000000000000, 0.2768281134900851 *   0
0.9958311268109041, 0.2246593992340655, 0.0574752348742798, 0.0212632180290591, 0.5, 0.5, 0.5, 0.5, 0.5, 0.5, 0.5, 0.5, 0.5, 0.5 * 0.5110395886409723, 0.0000000000000000, 0.0000000000000000, 0.0000000000000000, 0.8595571760166195 *   0
0.9923812127636658, 0.0507064992798057, 0.0616601230863762, 0.1165364799632395, 0.5, 0.5, 0.5, 0.5, 0.5, 0.5, 0.5, 0.5, 0.5, 0.5 * 0.7444443542396237, 0.0000000000000000, 0.0000000000000000, 0.0000000000000000, 0.6676845089117686 *   0
0.9921276057102381, 0.0008795927282793, 0.0603649951798678, 0.1919309800453163, 0.5, 0.5, 0.5, 0.5, 0.5, 0.5, 0.5, 0.5, 0.5, 0.5 * 0.7566350942050185, 0.0000000000000000, 0.0000000000000000, 0.0000000000000000, 0.6538373912658734 *   0
0.9897942184423070, 0.0347015578461353, 0.1191300894688489, 0.0284937289676134, 0.5, 0.5, 0.5, 0.5, 0.5, 0.5, 0.5, 0.5, 0.5, 0.5 * 0.8455866326331731, 0.0000000000000000, 0.0000000000000000, 0.0000000000000000, 0.5338382214792147 *   0
0.0066513582163730, 0.0027117123839966, 0.0089928899002228, 0.0316036893202009, 0.5, 0.5, 0.5, 0.5, 0.5, 0.5, 0.5, 0.5, 0.5, 0.5 * 1.0000000000000000, 0.0000000000000000, 0.0000000000000000, 0.0000000000000000, 0.0000000000000000 *   0
0.0819339277604287, 0.0011672484693896, 0.0001388047822466, 0.0444391761182059, 0.5, 0.5, 0.5, 0.5, 0.5, 0.5, 0.5, 0.5, 0.5, 0.5 * 1.0000000000000000, 0.0000000000000000, 0.0000000000000000, 0.0000000000000000, 0.0000000000000000 *   0
0.9604336670415633, 0.9993876665827761, 0.0037476629967558, 0.0364390216006148, 0.5, 0.5, 0.5, 0.5, 0.5, 0.5, 0.5, 0.5, 0.5, 0.5 * 0.0931559173417348, 0.0000000000000000, 0.0000000000000000, 0.9952655657603330, 0.0277205460982300 *   0
0.9943530820283820, 0.1907426743725048, 0.0864446317248254, 0.0253281965969727, 0.5, 0.5, 0.5, 0.5, 0.5, 0.5, 0.5, 0.5, 0.5, 0.5 * 0.6281483611318734, 0.0000000000000000, 0.0000000000000000, 0.0000000000000000, 0.7780935910334575 *   0
0.6119202024358884, 0.0352262859396759, 0.0016537592754018, 0.0180524168620130, 0.5, 0.5, 0.5, 0.5, 0.5, 0.5, 0.5, 0.5, 0.5, 0.5 * 1.0000000000000000, 0.0000000000000000, 0.0000000000000000, 0.0000000000000000, 0.0000000000000000 *   0
0.0188748701563454, 0.9984221314072712, 0.0398780922591119, 0.0028976891203307, 0.5, 0.5, 0.5, 0.5, 0.5, 0.5, 0.5, 0.5, 0.5, 0.5 * 0.2274453681414219, 0.0000000000000000, 0.0000000000000000, 0.9737908422813459, 0.0000000000000000 *   0
0.9981000232501421, 0.5968233605831971, 0.0465344619222611, 0.0350309824734139, 0.5, 0.5, 0.5, 0.5, 0.5, 0.5, 0.5, 0.5, 0.5, 0.5 * 0.2687005121187672, 0.0000000000000000, 0.0000000000000000, 0.0000000000000000, 0.9632237719175707 *   0
0.9980193008659497, 0.3183415500998225, 0.0560388569981041, 0.1119660600609919, 0.5, 0.5, 0.5, 0.5, 0.5, 0.5, 0.5, 0.5, 0.5, 0.5 * 0.2787627344180253, 0.0000000000000000, 0.0000000000000000, 0.0000000000000000, 0.9603600043211845 *   0
0.9990954743694027, 0.2668283247700093, 0.0078483535944709, 0.2789379094163598, 0.5, 0.5, 0.5, 0.5, 0.5, 0.5, 0.5, 0.5, 0.5, 0.5 * 0.1354868887948624, 0.0000000000000000, 0.0000000000000000, 0.0000000000000000, 0.9907791393467510 *   0
0.9974295068520259, 0.3772275114325935, 0.0781744080959700, 0.0531155439341048, 0.5, 0.5, 0.5, 0.5, 0.5, 0.5, 0.5, 0.5, 0.5, 0.5 * 0.3489535446284283, 0.0000000000000000, 0.0000000000000000, 0.0000000000000000, 0.9371400235243693 *   0
0.9930924312179408, 0.0395577517522302, 0.1121580666453382, 0.1682866756656611, 0.5, 0.5, 0.5, 0.5, 0.5, 0.5, 0.5, 0.5, 0.5, 0.5 * 0.7071103724467465, 0.0000000000000000, 0.0000000000000000, 0.0000000000000000, 0.7071031899081092 *   0
0.9431234472166390, 0.0530638890588022, 0.0235261586604296, 0.0767017226092060, 0.5, 0.5, 0.5, 0.5, 0.5, 0.5, 0.5, 0.5, 0.5, 0.5 * 0.9999898861282178, 0.0000000000000000, 0.0000000000000000, 0.0000000000000000, 0.0044975150109784 *   0
0.9948753351321795, 0.1724293856753173, 0.1600991078466638, 0.0307347839841315, 0.5, 0.5, 0.5, 0.5, 0.5, 0.5, 0.5, 0.5, 0.5, 0.5 * 0.5900354180995161, 0.0000000000000000, 0.0000000000000000, 0.0000000000000000, 0.8073773624446806 *   0
0.9976546126406894, 0.6087781128514456, 0.0317496294303563, 0.0802835598961839, 0.5, 0.5, 0.5, 0.5, 0.5, 0.5, 0.5, 0.5, 0.5, 0.5 * 0.3228505673599823, 0.0000000000000000, 0.0000000000000000, 0.0000000000000000, 0.9464499517435339 *   0
0.9996053343636940, 0.1342170797913415, 0.1779720746809487, 0.1085385256952320, 0.5, 0.5, 0.5, 0.5, 0.5, 0.5, 0.5, 0.5, 0.5, 0.5 * 0.0607608394848910, 0.0000000000000000, 0.0000000000000000, 0.0000000000000000, 0.9981523532933694 *   0
0.4587177133461077, 0.0161625468247396, 0.0247762822661438, 0.0255829156495551, 0.5, 0.5, 0.5, 0.5, 0.5, 0.5, 0.5, 0.5, 0.5, 0.5 * 1.0000000000000000, 0.0000000000000000, 0.0000000000000000, 0.0000000000000000, 0.0000000000000000 *   0
0.3181789216204448, 0.0406261696669395, 0.0170388538469741, 0.0195223386490356, 0.5, 0.5, 0.5, 0.5, 0.5, 0.5, 0.5, 0.5, 0.5, 0.5 * 1.0000000000000000, 0.0000000000000000, 0.0000000000000000, 0.0000000000000000, 0.0000000000000000 *   0
0.9856048328734957, 0.1746301535398840, 0.0490400656354800, 0.1236886405962001, 0.5, 0.5, 0.5, 0.5, 0.5, 0.5, 0.5, 0.5, 0.5, 0.5 * 0.9328794708187588, 0.0000000000000000, 0.0000000000000000, 0.0000000000000000, 0.3601886907232271 *   0
0.9930856232499171, 0.2165227621870687, 0.1258299509649304, 0.0558813340290828, 0.5, 0.5, 0.5, 0.5, 0.5, 0.5, 0.5, 0.5, 0.5, 0.5 * 0.7074908538432403, 0.0000000000000000, 0.0000000000000000, 0.0000000000000000, 0.7067224998032557 *   0
0.9950579497940177, 0.7301307989890365, 0.0154635617581492, 0.0718770544379377, 0.5, 0.5, 0.5, 0.5, 0.5, 0.5, 0.5, 0.5, 0.5, 0.5 * 0.5758933416438125, 0.0000000000000000, 0.0000000000000000, 0.0000000000000198, 0.8175248369623538 *   0
0.0228290753545375, 0.0070837494018878, 0.0600122809689549, 0.0019905953677327, 0.5, 0.5, 0.5, 0.5, 0.5, 0.5, 0.5, 0.5, 0.5, 0.5 * 1.0000000000000000, 0.0000000000000000, 0.0000000000000000, 0.0000000000000000, 0.0000000000000000 *   0
0.6410245986846390, 0.0686520142800417, 0.0151516730036361, 0.0085337907115621, 0.5, 0.5, 0.5, 0.5, 0.5, 0.5, 0.5, 0.5, 0.5, 0.5 * 1.0000000000000000, 0.0000000000000000, 0.0000000000000000, 0.0000000000000000, 0.0000000000000000 *   0
0.9967191186718266, 0.8339283405029813, 0.0003021517769909, 0.1134420130930105, 0.5, 0.5, 0.5, 0.5, 0.5, 0.5, 0.5, 0.5, 0.5, 0.5 * 0.4259056155404808, 0.0000000000000000, 0.0000000000000000, 0.0000000086757409, 0.9047675981439013 *   0
0.9937371457897766, 0.2746850435038493, 0.1609962145616283, 0.0257822908581152, 0.5, 0.5, 0.5, 0.5, 0.5, 0.5, 0.5, 0.5, 0.5, 0.5 * 0.6689102431829532, 0.0000000000000000, 0.0000000000000000, 0.0000000000000000, 0.7433431822280490 *   0
0.9926906395669517, 0.1165768839961741, 0.1074376106762502, 0.2183008646677718, 0.5, 0.5, 0.5, 0.5, 0.5, 0.5, 0.5, 0.5, 0.5, 0.5 * 0.7287885913424962, 0.0000000000000000, 0.0000000000000000, 0.0000000000000000, 0.6847387743724026 *   0
0.5158839912693407, 0.1063899649802549, 0.0064912047267385, 0.0035582375729262, 0.5, 0.5, 0.5, 0.5, 0.5, 0.5, 0.5, 0.5, 0.5, 0.5 * 1.0000000000000000, 0.0000000000000000, 0.0000000000000000, 0.0000000000000000, 0.0000000000000000 *   0
0.9544579568106951, 0.0068243541786561, 0.0596213816011424, 0.1531614238178178, 0.5, 0.5, 0.5, 0.5, 0.5, 0.5, 0.5, 0.5, 0.5, 0.5 * 0.9998897033472673, 0.0000000000000000, 0.0000000000000000, 0.0000000000000000, 0.0148519742833651 *   0
0.9890329535068166, 0.0068975896606676, 0.1672700700197695, 0.1994027426463565, 0.5, 0.5, 0.5, 0.5, 0.5, 0.5, 0.5, 0.5, 0.5, 0.5 * 0.8671077129084135, 0.0000000000000000, 0.0000000000000000, 0.0000000000000000, 0.4981206823800236 *   0
0.4056884015005494, 0.9957232223803751, 0.0088255507912606, 0.0760222878661111, 0.5, 0.5, 0.5, 0.5, 0.5, 0.5, 0.5, 0.5, 0.5, 0.5 * 0.5205903903637696, 0.0000000000000000, 0.0000000000000000, 0.8538065620858731, 0.0000000000000000 *   0
0.9967236062496545, 0.3796288181932777, 0.0014104759327185, 0.3031813219670119, 0.5, 0.5, 0.5, 0.5, 0.5, 0.5, 0.5, 0.5, 0.5, 0.5 * 0.4254448034895569, 0.0000000000000000, 0.0000000000000000, 0.0000000000000000, 0.9049843751047486 *   0
0.8913320181385297, 0.0711857644241237, 0.0495592844903279, 0.0135265709895299, 0.5, 0.5, 0.5, 0.5, 0.5, 0.5, 0.5, 0.5, 0.5, 0.5 * 0.9999999998743648, 0.0000000000000000, 0.0000000000000000, 0.0000000000000000, 0.0000158515091551 *   0
0.9866494750541865, 0.3137729853921444, 0.1142994771312454, 0.0343741267148285, 0.5, 0.5, 0.5, 0.5, 0.5, 0.5, 0.5, 0.5, 0.5, 0.5 * 0.9172618452141866, 0.0000000000000000, 0.0000000000000000, 0.0000000000000000, 0.3982847063524604 *   0
0.9807912278830965, 0.1330604907744846, 0.0054723685632797, 0.3368517473977300, 0.5, 0.5, 0.5, 0.5, 0.5, 0.5, 0.5, 0.5, 0.5, 0.5 * 0.9746091132393441, 0.0000000000000000, 0.0000000000000000, 0.0000000000000000, 0.2239131000875552 *   0
0.7011242749640365, 0.9971830341951843, 0.0182440588335712, 0.0743086221973918, 0.5, 0.5, 0.5, 0.5, 0.5, 0.5, 0.5, 0.5, 0.5, 0.5 * 0.3765760435275334, 0.0000000000000000, 0.0000000000000000, 0.9263857098644976, 0.0000000000000006 *   0
0.9869112302488234, 0.7994450436902443, 0.0366195519625300, 0.0066816434295297, 0.5, 0.5, 0.5, 0.5, 0.5, 0.5, 0.5, 0.5, 0.5, 0.5 * 0.9128205089207544, 0.0000000000000000, 0.0000000000000000, 0.0000000002725001, 0.4083610149042817 *   0
0.9948514993278550, 0.1952468092531184, 0.0214448599244677, 0.4600026679504675, 0.5, 0.5, 0.5, 0.5, 0.5, 0.5, 0.5, 0.5, 0.5, 0.5 * 0.5918494782139945, 0.0000000000000000, 0.0000000000000000, 0.0000000000000000, 0.8060485066903992 *   0
0.9989035651082655, 0.7607854226421497, 0.0152455871064428, 0.1620214028107102, 0.5, 0.5, 0.5, 0.5, 0.5, 0.5, 0.5, 0.5, 0.5, 0.5 * 0.1624826978775425, 0.0000000000000000, 0.0000000000000000, 0.0000000000003413, 0.9867113929059679 *   0
0.9963468862680471, 0.2153065983277311, 0.0540765142320080, 0.3523410015517571, 0.5, 0.5, 0.5, 0.5, 0.5, 0.5, 0.5, 0.5, 0.5, 0.5 * 0.4630410566008381, 0.0000000000000000, 0.0000000000000000, 0.0000000000000000, 0.8863368320802084 *   0
0.9896007454905662, 0.5882516189423630, 0.0524897827079938, 0.0584602980215383, 0.5, 0.5, 0.5, 0.5, 0.5, 0.5, 0.5, 0.5, 0.5, 0.5 * 0.8513559705743877, 0.0000000000000000, 0.0000000000000000, 0.0000000000000000, 0.5245884209238155 *   0
0.9899882660200765, 0.0671799462601449, 0.1683255225272502, 0.2042608872075849, 0.5, 0.5, 0.5, 0.5, 0.5, 0.5, 0.5, 0.5, 0.5, 0.5 * 0.8395830035336458, 0.0000000000000000, 0.0000000000000000, 0.0000000000000000, 0.5432314241439113 *   0
0.9642307390292318, 0.2709237752812559, 0.0923709301708131, 0.0002742120997394, 0.5, 0.5, 0.5, 0.5, 0.5, 0.5, 0.5, 0.5, 0.5, 0.5 * 0.9991540533126011, 0.0000000000000000, 0.0000000000000000, 0.0000000000000000, 0.0411239315849051 *   0
0.9900340060657049, 0.2313142983388688, 0.0134903420756992, 0.3649790651933192, 0.5, 0.5, 0.5, 0.5, 0.5, 0.5, 0.5, 0.5, 0.5, 0.5 * 0.8381353630596429, 0.0000000000000000, 0.0000000000000000, 0.0000000000000000, 0.5454622930953895 *   0
0.8784425630599458, 0.1126704342256628, 0.0256248405322548, 0.0225964491360804, 0.5, 0.5, 0.5, 0.5, 0.5, 0.5, 0.5, 0.5, 0.5, 0.5 * 0.9999999999931785, 0.0000000000000000, 0.0000000000000000, 0.0000000000000000, 0.0000036936600302 *   0
0.7049308250215514, 0.9914470873733270, 0.0503096417758193, 0.0089480397333149, 0.5, 0.5, 0.5, 0.5, 0.5, 0.5, 0.5, 0.5, 0.5, 0.5 * 0.7866782162279208, 0.0000000000000000, 0.0000000000000000, 0.6173632513459614, 0.0000000000000010 *   0
0.0919131734836442, 0.0169716565948779, 0.0049969716952168, 0.9860395551594159, 0.5, 0.5, 0.5, 0.5, 0.5, 0.5, 0.5, 0.5, 0.5, 0.5 * 0.9267675112343973, 0.3756354351234736, 0.0000000000000000, 0.0000000000000000, 0.0000000000000000 *   0
0.9912043809849789, 0.5095682141881288, 0.0324119883740377, 0.1562581305188397, 0.5, 0.5, 0.5, 0.5, 0.5, 0.5, 0.5, 0.5, 0.5, 0.5 * 0.7965110635754302, 0.0000000000000000, 0.0000000000000000, 0.0000000000000000, 0.6046239538770664 *   0
0.9997163210062852, 0.0364726823924448, 0.0773175866703119, 0.9322281288598795, 0.5, 0.5, 0.5, 0.5, 0.5, 0.5, 0.5, 0.5, 0.5, 0.5 * 0.0439260500950523, 0.0000618105526809, 0.0000000000000000, 0.0000000000000000, 0.9990347833296409 *   0
0.9722377285232012, 0.1841030382477227, 0.0426635230158752, 0.2100948361726919, 0.5, 0.5, 0.5, 0.5, 0.5, 0.5, 0.5, 0.5, 0.5, 0.5 * 0.9955803930838646, 0.0000000000000000, 0.0000000000000000, 0.0000000000000000, 0.0939131561975089 *   0
0.9959515319186968, 0.5735206979203600, 0.1085307379758594, 0.0894847084253490, 0.5, 0.5, 0.5, 0.5, 0.5, 0.5, 0.5, 0.5, 0.5, 0.5 * 0.5001844543973220, 0.0000000000000000, 0.0000000000000000, 0.0000000000000000, 0.8659188827940255 *   0
0.9897839333814494, 0.0777885122586919, 0.0424605207715465, 0.6311565305251425, 0.5, 0.5, 0.5, 0.5, 0.5, 0.5, 0.5, 0.5, 0.5, 0.5 * 0.8458987070465207, 0.0000000000000000, 0.0000000000000000, 0.0000000000000000, 0.5333435828966394 *   0
0.9642256172207303, 0.1448423811909009, 0.0822711950551119, 0.1425674940191989, 0.5, 0.5, 0.5, 0.5, 0.5, 0.5, 0.5, 0.5, 0.5, 0.5 * 0.9991549514125199, 0.0000000000000000, 0.0000000000000000, 0.0000000000000000, 0.0411021053943106 *   0
0.1520804391019421, 0.0403985819036134, 0.0576199554175231, 0.9967519817858711, 0.5, 0.5, 0.5, 0.5, 0.5, 0.5, 0.5, 0.5, 0.5, 0.5 * 0.4225237115144490, 0.9063518705271451, 0.0000000000000000, 0.0000000000000000, 0.0000000000000000 *   0
0.9845499568546889, 0.4325816917384889, 0.0911497357725863, 0.0764038609696570, 0.5, 0.5, 0.5, 0.5, 0.5, 0.5, 0.5, 0.5, 0.5, 0.5 * 0.9457010731511154, 0.0000000000000000, 0.0000000000000000, 0.0000000000000000, 0.3250376597270364 *   0
0.9925380870665135, 0.0065430551797818, 0.2003129139544037, 0.3364099917637231, 0.5, 0.5, 0.5, 0.5, 0.5, 0.5, 0.5, 0.5, 0.5, 0.5 * 0.7366168810169021, 0.0000000000000000, 0.0000000000000000, 0.0000000000000000, 0.6763102620845931 *   0
0.9381634979220869, 0.1824416379362539, 0.0615023193235986, 0.0485277255291714, 0.5, 0.5, 0.5, 0.5, 0.5, 0.5, 0.5, 0.5, 0.5, 0.5 * 0.9999964769745194, 0.0000000000000000, 0.0000000000000000, 0.0000000000000000, 0.0026544375203427 *   0
0.9971667900668303, 0.1051829578844751, 0.3234197778270672, 0.1398900235723192, 0.5, 0.5, 0.5, 0.5, 0.5, 0.5, 0.5, 0.5, 0.5, 0.5 * 0.3783617113845852, 0.0000000000000000, 0.0000000000000000, 0.0000000000000000, 0.9256578284431715 *   0
0.9300401238398813, 0.1552830772266179, 0.0303554800480397, 0.0941963727093285, 0.5, 0.5, 0.5, 0.5, 0.5, 0.5, 0.5, 0.5, 0.5, 0.5 * 0.9999993812050278, 0.0000000000000000, 0.0000000000000000, 0.0000000000000000, 0.0011124700271870 *   0
0.9198452555201228, 0.0026122001011913, 0.0682872953211364, 0.1385347136010112, 0.5, 0.5, 0.5, 0.5, 0.5, 0.5, 0.5, 0.5, 0.5, 0.5 * 0.9999999317403147, 0.0000000000000000, 0.0000000000000000, 0.0000000000000000, 0.0003694852717712 *   0
0.9877376351448417, 0.4238665529637907, 0.0335504235856004, 0.2120633396376219, 0.5, 0.5, 0.5, 0.5, 0.5, 0.5, 0.5, 0.5, 0.5, 0.5 * 0.8972112253097477, 0.0000000000000000, 0.0000000000000000, 0.0000000000000000, 0.4416016498816338 *   0
0.3960850883257040, 0.9994726940055716, 0.1079159095454569, 0.0282022357118326, 0.5, 0.5, 0.5, 0.5, 0.5, 0.5, 0.5, 0.5, 0.5, 0.5 * 0.0806162501505962, 0.0000000000000000, 0.0000000000000000, 0.9967452132875565, 0.0000000000000000 *   0
0.5309063934399311, 0.0966108506995304, 0.0192848402165272, 0.9957742281238429, 0.5, 0.5, 0.5, 0.5, 0.5, 0.5, 0.5, 0.5, 0.5, 0.5 * 0.5160965435836767, 0.8565304184329836, 0.0000000000000000, 0.0000000000000000, 0.0000000000000000 *   0
0.9818256506611712, 0.4974394428997484, 0.0016305400066220, 0.1878741119000475, 0.5, 0.5, 0.5, 0.5, 0.5, 0.5, 0.5, 0.5, 0.5, 0.5 * 0.9686812432416585, 0.0000000000000000, 0.0000000000000000, 0.0000000000000000, 0.2483075693405154 *   0
0.7361398058646078, 0.0001189601608175, 0.0021952162506968, 0.1352198599536064, 0.5, 0.5, 0.5, 0.5, 0.5, 0.5, 0.5, 0.5, 0.5, 0.5 * 1.0000000000000000, 0.0000000000000000, 0.0000000000000000, 0.0000000000000000, 0.0000000000000780 *   0
0.5580498443721095, 0.9998365915379658, 0.0512397787772304, 0.1134108319475366, 0.5, 0.5, 0.5, 0.5, 0.5, 0.5, 0.5, 0.5, 0.5, 0.5 * 0.0254588717125800, 0.0000000000000000, 0.0000000000000000, 0.9996758703955609, 0.0000000000000000 *   0
0.1174569102551122, 0.9861349440115201, 0.0372060463005705, 0.0504284841243310, 0.5, 0.5, 0.5, 0.5, 0.5, 0.5, 0.5, 0.5, 0.5, 0.5 * 0.9253549592704388, 0.0000000000000000, 0.0000000000000000, 0.3791018324324016, 0.0000000000000000 *   0
0.9581047892375406, 0.0065066274285813, 0.2795005041544794, 0.0266103805166718, 0.5, 0.5, 0.5, 0.5, 0.5, 0.5, 0.5, 0.5, 0.5, 0.5 * 0.9997635197625628, 0.0000000000000000, 0.0000000000000000, 0.0000000000000000, 0.0217463687077100 *   0
0.9595434698087831, 0.0696616722595234, 0.0365828587843957, 0.3174580085638249, 0.5, 0.5, 0.5, 0.5, 0.5, 0.5, 0.5, 0.5, 0.5, 0.5 * 0.9996807598644993, 0.0000000000000000, 0.0000000000000000, 0.0000000000000000, 0.0252661504138897 *   0
0.9960793685149771, 0.0742926537405200, 0.0777532337595491, 0.8154120779668037, 0.5, 0.5, 0.5, 0.5, 0.5, 0.5, 0.5, 0.5, 0.5, 0.5 * 0.4884279961778362, 0.0000000010534997, 0.0000000000000000, 0.0000000000000000, 0.8726042015425457 *   0
0.9974528457957565, 0.1009551370986528, 0.0353957247153836, 0.9544155089903695, 0.5, 0.5, 0.5, 0.5, 0.5, 0.5, 0.5, 0.5, 0.5, 0.5 * 0.3462483570240781, 0.0051202131481376, 0.0000000000000000, 0.0000000000000000, 0.9381289136762837 *   0
0.1843156377711872, 0.1895405781406632, 0.0081075220406556, 0.0118286465349741, 0.5, 0.5, 0.5, 0.5, 0.5, 0.5, 0.5, 0.5, 0.5, 0.5 * 1.0000000000000000, 0.0000000000000000, 0.0000000000000000, 0.0000000000000000, 0.0000000000000000 *   0
0.9960111738164030, 0.2814837239130790, 0.0517498227077303, 0.4724217716010389, 0.5, 0.5, 0.5, 0.5, 0.5, 0.5, 0.5, 0.5, 0.5, 0.5 * 0.4947293394955656, 0.0000000000000000, 0.0000000000000000, 0.0000000000000000, 0.8690471107151104 *   0
0.7942605064223802, 0.0613070256362236, 0.0419853967809982, 0.9943559472422842, 0.5, 0.5, 0.5, 0.5, 0.5, 0.5, 0.5, 0.5, 0.5, 0.5 * 0.6279484037032337, 0.7782549725421358, 0.0000000000000000, 0.0000000000000000, 0.0000000001557459 *   0
0.9650310398847941, 0.0681180442069275, 0.1413921323331968, 0.2011141996835890, 0.5, 0.5, 0.5, 0.5, 0.5, 0.5, 0.5, 0.5, 0.5, 0.5 * 0.9990013944778885, 0.0000000000000000, 0.0000000000000000, 0.0000000000000000, 0.0446790088434630 *   0
0.9782436755384522, 0.2016340672046105, 0.0123676699643804, 0.4196613642478648, 0.5, 0.5, 0.5, 0.5, 0.5, 0.5, 0.5, 0.5, 0.5, 0.5 * 0.9848810326799180, 0.0000000000000000, 0.0000000000000000, 0.0000000000000000, 0.1732320740144226 *   0
0.9514977228601919, 0.0497467294567017, 0.2076799791342020, 0.0637341877742364, 0.5, 0.5, 0.5, 0.5, 0.5, 0.5, 0.5, 0.5, 0.5, 0.5 * 0.9999407407539408, 0.0000000000000000, 0.0000000000000000, 0.0000000000000000, 0.0108864585821142 *   0
0.9985940512263188, 0.1760290247276561, 0.2659092979812572, 0.2390311943548877, 0.5, 0.5, 0.5, 0.5, 0.5, 0.5, 0.5, 0.5, 0.5, 0.5 * 0.2047014849082907, 0.0000000000000000, 0.0000000000000000, 0.0000000000000000, 0.9788244490593504 *   0
0.9880878115017376, 0.1522732545399448, 0.0282789720354038, 0.6321751645916026, 0.5, 0.5, 0.5, 0.5, 0.5, 0.5, 0.5, 0.5, 0.5, 0.5 * 0.8898015402304856, 0.0000000000000000, 0.0000000000000000, 0.0000000000000000, 0.4563476952976267 *   0
0.9978102743615445, 0.1570316074215954, 0.0724714575672855, 0.7530613479917223, 0.5, 0.5, 0.5, 0.5, 0.5, 0.5, 0.5, 0.5, 0.5, 0.5 * 0.3043060447700063, 0.0000000000002304, 0.0000000000000000, 0.0000000000000000, 0.9525743178967376 *   0
0.9970990987481080, 0.4298369388234974, 0.1844569268564027, 0.1504814667396627, 0.5, 0.5, 0.5, 0.5, 0.5, 0.5, 0.5, 0.5, 0.5, 0.5 * 0.3857567783870318, 0.0000000000000000, 0.0000000000000000, 0.0000000000000000, 0.9226005137265307 *   0
0.9826190583326943, 0.2762304284964830, 0.2397172182052011, 0.0455068336080326, 0.5, 0.5, 0.5, 0.5, 0.5, 0.5, 0.5, 0.5, 0.5, 0.5 * 0.9632238448699124, 0.0000000000000000, 0.0000000000000000, 0.0000000000000000, 0.2687002506028286 *   0
0.9867183859398209, 0.1517582080102331, 0.2059036955264880, 0.2111117882705814, 0.5, 0.5, 0.5, 0.5, 0.5, 0.5, 0.5, 0.5, 0.5, 0.5 * 0.9161145835520752, 0.0000000000000000, 0.0000000000000000, 0.0000000000000000, 0.4009165372034531 *   0
0.9975251117709676, 0.5368025263477129, 0.1081166435536540, 0.2224459779553329, 0.5, 0.5, 0.5, 0.5, 0.5, 0.5, 0.5, 0.5, 0.5, 0.5 * 0.3379700534283800, 0.0000000000000000, 0.0000000000000000, 0.0000000000000000, 0.9411568641760086 *   0
0.9869627798846750, 0.0926033338031747, 0.1625657361757782, 0.3700044743577039, 0.5, 0.5, 0.5, 0.5, 0.5, 0.5, 0.5, 0.5, 0.5, 0.5 * 0.9119187058027749, 0.0000000000000000, 0.0000000000000000, 0.0000000000000000, 0.4103708980995023 *   0
0.9780146423624897, 0.0018202224754823, 0.0310945585514859, 0.8499466086970393, 0.5, 0.5, 0.5, 0.5, 0.5, 0.5, 0.5, 0.5, 0.5, 0.5 * 0.9855710755021715, 0.0000001345774718, 0.0000000000000000, 0.0000000000000000, 0.1692620900658940 *   0
0.9339053723653338, 0.2122004009840081, 0.0192563459366822, 0.1546348827679804, 0.5, 0.5, 0.5, 0.5, 0.5, 0.5, 0.5, 0.5, 0.5, 0.5 * 0.9999985816467755, 0.0000000000000000, 0.0000000000000000, 0.0000000000000000, 0.0016842518924799 *   0
0.3728941410653732, 0.1875820514688185, 0.0024691033188575, 0.0422718646201640, 0.5, 0.5, 0.5, 0.5, 0.5, 0.5, 0.5, 0.5, 0.5, 0.5 * 1.0000000000000000, 0.0000000000000000, 0.0000000000000000, 0.0000000000000000, 0.0000000000000000 *   0
0.9997981865889385, 0.0017865682029103, 0.3766491396243913, 0.3772698917320323, 0.5, 0.5, 0.5, 0.5, 0.5, 0.5, 0.5, 0.5, 0.5, 0.5 * 0.0313810179986356, 0.0000000000000000, 0.0000000000000000, 0.0000000000000000, 0.9995074945738873 *   0
0.9721591411960121, 0.2887002426612658, 0.1580393850607981, 0.0991048808671091, 0.5, 0.5, 0.5, 0.5, 0.5, 0.5, 0.5, 0.5, 0.5, 0.5 * 0.9956512186737493, 0.0000000000000000, 0.0000000000000000, 0.0000000000000000, 0.0931592762610249 *   0
0.9906647577838342, 0.0940588755039772, 0.2704068437546523, 0.2672435065113211, 0.5, 0.5, 0.5, 0.5, 0.5, 0.5, 0.5, 0.5, 0.5, 0.5 * 0.8168419704304106, 0.0000000000000000, 0.0000000000000000, 0.0000000000000000, 0.5768615044734430 *   0
0.9373980988456859, 0.2848249051183578, 0.0286460248886822, 0.1217488549285330, 0.5, 0.5, 0.5, 0.5, 0.5, 0.5, 0.5, 0.5, 0.5, 0.5 * 0.9999970075753837, 0.0000000000000000, 0.0000000000000000, 0.0000000000000000, 0.0024463933204022 *   0
0.9411319195950086, 0.3625435923983080, 0.0547545524569017, 0.0563477431686352, 0.5, 0.5, 0.5, 0.5, 0.5, 0.5, 0.5, 0.5, 0.5, 0.5 * 0.9999933731073766, 0.0000000000000000, 0.0000000000000000, 0.0000000000000000, 0.0036405688197226 *   0
0.9850936592487123, 0.5252681102255676, 0.0277262441943056, 0.2646624144467816, 0.5, 0.5, 0.5, 0.5, 0.5, 0.5, 0.5, 0.5, 0.5, 0.5 * 0.9394267973882816, 0.0000000000000000, 0.0000000000000000, 0.0000000000000000, 0.3427496059061141 *   0
0.6804109065236574, 0.0000549643300730, 0.0153265427869403, 0.1671192046101760, 0.5, 0.5, 0.5, 0.5, 0.5, 0.5, 0.5, 0.5, 0.5, 0.5 * 1.0000000000000000, 0.0000000000000000, 0.0000000000000000, 0.0000000000000000, 0.0000000000000000 *   0
0.8172783790236704, 0.9772075414551457, 0.0070926942895598, 0.0795274963972752, 0.5, 0.5, 0.5, 0.5, 0.5, 0.5, 0.5, 0.5, 0.5, 0.5 * 0.9877627456736933, 0.0000000000000000, 0.0000000000000000, 0.1559639646173656, 0.0000000027109460 *   0
0.9718428486827029, 0.7059657264994298, 0.0033828169123190, 0.1350698937359592, 0.5, 0.5, 0.5, 0.5, 0.5, 0.5, 0.5, 0.5, 0.5, 0.5 * 0.9959250411005159, 0.0000000000000000, 0.0000000000000000, 0.0000000000000012, 0.0901848796026012 *   0
0.8896234174676348, 0.0819173092403995, 0.0431499481402104, 0.1478006505164321, 0.5, 0.5, 0.5, 0.5, 0.5, 0.5, 0.5, 0.5, 0.5, 0.5 * 0.9999999999144045, 0.0000000000000000, 0.0000000000000000, 0.0000000000000000, 0.0000130839990781 *   0
0.9737580879469206, 0.2979882393488606, 0.1994610252787643, 0.0965349670017767, 0.5, 0.5, 0.5, 0.5, 0.5, 0.5, 0.5, 0.5, 0.5, 0.5 * 0.9939606845493244, 0.0000000000000000, 0.0000000000000000, 0.0000000000000000, 0.1097367648978159 *   0
0.0363859166560629, 0.9899134254036068, 0.0223035612247435, 0.1807540628038133, 0.5, 0.5, 0.5, 0.5, 0.5, 0.5, 0.5, 0.5, 0.5, 0.5 * 0.8419247357063483, 0.0000000000000000, 0.0000000000000000, 0.5395949771873304, 0.0000000000000000 *   0
0.9605445135201069, 0.1837180420680521, 0.0306013906517073, 0.3763615979702964, 0.5, 0.5, 0.5, 0.5, 0.5, 0.5, 0.5, 0.5, 0.5, 0.5 * 0.9996067394014079, 0.0000000000000000, 0.0000000000000000, 0.0000000000000000, 0.0280422278588181 *   0
0.9437533342017574, 0.0546193737791010, 0.2157042525781804, 0.1199197252839430, 0.5, 0.5, 0.5, 0.5, 0.5, 0.5, 0.5, 0.5, 0.5, 0.5 * 0.9999884413073730, 0.0000000000000000, 0.0000000000000000, 0.0000000000000000, 0.0048080403129309 *   0
0.9161462774109776, 0.1846531639735462, 0.0684876777550614, 0.1144165187675583, 0.5, 0.5, 0.5, 0.5, 0.5, 0.5, 0.5, 0.5, 0.5, 0.5 * 0.9999999695088356, 0.0000000000000000, 0.0000000000000000, 0.0000000000000000, 0.0002469460019217 *   0
0.9995055235920034, 0.2298605736484102, 0.0423399852785934, 0.9247580407768292, 0.5, 0.5, 0.5, 0.5, 0.5, 0.5, 0.5, 0.5, 0.5, 0.5 * 0.0757287828609716, 0.0000476642244359, 0.0000000000000000, 0.0000000000000000, 0.9971284516924174 *   0
0.9969827425652104, 0.0101379733579876, 0.6661110528121288, 0.1742655365608007, 0.5, 0.5, 0.5, 0.5, 0.5, 0.5, 0.5, 0.5, 0.5, 0.5 * 0.3982956367408397, 0.0000000000000000, 0.0000000000000000, 0.0000000000000000, 0.9172570990475948 *   0
0.3728834839411468, 0.0010559693915099, 0.1705277250942437, 0.0064260736137750, 0.5, 0.5, 0.5, 0.5, 0.5, 0.5, 0.5, 0.5, 0.5, 0.5 * 1.0000000000000000, 0.0000000000000000, 0.0000000000000000, 0.0000000000000000, 0.0000000000000000 *   0
0.0073720021207687, 0.0541506419210465, 0.1032118686024155, 0.9929465232384143, 0.5, 0.5, 0.5, 0.5, 0.5, 0.5, 0.5, 0.5, 0.5, 0.5 * 0.7151641596939716, 0.6989565256074339, 0.0000000000000000, 0.0000000000000000, 0.0000000000000000 *   0
0.9639600957576000, 0.0358971413392095, 0.0458567152013335, 0.6218252850798076, 0.5, 0.5, 0.5, 0.5, 0.5, 0.5, 0.5, 0.5, 0.5, 0.5 * 0.9992002337160550, 0.0000000000000000, 0.0000000000000000, 0.0000000000000000, 0.0399861593777263 *   0
0.9631235427051427, 0.3175826726097533, 0.0918690711687641, 0.2034446798281021, 0.5, 0.5, 0.5, 0.5, 0.5, 0.5, 0.5, 0.5, 0.5, 0.5 * 0.9993277034586515, 0.0000000000000000, 0.0000000000000000, 0.0000000000000000, 0.0366625299189449 *   0
0.9772489718055580, 0.2595021358036912, 0.2322319169678874, 0.1551117990888244, 0.5, 0.5, 0.5, 0.5, 0.5, 0.5, 0.5, 0.5, 0.5, 0.5 * 0.9876587578039224, 0.0000000000000000, 0.0000000000000000, 0.0000000000000000, 0.1566211292680935 *   0
0.6446381665974101, 0.2383911438465077, 0.0245202314222791, 0.9991975310254830, 0.5, 0.5, 0.5, 0.5, 0.5, 0.5, 0.5, 0.5, 0.5, 0.5 * 0.1208769126431614, 0.9926675032405652, 0.0000000000000000, 0.0000000000000000, 0.0000000000000000 *   0
0.0762071907875162, 0.9703504280049123, 0.0970395841156317, 0.0036825360747439, 0.5, 0.5, 0.5, 0.5, 0.5, 0.5, 0.5, 0.5, 0.5, 0.5 * 0.9970028184737638, 0.0000000000000000, 0.0000000000000000, 0.0773652373832798, 0.0000000000000000 *   0
0.0116072604486753, 0.0474489107948956, 0.1580156093267797, 0.0142868934265743, 0.5, 0.5, 0.5, 0.5, 0.5, 0.5, 0.5, 0.5, 0.5, 0.5 * 1.0000000000000000, 0.0000000000000000, 0.0000000000000000, 0.0000000000000000, 0.0000000000000000 *   0
0.8059750105282175, 0.0036959736625180, 0.1588214506203409, 0.0202303044592171, 0.5, 0.5, 0.5, 0.5, 0.5, 0.5, 0.5, 0.5, 0.5, 0.5 * 1.0000000000000000, 0.0000000000000000, 0.0000000000000000, 0.0000000000000000, 0.0000000006734069 *   0
0.2156590801736615, 0.9873869712405777, 0.0793953724575207, 0.1107843155557217, 0.5, 0.5, 0.5, 0.5, 0.5, 0.5, 0.5, 0.5, 0.5, 0.5 * 0.9041428328551816, 0.0000000000000000, 0.0000000000000000, 0.4272303100162805, 0.0000000000000000 *   0
0.9911764203529695, 0.0952820945974822, 0.4800080994516649, 0.1804452539330559, 0.5, 0.5, 0.5, 0.5, 0.5, 0.5, 0.5, 0.5, 0.5, 0.5 * 0.7976156004778643, 0.0000000000000000, 0.0000000000000000, 0.0000000000000000, 0.6031661080285728 *   0
0.9741593482783806, 0.5321490063947388, 0.0756598362120147, 0.1920733904429122, 0.5, 0.5, 0.5, 0.5, 0.5, 0.5, 0.5, 0.5, 0.5, 0.5 * 0.9934425492268149, 0.0000000000000000, 0.0000000000000000, 0.0000000000000000, 0.1143324161632544 *   0
0.9825426228263148, 0.4243189666533465, 0.3185216660231918, 0.0184825644914445, 0.5, 0.5, 0.5, 0.5, 0.5, 0.5, 0.5, 0.5, 0.5, 0.5 * 0.9637881326673727, 0.0000000000000000, 0.0000000000000000, 0.0000000000000000, 0.2666691495646596 *   0
0.1354692192447694, 0.9950972120254753, 0.1701540016430216, 0.0585865499724571, 0.5, 0.5, 0.5, 0.5, 0.5, 0.5, 0.5, 0.5, 0.5, 0.5 * 0.5727958460937592, 0.0000000000000000, 0.0000000000000000, 0.8196980655691061, 0.0000000000000000 *   0
0.9525725259224757, 0.5949399921088200, 0.1064107465121945, 0.0068198507683444, 0.5, 0.5, 0.5, 0.5, 0.5, 0.5, 0.5, 0.5, 0.5, 0.5 * 0.9999257297867022, 0.0000000000000000, 0.0000000000000000, 0.0000000000000000, 0.0121874899192120 *   0
0.0336207593947746, 0.0309451315696096, 0.1324994904606135, 0.9921955876016038, 0.5, 0.5, 0.5, 0.5, 0.5, 0.5, 0.5, 0.5, 0.5, 0.5 * 0.7534223929664374, 0.6575368413836042, 0.0000000000000000, 0.0000000000000000, 0.0000000000000000 *   0
0.0972297643764083, 0.0912695350550439, 0.1102616629145395, 0.9944954323556718, 0.5, 0.5, 0.5, 0.5, 0.5, 0.5, 0.5, 0.5, 0.5, 0.5 * 0.6180941310736787, 0.7861040930641909, 0.0000000000000000, 0.0000000000000000, 0.0000000000000000 *   0
0.9569742437251724, 0.3160236949641368, 0.0866215322570044, 0.2277324396314716, 0.5, 0.5, 0.5, 0.5, 0.5, 0.5, 0.5, 0.5, 0.5, 0.5 * 0.9998132562468490, 0.0000000000000000, 0.0000000000000000, 0.0000000000000000, 0.0193249225890478 *   0
0.9960852726344416, 0.3554478070491216, 0.0728881666776203, 0.6437478082458246, 0.5, 0.5, 0.5, 0.5, 0.5, 0.5, 0.5, 0.5, 0.5, 0.5 * 0.4878792182098710, 0.0000000000000000, 0.0000000000000000, 0.0000000000000000, 0.8729111457868579 *   0
0.2550795153971200, 0.3429368321518120, 0.0148007161984223, 0.0028793332180378, 0.5, 0.5, 0.5, 0.5, 0.5, 0.5, 0.5, 0.5, 0.5, 0.5 * 1.0000000000000000, 0.0000000000000000, 0.0000000000000000, 0.0000000000000000, 0.0000000000000000 *   0
0.9980701142913057, 0.1145398957256879, 0.1048830571141481, 0.9969306970000875, 0.5, 0.5, 0.5, 0.5, 0.5, 0.5, 0.5, 0.5, 0.5, 0.5 * 0.1100211713493205, 0.2492383966156530, 0.0000000000000000, 0.0000000000000000, 0.9621723148726438 *   0
0.9371848483277414, 0.5143430254023257, 0.0364480638114959, 0.0763033456524384, 0.5, 0.5, 0.5, 0.5, 0.5, 0.5, 0.5, 0.5, 0.5, 0.5 * 0.9999971406897508, 0.0000000000000000, 0.0000000000000000, 0.0000000000000000, 0.0023913620225475 *   0
0.9527055518481441, 0.3707382229020532, 0.0306834564687141, 0.2514723694191651, 0.5, 0.5, 0.5, 0.5, 0.5, 0.5, 0.5, 0.5, 0.5, 0.5 * 0.9999236263684929, 0.0000000000000000, 0.0000000000000000, 0.0000000000000000, 0.0123588603877047 *   0
0.9980726698404516, 0.2215857981804692, 0.3023886905528552, 0.3805673352352191, 0.5, 0.5, 0.5, 0.5, 0.5, 0.5, 0.5, 0.5, 0.5, 0.5 * 0.2721225573023711, 0.0000000000000000, 0.0000000000000000, 0.0000000000000000, 0.9622626012722399 *   0
0.9465623404581855, 0.2481538226120890, 0.0974818426638291, 0.2208234626896789, 0.5, 0.5, 0.5, 0.5, 0.5, 0.5, 0.5, 0.5, 0.5, 0.5 * 0.9999790563387383, 0.0000000000000000, 0.0000000000000000, 0.0000000000000000, 0.0064720077168173 *   0
0.9978243354697826, 0.3593343730826556, 0.5958695949967343, 0.0218986463834991, 0.5, 0.5, 0.5, 0.5, 0.5, 0.5, 0.5, 0.5, 0.5, 0.5 * 0.3026108733592545, 0.0000000000000000, 0.0000000000000000, 0.0000000000000000, 0.9531141900762726 *   0
0.9390507586947878, 0.0766480001977868, 0.3292833568198995, 0.0439340202342412, 0.5, 0.5, 0.5, 0.5, 0.5, 0.5, 0.5, 0.5, 0.5, 0.5 * 0.9999957437901604, 0.0000000000000000, 0.0000000000000000, 0.0000000000000000, 0.0029176020228731 *   0
0.9960007336903367, 0.3098549373959447, 0.3822152900426720, 0.2033987404794426, 0.5, 0.5, 0.5, 0.5, 0.5, 0.5, 0.5, 0.5, 0.5, 0.5 * 0.4956879980603705, 0.0000000000000000, 0.0000000000000000, 0.0000000000000000, 0.8685006669996875 *   0
0.6992026109710348, 0.9708498264527180, 0.0886993608850517, 0.0227103061148479, 0.5, 0.5, 0.5, 0.5, 0.5, 0.5, 0.5, 0.5, 0.5, 0.5 * 0.9966781453079908, 0.0000000000000000, 0.0000000000000000, 0.0814412344296394, 0.0000000000000005 *   0
0.9745286530696454, 0.1536450722038956, 0.1709183562411546, 0.4060518673649299, 0.5, 0.5, 0.5, 0.5, 0.5, 0.5, 0.5, 0.5, 0.5, 0.5 * 0.9929267393019556, 0.0000000000000000, 0.0000000000000000, 0.0000000000000000, 0.1187286417811063 *   0
0.9992793439884108, 0.1687274184863676, 0.4016923491850926, 0.3670870076711695, 0.5, 0.5, 0.5, 0.5, 0.5, 0.5, 0.5, 0.5, 0.5, 0.5 * 0.1090384381760527, 0.0000000000000000, 0.0000000000000000, 0.0000000000000000, 0.9940375339996610 *   0
0.9290527579975560, 0.0002506095917200, 0.3909324721390998, 0.0171755547715237, 0.5, 0.5, 0.5, 0.5, 0.5, 0.5, 0.5, 0.5, 0.5, 0.5 * 0.9999994996370944, 0.0000000000000000, 0.0000000000000000, 0.0000000000000000, 0.0010003627145942 *   0
0.9616178539402866, 0.0541684329761977, 0.3266884569668623, 0.2028871789588068, 0.5, 0.5, 0.5, 0.5, 0.5, 0.5, 0.5, 0.5, 0.5, 0.5 * 0.9995083253869855, 0.0000000000000000, 0.0000000000000000, 0.0000000000000000, 0.0313545448396865 *   0
0.9555312124805204, 0.3877552432882391, 0.0852439217666369, 0.2086239914449975, 0.5, 0.5, 0.5, 0.5, 0.5, 0.5, 0.5, 0.5, 0.5, 0.5 * 0.9998619058320025, 0.0000000000000000, 0.0000000000000000, 0.0000000000000000, 0.0166183412528375 *   0
0.9978003338900396, 0.2575114594108944, 0.3607683006491365, 0.3131630827268413, 0.5, 0.5, 0.5, 0.5, 0.5, 0.5, 0.5, 0.5, 0.5, 0.5 * 0.3055024367612654, 0.0000000000000000, 0.0000000000000000, 0.0000000000000000, 0.9521912944009355 *   0
0.9922462534123315, 0.6552462161775894, 0.1554922876672318, 0.2410925199469051, 0.5, 0.5, 0.5, 0.5, 0.5, 0.5, 0.5, 0.5, 0.5, 0.5 * 0.7510019377173355, 0.0000000000000000, 0.0000000000000000, 0.0000000000000000, 0.6602999996553138 *   0
0.8499977112980549, 0.1066363617343066, 0.1481704260912586, 0.0226895804622628, 0.5, 0.5, 0.5, 0.5, 0.5, 0.5, 0.5, 0.5, 0.5, 0.5 * 0.9999999999999906, 0.0000000000000000, 0.0000000000000000, 0.0000000000000000, 0.0000001373711426 *   0
0.9752461803030438, 0.3013098623144020, 0.0049026585206867, 0.6442609218155317, 0.5, 0.5, 0.5, 0.5, 0.5, 0.5, 0.5, 0.5, 0.5, 0.5 * 0.9918065387399287, 0.0000000000000000, 0.0000000000000000, 0.0000000000000000, 0.1277489323349602 *   0
0.9694144711687297, 0.0926316800027302, 0.2121545715314125, 0.3937152886733949, 0.5, 0.5, 0.5, 0.5, 0.5, 0.5, 0.5, 0.5, 0.5, 0.5 * 0.9975286714251341, 0.0000000000000000, 0.0000000000000000, 0.0000000000000000, 0.0702605841479195 *   0
0.9727876880079450, 0.1699036644631548, 0.0454159872817881, 0.6939599074860848, 0.5, 0.5, 0.5, 0.5, 0.5, 0.5, 0.5, 0.5, 0.5, 0.5 * 0.9950516053596150, 0.0000000000000002, 0.0000000000000000, 0.0000000000000000, 0.0993594619110478 *   0
0.9548188401175750, 0.0214694752457875, 0.3332444337817116, 0.2064444502845613, 0.5, 0.5, 0.5, 0.5, 0.5, 0.5, 0.5, 0.5, 0.5, 0.5 * 0.9998810410566796, 0.0000000000000000, 0.0000000000000000, 0.0000000000000000, 0.0154241283517260 *   0
0.9947890588058108, 0.6041029377859565, 0.1808897877023042, 0.2673122152999566, 0.5, 0.5, 0.5, 0.5, 0.5, 0.5, 0.5, 0.5, 0.5, 0.5 * 0.5965671518378093, 0.0000000000000000, 0.0000000000000000, 0.0000000000000000, 0.8025631647092484 *   0
0.8854018342147589, 0.3256202099498455, 0.0212394856015404, 0.0964081688301676, 0.5, 0.5, 0.5, 0.5, 0.5, 0.5, 0.5, 0.5, 0.5, 0.5 * 0.9999999999669408, 0.0000000000000000, 0.0000000000000000, 0.0000000000000000, 0.0000081313304478 *   0
0.9493225086244393, 0.4018090946608265, 0.0614080569061488, 0.2272405373990725, 0.5, 0.5, 0.5, 0.5, 0.5, 0.5, 0.5, 0.5, 0.5, 0.5 * 0.9999625059214257, 0.0000000000000000, 0.0000000000000000, 0.0000000000000000, 0.0086594890924841 *   0
0.1488478920184299, 0.9836250212898594, 0.1422622255712106, 0.0801996593737042, 0.5, 0.5, 0.5, 0.5, 0.5, 0.5, 0.5, 0.5, 0.5, 0.5 * 0.9549355433435659, 0.0000000000000000, 0.0000000000000000, 0.2968132545206305, 0.0000000000000000 *   0
0.6311295151855468, 0.9723873990459309, 0.1041278914102017, 0.0465013119608636, 0.5, 0.5, 0.5, 0.5, 0.5, 0.5, 0.5, 0.5, 0.5, 0.5 * 0.9954423177645616, 0.0000000000000000, 0.0000000000000000, 0.0953655703255508, 0.0000000000000000 *   0
0.9768967586461905, 0.6099070513667106, 0.2639679574705511, 0.0321221086346182, 0.5, 0.5, 0.5, 0.5, 0.5, 0.5, 0.5, 0.5, 0.5, 0.5 * 0.9885155433628879, 0.0000000000000000, 0.0000000000000000, 0.0000000000000000, 0.1511192262088927 *   0
0.9752823756892618, 0.1283362452538387, 0.2248813771758607, 0.4333353561504443, 0.5, 0.5, 0.5, 0.5, 0.5, 0.5, 0.5, 0.5, 0.5, 0.5 * 0.9917455791218155, 0.0000000000000000, 0.0000000000000000, 0.0000000000000000, 0.1282213176204909 *   0
0.8491885195715300, 0.0312736067135230, 0.0280197169762197, 0.2540180241940627, 0.5, 0.5, 0.5, 0.5, 0.5, 0.5, 0.5, 0.5, 0.5, 0.5 * 0.9999999999999922, 0.0000000000000000, 0.0000000000000000, 0.0000000000000000, 0.0000001248910437 *   0
0.9720264784861480, 0.4656272751584776, 0.2788190540293320, 0.0783036416761128, 0.5, 0.5, 0.5, 0.5, 0.5, 0.5, 0.5, 0.5, 0.5, 0.5 * 0.9957682275026675, 0.0000000000000000, 0.0000000000000000, 0.0000000000000000, 0.0919001474220571 *   0
0.9719933331813633, 0.3910511566284351, 0.2544526142321772, 0.1495811576720239, 0.5, 0.5, 0.5, 0.5, 0.5, 0.5, 0.5, 0.5, 0.5, 0.5 * 0.9957969696328511, 0.0000000000000000, 0.0000000000000000, 0.0000000000000000, 0.0915881830261447 *   0
0.9860527780773364, 0.0591484406307100, 0.7811194959940014, 0.0995795205699185, 0.5, 0.5, 0.5, 0.5, 0.5, 0.5, 0.5, 0.5, 0.5, 0.5 * 0.9265732804084538, 0.0000000000000000, 0.0000000000272112, 0.0000000000000000, 0.3761142858668319 *   0
0.9116221614701776, 0.2308045226292706, 0.1888374687120493, 0.0546437627890351, 0.5, 0.5, 0.5, 0.5, 0.5, 0.5, 0.5, 0.5, 0.5, 0.5 * 0.9999999886711816, 0.0000000000000000, 0.0000000000000000, 0.0000000000000000, 0.0001505245390228 *   0
0.9801851925347863, 0.4853631930823267, 0.4044000135755166, 0.0149121047067047, 0.5, 0.5, 0.5, 0.5, 0.5, 0.5, 0.5, 0.5, 0.5, 0.5 * 0.9775505570572741, 0.0000000000000000, 0.0000000000000000, 0.0000000000000000, 0.2107009928714458 *   0
0.9189472226048574, 0.1133795562728213, 0.2016269174412018, 0.1634593518280701, 0.5, 0.5, 0.5, 0.5, 0.5, 0.5, 0.5, 0.5, 0.5, 0.5 * 0.9999999438533751, 0.0000000000000000, 0.0000000000000000, 0.0000000000000000, 0.0003351018452512 *   0
0.9625957449723946, 0.8260308144735315, 0.1066911370058968, 0.0714780618769480, 0.5, 0.5, 0.5, 0.5, 0.5, 0.5, 0.5, 0.5, 0.5, 0.5 * 0.9993975046986786, 0.0000000000000000, 0.0000000000000000, 0.0000000078610943, 0.0347077455628367 *   0
0.9143602433215642, 0.3259824287732981, 0.0459732599770526, 0.1932105050390635, 0.5, 0.5, 0.5, 0.5, 0.5, 0.5, 0.5, 0.5, 0.5, 0.5 * 0.9999999793615697, 0.0000000000000000, 0.0000000000000000, 0.0000000000000000, 0.0002031670746709 *   0
0.9873971203283394, 0.1218789532416868, 0.4806444544720671, 0.2780998345828148, 0.5, 0.5, 0.5, 0.5, 0.5, 0.5, 0.5, 0.5, 0.5, 0.5 * 0.9039487932783722, 0.0000000000000000, 0.0000000000000000, 0.0000000000000000, 0.4276407126672748 *   0
0.9722624067087948, 0.1097194622781684, 0.3402355068084949, 0.3143342660341106, 0.5, 0.5, 0.5, 0.5, 0.5, 0.5, 0.5, 0.5, 0.5, 0.5 * 0.9955579165278265, 0.0000000000000000, 0.0000000000000000, 0.0000000000000000, 0.0941511276553457 *   0
0.9962875740585325, 0.4381839518613107, 0.3358484191521297, 0.2785006902546159, 0.5, 0.5, 0.5, 0.5, 0.5, 0.5, 0.5, 0.5, 0.5, 0.5 * 0.4687623299756148, 0.0000000000000000, 0.0000000000000000, 0.0000000000000000, 0.8833243334109124 *   0
0.9407078958771694, 0.4388636538939847, 0.1989151235664799, 0.0547271822834048, 0.5, 0.5, 0.5, 0.5, 0.5, 0.5, 0.5, 0.5, 0.5, 0.5 * 0.9999939442605331, 0.0000000000000000, 0.0000000000000000, 0.0000000000000000, 0.0034801497470405 *   0
0.9542548157993028, 0.1240785336699703, 0.4259944271417309, 0.1176948450122470, 0.5, 0.5, 0.5, 0.5, 0.5, 0.5, 0.5, 0.5, 0.5, 0.5 * 0.9998943001964692, 0.0000000000000000, 0.0000000000000000, 0.0000000000000000, 0.0145392033692768 *   0
0.7891340799579090, 0.9601779077016646, 0.0947371577353855, 0.0493048886066791, 0.5, 0.5, 0.5, 0.5, 0.5, 0.5, 0.5, 0.5, 0.5, 0.5 * 0.9996356445782774, 0.0000000000000000, 0.0000000000000000, 0.0269921856946043, 0.0000000000815079 *   0
0.9748001941362396, 0.3439024418331229, 0.3037517942971326, 0.2150930614280948, 0.5, 0.5, 0.5, 0.5, 0.5, 0.5, 0.5, 0.5, 0.5, 0.5 * 0.9925219367276683, 0.0000000000000000, 0.0000000000000000, 0.0000000000000000, 0.1220663963355944 *   0
0.6414327419555899, 0.9751044856268468, 0.1229317668466511, 0.0985127338666994, 0.5, 0.5, 0.5, 0.5, 0.5, 0.5, 0.5, 0.5, 0.5, 0.5 * 0.9920409053396465, 0.0000000000000000, 0.0000000000000000, 0.1259160122180436, 0.0000000000000000 *   0
0.9947826899563813, 0.1850877735694348, 0.2425361709867307, 0.7366847487803012, 0.5, 0.5, 0.5, 0.5, 0.5, 0.5, 0.5, 0.5, 0.5, 0.5 * 0.5970455562599726, 0.0000000000000502, 0.0000000000000000, 0.0000000000000000, 0.8022073321468833 *   0
0.9051819727314552, 0.2711349401022936, 0.0727119017730988, 0.2157314872442426, 0.5, 0.5, 0.5, 0.5, 0.5, 0.5, 0.5, 0.5, 0.5, 0.5 * 0.9999999972559692, 0.0000000000000000, 0.0000000000000000, 0.0000000000000000, 0.0000740814524738 *   0
0.2100358522543851, 0.1902647415130701, 0.9958664970453207, 0.0950723025459202, 0.5, 0.5, 0.5, 0.5, 0.5, 0.5, 0.5, 0.5, 0.5, 0.5 * 0.5078725433407375, 0.0000000000000000, 0.8614322258428754, 0.0000000000000000, 0.0000000000000000 *   0
0.9039598935767822, 0.1174509898375026, 0.0745967747990958, 0.3381896425682072, 0.5, 0.5, 0.5, 0.5, 0.5, 0.5, 0.5, 0.5, 0.5, 0.5 * 0.9999999979056839, 0.0000000000000000, 0.0000000000000000, 0.0000000000000000, 0.0000647196428211 *   0
0.9929538615946443, 0.6757056241276235, 0.1155434093044807, 0.4446516914501096, 0.5, 0.5, 0.5, 0.5, 0.5, 0.5, 0.5, 0.5, 0.5, 0.5 * 0.7147641091231798, 0.0000000000000000, 0.0000000000000000, 0.0000000000000000, 0.6993656184781657 *   0
0.9560183072257872, 0.5852142100153557, 0.1647682935766728, 0.1326987585670775, 0.5, 0.5, 0.5, 0.5, 0.5, 0.5, 0.5, 0.5, 0.5, 0.5 * 0.9998470883898927, 0.0000000000000000, 0.0000000000000000, 0.0000000000000000, 0.0174871335059286 *   0
0.9701268980140457, 0.0411280524177142, 0.3257619488638648, 0.4674941163824378, 0.5, 0.5, 0.5, 0.5, 0.5, 0.5, 0.5, 0.5, 0.5, 0.5 * 0.9971377227679253, 0.0000000000000000, 0.0000000000000000, 0.0000000000000000, 0.0756066255905928 *   0
0.9366208328570337, 0.3274814944376617, 0.1440069596953722, 0.2284461931457958, 0.5, 0.5, 0.5, 0.5, 0.5, 0.5, 0.5, 0.5, 0.5, 0.5 * 0.9999974650333453, 0.0000000000000000, 0.0000000000000000, 0.0000000000000000, 0.0022516498136412 *   0
0.8917489787059598, 0.1464690725069815, 0.2785486747876502, 0.0304861026958032, 0.5, 0.5, 0.5, 0.5, 0.5, 0.5, 0.5, 0.5, 0.5, 0.5 * 0.9999999998620461, 0.0000000000000000, 0.0000000000000000, 0.0000000000000000, 0.0000166104707051 *   0
0.9769300534282486, 0.4527019562445124, 0.4968213078085432, 0.0164229585865619, 0.5, 0.5, 0.5, 0.5, 0.5, 0.5, 0.5, 0.5, 0.5, 0.5 * 0.9884371459290148, 0.0000000000000000, 0.0000000000000000, 0.0000000000000000, 0.1516311595540428 *   0
0.4859800639031362, 0.2012326033791679, 0.1416441794213113, 0.9955323487499413, 0.5, 0.5, 0.5, 0.5, 0.5, 0.5, 0.5, 0.5, 0.5, 0.5 * 0.5370806668756446, 0.8435308869676397, 0.0000000000000000, 0.0000000000000000, 0.0000000000000000 *   0
0.2442772422192047, 0.1767417696196315, 0.1017729808119000, 0.9827572670684929, 0.5, 0.5, 0.5, 0.5, 0.5, 0.5, 0.5, 0.5, 0.5, 0.5 * 0.9621813554936403, 0.2724096898798225, 0.0000000000000000, 0.0000000000000000, 0.0000000000000000 *   0
0.9133150656303927, 0.2654914186641068, 0.1001766166184920, 0.2465674594261532, 0.5, 0.5, 0.5, 0.5, 0.5, 0.5, 0.5, 0.5, 0.5, 0.5 * 0.9999999835814771, 0.0000000000000000, 0.0000000000000000, 0.0000000000000000, 0.0001812099488590 *   0
0.9706810428624418, 0.4793311434236034, 0.2705118717954084, 0.1927593220922907, 0.5, 0.5, 0.5, 0.5, 0.5, 0.5, 0.5, 0.5, 0.5, 0.5 * 0.9967916111274088, 0.0000000000000000, 0.0000000000000000, 0.0000000000000000, 0.0800405146536722 *   0
0.9280524709858244, 0.6772242051908859, 0.0363747761754202, 0.1249161409795825, 0.5, 0.5, 0.5, 0.5, 0.5, 0.5, 0.5, 0.5, 0.5, 0.5 * 0.9999995966184683, 0.0000000000000000, 0.0000000000000000, 0.0000000000000000, 0.0008981998111630 *   0
0.4129340990506737, 0.0218324684639613, 0.1456314190969017, 0.9721232037861474, 0.5, 0.5, 0.5, 0.5, 0.5, 0.5, 0.5, 0.5, 0.5, 0.5 * 0.9956832295587030, 0.0928165199495817, 0.0000000000000000, 0.0000000000000000, 0.0000000000000000 *   0
0.4278258217628234, 0.0212959917361364, 0.1358033954798260, 0.9695585281446383, 0.5, 0.5, 0.5, 0.5, 0.5, 0.5, 0.5, 0.5, 0.5, 0.5 * 0.9974541574356640, 0.0713106150184496, 0.0000000000000000, 0.0000000000000000, 0.0000000000000000 *   0
0.9994181226936253, 0.3030121430303027, 0.5233878332764785, 0.3394785217658982, 0.5, 0.5, 0.5, 0.5, 0.5, 0.5, 0.5, 0.5, 0.5, 0.5 * 0.0887010689894502, 0.0000000000000000, 0.0000000000000000, 0.0000000000000000, 0.9960582916476971 *   0
0.9960070410724762, 0.7344984071024221, 0.1206155345405524, 0.4971666431506940, 0.5, 0.5, 0.5, 0.5, 0.5, 0.5, 0.5, 0.5, 0.5, 0.5 * 0.4951090173932751, 0.0000000000000000, 0.0000000000000000, 0.0000000000000309, 0.8688308586231648 *   0
0.9729331703730547, 0.7473010987729305, 0.1087431978009377, 0.2747624475857068, 0.5, 0.5, 0.5, 0.5, 0.5, 0.5, 0.5, 0.5, 0.5, 0.5 * 0.9949015003348706, 0.0000000000000000, 0.0000000000000000, 0.0000000000003495, 0.1008513987578933 *   0
0.4769569483944014, 0.9651229963475479, 0.0153948860314651, 0.2495158748931791, 0.5, 0.5, 0.5, 0.5, 0.5, 0.5, 0.5, 0.5, 0.5, 0.5 * 0.9989821850134981, 0.0000000000000000, 0.0000000000000000, 0.0451064743208452, 0.0000000000000000 *   0
0.1284264987932641, 0.9945620382179330, 0.0905787516807107, 0.3726202679670510, 0.5, 0.5, 0.5, 0.5, 0.5, 0.5, 0.5, 0.5, 0.5, 0.5 * 0.6133049281901093, 0.0000000000000000, 0.0000000000000000, 0.7898462287418513, 0.0000000000000000 *   0
0.0250551910256293, 0.9783719601008910, 0.2290223977663658, 0.0845077829828988, 0.5, 0.5, 0.5, 0.5, 0.5, 0.5, 0.5, 0.5, 0.5, 0.5 * 0.9844803228166705, 0.0000000000000000, 0.0000000000000000, 0.1754949970420356, 0.0000000000000000 *   0
0.9017799826812837, 0.3021995328842660, 0.0267140097109200, 0.2958561923801230, 0.5, 0.5, 0.5, 0.5, 0.5, 0.5, 0.5, 0.5, 0.5, 0.5 * 0.9999999987078054, 0.0000000000000000, 0.0000000000000000, 0.0000000000000000, 0.0000508368879369 *   0
0.9104600096635800, 0.2592053349405552, 0.2387551959784493, 0.0895325732834323, 0.5, 0.5, 0.5, 0.5, 0.5, 0.5, 0.5, 0.5, 0.5, 0.5 * 0.9999999912222189, 0.0000000000000000, 0.0000000000000000, 0.0000000000000000, 0.0001324974040578 *   0
0.3389114631986764, 0.9437733487895565, 0.1078391136172410, 0.0463174572430167, 0.5, 0.5, 0.5, 0.5, 0.5, 0.5, 0.5, 0.5, 0.5, 0.5 * 0.9999883921778260, 0.0000000000000000, 0.0000000000000000, 0.0048182475659283, 0.0000000000000000 *   0
0.9765265388304957, 0.2795284489540050, 0.2242190838904209, 0.5048772713657829, 0.5, 0.5, 0.5, 0.5, 0.5, 0.5, 0.5, 0.5, 0.5, 0.5 * 0.9893524997660935, 0.0000000000000000, 0.0000000000000000, 0.0000000000000000, 0.1455391054204397 *   0
0.4328987437453581, 0.9977430170391421, 0.0110433297283218, 0.5198210699110390, 0.5, 0.5, 0.5, 0.5, 0.5, 0.5, 0.5, 0.5, 0.5, 0.5 * 0.3123684699559396, 0.0000000000000000, 0.0000000000000000, 0.9499610197146962, 0.0000000000000000 *   0
0.9923847643623057, 0.6149677911843023, 0.4595445475818331, 0.1212155335215924, 0.5, 0.5, 0.5, 0.5, 0.5, 0.5, 0.5, 0.5, 0.5, 0.5 * 0.7442695990032886, 0.0000000000000000, 0.0000000000000000, 0.0000000000000000, 0.6678793034669394 *   0
0.7249754787073357, 0.0632903822992418, 0.9936857954569560, 0.1781808692860328, 0.5, 0.5, 0.5, 0.5, 0.5, 0.5, 0.5, 0.5, 0.5, 0.5 * 0.6721148647323582, 0.0000000000000000, 0.7404468978973467, 0.0000000000000000, 0.0000000000000169 *   0
0.8742588064047782, 0.0136647513199899, 0.0094879977449253, 0.4920251651164261, 0.5, 0.5, 0.5, 0.5, 0.5, 0.5, 0.5, 0.5, 0.5, 0.5 * 0.9999999999973745, 0.0000000000000000, 0.0000000000000000, 0.0000000000000000, 0.0000022915083388 *   0
0.4603307663743993, 0.9991962159980071, 0.1714595910960155, 0.3115679762845710, 0.5, 0.5, 0.5, 0.5, 0.5, 0.5, 0.5, 0.5, 0.5, 0.5 * 0.1210662817110838, 0.0000000000000000, 0.0000000000000000, 0.9926444254780523, 0.0000000000000000 *   0
0.1275121165101938, 0.0905038831245638, 0.0182280135425869, 0.9401302644704144, 0.5, 0.5, 0.5, 0.5, 0.5, 0.5, 0.5, 0.5, 0.5, 0.5 * 0.9999946443018104, 0.0032728225884787, 0.0000000000000000, 0.0000000000000000, 0.0000000000000000 *   0
0.0467091333338568, 0.1742880666508750, 0.2412201507208963, 0.9986031693399898, 0.5, 0.5, 0.5, 0.5, 0.5, 0.5, 0.5, 0.5, 0.5, 0.5 * 0.2034811164555164, 0.9790788707994962, 0.0000000000000000, 0.0000000000000000, 0.0000000000000000 *   0
0.2092448702125088, 0.2863716554298865, 0.0894530448547811, 0.9844397301713189, 0.5, 0.5, 0.5, 0.5, 0.5, 0.5, 0.5, 0.5, 0.5, 0.5 * 0.9468926928541049, 0.3215497289992666, 0.0000000000000000, 0.0000000000000000, 0.0000000000000000 *   0
0.9815019727598420, 0.5949936609691910, 0.4235832106431868, 0.1079956195820103, 0.5, 0.5, 0.5, 0.5, 0.5, 0.5, 0.5, 0.5, 0.5, 0.5 * 0.9706700954961495, 0.0000000000000000, 0.0000000000000000, 0.0000000000000000, 0.2404154023965520 *   0
0.9658942450610428, 0.4349425460374647, 0.3714562898368837, 0.1583957370176891, 0.5, 0.5, 0.5, 0.5, 0.5, 0.5, 0.5, 0.5, 0.5, 0.5 * 0.9988059046558605, 0.0000000000000000, 0.0000000000000000, 0.0000000000000000, 0.0488545271657407 *   0
0.9821569705298901, 0.1141181029910772, 0.7594939045419422, 0.1991861891928996, 0.5, 0.5, 0.5, 0.5, 0.5, 0.5, 0.5, 0.5, 0.5, 0.5 * 0.9665072277495941, 0.0000000000000000, 0.0000000000017130, 0.0000000000000000, 0.2566393943021888 *   0
0.3219460017615678, 0.9755916129684037, 0.1933173123715992, 0.1385097178344194, 0.5, 0.5, 0.5, 0.5, 0.5, 0.5, 0.5, 0.5, 0.5, 0.5 * 0.9912060534880834, 0.0000000000000000, 0.0000000000000000, 0.1323274708009592, 0.0000000000000000 *   0
0.9833681662489512, 0.6685602174459772, 0.0197213445881947, 0.6797601988910512, 0.5, 0.5, 0.5, 0.5, 0.5, 0.5, 0.5, 0.5, 0.5, 0.5 * 0.9572124779983137, 0.0000000000000000, 0.0000000000000000, 0.0000000000000000, 0.2893860258622173 *   0
0.9636295893991503, 0.6219122170572692, 0.1288801790815220, 0.3415422110546111, 0.5, 0.5, 0.5, 0.5, 0.5, 0.5, 0.5, 0.5, 0.5, 0.5 * 0.9992532398896439, 0.0000000000000000, 0.0000000000000000, 0.0000000000000000, 0.0386388738196368 *   0
0.9156505981998754, 0.0480215177163582, 0.5225805679907001, 0.0360577237028897, 0.5, 0.5, 0.5, 0.5, 0.5, 0.5, 0.5, 0.5, 0.5, 0.5 * 0.9999999726368274, 0.0000000000000000, 0.0000000000000000, 0.0000000000000000, 0.0002339366249712 *   0
0.9865506072466032, 0.5201695354283645, 0.1863409891660982, 0.5515576100682642, 0.5, 0.5, 0.5, 0.5, 0.5, 0.5, 0.5, 0.5, 0.5, 0.5 * 0.9188810182017733, 0.0000000000000000, 0.0000000000000000, 0.0000000000000000, 0.3945347568826763 *   0
0.7662790980033013, 0.0648593758534917, 0.9981019655233724, 0.2358475226144528, 0.5, 0.5, 0.5, 0.5, 0.5, 0.5, 0.5, 0.5, 0.5, 0.5 * 0.2684570412312829, 0.0000000000000000, 0.9632916572945834, 0.0000000000000000, 0.0000000000043134 *   0
0.3628908416083506, 0.9690790576716322, 0.0825931369711613, 0.2796406533008631, 0.5, 0.5, 0.5, 0.5, 0.5, 0.5, 0.5, 0.5, 0.5, 0.5 * 0.9976938665756284, 0.0000000000000000, 0.0000000000000000, 0.0678745062403565, 0.0000000000000000 *   0
0.9716758462468515, 0.4751914611436387, 0.3977067062620571, 0.1919745459183932, 0.5, 0.5, 0.5, 0.5, 0.5, 0.5, 0.5, 0.5, 0.5, 0.5 * 0.9960626320180274, 0.0000000000000000, 0.0000000000000000, 0.0000000000000000, 0.0886523158034791 *   0
0.9607280809249394, 0.0608651088834112, 0.3508603378901539, 0.5395794052349308, 0.5, 0.5, 0.5, 0.5, 0.5, 0.5, 0.5, 0.5, 0.5, 0.5 * 0.9995914199656940, 0.0000000000000000, 0.0000000000000000, 0.0000000000000000, 0.0285830916971465 *   0
0.8992491834327807, 0.6442846775261148, 0.0986525845241978, 0.0650512017612584, 0.5, 0.5, 0.5, 0.5, 0.5, 0.5, 0.5, 0.5, 0.5, 0.5 * 0.9999999992634195, 0.0000000000000000, 0.0000000000000000, 0.0000000000000000, 0.0000383817780478 *   0
0.9936880217835717, 0.4112508093990622, 0.7012621977838046, 0.1688612667698698, 0.5, 0.5, 0.5, 0.5, 0.5, 0.5, 0.5, 0.5, 0.5, 0.5 * 0.6719765250585750, 0.0000000000000000, 0.0000000000000004, 0.0000000000000000, 0.7405724473474573 *   0
0.9746995861524248, 0.3819834005003718, 0.2345924029287847, 0.5355622482186008, 0.5, 0.5, 0.5, 0.5, 0.5, 0.5, 0.5, 0.5, 0.5, 0.5 * 0.9926745359124030, 0.0000000000000000, 0.0000000000000000, 0.0000000000000000, 0.1208191448036917 *   0
0.9286781879741132, 0.0455911550883163, 0.2337390604586057, 0.5111355765308885, 0.5, 0.5, 0.5, 0.5, 0.5, 0.5, 0.5, 0.5, 0.5, 0.5 * 0.9999995384074524, 0.0000000000000000, 0.0000000000000000, 0.0000000000000000, 0.0009608251048992 *   0
0.5874870566592957, 0.9981832066542391, 0.1873922213853301, 0.3549696213356078, 0.5, 0.5, 0.5, 0.5, 0.5, 0.5, 0.5, 0.5, 0.5, 0.5 * 0.2582157536735822, 0.0000000000000000, 0.0000000000000000, 0.9660872758476762, 0.0000000000000000 *   0
0.4863617953315199, 0.9247036506071238, 0.0494688092961297, 0.1285778545441934, 0.5, 0.5, 0.5, 0.5, 0.5, 0.5, 0.5, 0.5, 0.5, 0.5 * 0.9999998042399001, 0.0000000000000000, 0.0000000000000000, 0.0006257157194279, 0.0000000000000000 *   0
0.9383674640852806, 0.9597690342738149, 0.0613011447998235, 0.2320617182329585, 0.5, 0.5, 0.5, 0.5, 0.5, 0.5, 0.5, 0.5, 0.5, 0.5 * 0.9996617167452283, 0.0000000000000000, 0.0000000000000000, 0.0258668308177751, 0.0027127730143758 *   0
0.5744432274133169, 0.9803323526775150, 0.3250582820386897, 0.0611000536294189, 0.5, 0.5, 0.5, 0.5, 0.5, 0.5, 0.5, 0.5, 0.5, 0.5 * 0.9768689471330817, 0.0000000000000000, 0.0000000000000000, 0.2138388648658248, 0.0000000000000000 *   0
0.9478347981105720, 0.3798100898879627, 0.1329966402300618, 0.4989570535248877, 0.5, 0.5, 0.5, 0.5, 0.5, 0.5, 0.5, 0.5, 0.5, 0.5 * 0.9999726008190781, 0.0000000000000000, 0.0000000000000000, 0.0000000000000000, 0.0074025408562645 *   0
0.7021096454477448, 0.2467000243471470, 0.9825538061477960, 0.0461323214909678, 0.5, 0.5, 0.5, 0.5, 0.5, 0.5, 0.5, 0.5, 0.5, 0.5 * 0.9637061092463157, 0.0000000000000000, 0.2669654191114052, 0.0000000000000000, 0.0000000000000007 *   0
0.8453018129082871, 0.4480231019891906, 0.0316720334960483, 0.9861770854267184, 0.5, 0.5, 0.5, 0.5, 0.5, 0.5, 0.5, 0.5, 0.5, 0.5 * 0.9247224253193393, 0.3806421365423338, 0.0000000000000000, 0.0000000000000000, 0.0000000789405081 *   0
0.9046632502715398, 0.8141632163031787, 0.0588401849655622, 0.0798260253294492, 0.5, 0.5, 0.5, 0.5, 0.5, 0.5, 0.5, 0.5, 0.5, 0.5 * 0.9999999975531945, 0.0000000000000000, 0.0000000000000000, 0.0000000018504084, 0.0000699543505882 *   0
0.0283312997912668, 0.4183516662653310, 0.1762141902820273, 0.9980699787838710, 0.5, 0.5, 0.5, 0.5, 0.5, 0.5, 0.5, 0.5, 0.5, 0.5 * 0.2724585354923532, 0.9621675251417303, 0.0000000000000000, 0.0000000000000000, 0.0000000000000000 *   0
0.9873686600417684, 0.0499836481409071, 0.4924430523498184, 0.7251186993555718, 0.5, 0.5, 0.5, 0.5, 0.5, 0.5, 0.5, 0.5, 0.5, 0.5 * 0.9044919537721958, 0.0000000000000156, 0.0000000000000000, 0.0000000000000000, 0.4264906863711750 *   0
0.8592705884293050, 0.1309214709936276, 0.1715231287160530, 0.2601610944886510, 0.5, 0.5, 0.5, 0.5, 0.5, 0.5, 0.5, 0.5, 0.5, 0.5 * 0.9999999999999174, 0.0000000000000000, 0.0000000000000000, 0.0000000000000000, 0.0000004065505524 *   0
0.6822682608302069, 0.0371051952415636, 0.9843191346080598, 0.2415537206649565, 0.5, 0.5, 0.5, 0.5, 0.5, 0.5, 0.5, 0.5, 0.5, 0.5 * 0.9481668852335167, 0.0000000000000000, 0.3177728083813517, 0.0000000000000000, 0.0000000000000000 *   0
0.9144043996531537, 0.5315624282376665, 0.3219547906527085, 0.0028348830541758, 0.5, 0.5, 0.5, 0.5, 0.5, 0.5, 0.5, 0.5, 0.5, 0.5 * 0.9999999791612744, 0.0000000000000000, 0.0000000000000000, 0.0000000000000000, 0.0002041505591983 *   0
0.5819231823933885, 0.9531845431556853, 0.2294625086847052, 0.0860096151409716, 0.5, 0.5, 0.5, 0.5, 0.5, 0.5, 0.5, 0.5, 0.5, 0.5 * 0.9999155495656358, 0.0000000000000000, 0.0000000000000000, 0.0129959123132072, 0.0000000000000000 *   0
0.3997627740724770, 0.9406111063159123, 0.0516055762076776, 0.2686679937265198, 0.5, 0.5, 0.5, 0.5, 0.5, 0.5, 0.5, 0.5, 0.5, 0.5 * 0.9999940676084432, 0.0000000000000000, 0.0000000000000000, 0.0034445243387535, 0.0000000000000000 *   0
0.3901598669542744, 0.9964395421540548, 0.4446829792320183, 0.1129909302634145, 0.5, 0.5, 0.5, 0.5, 0.5, 0.5, 0.5, 0.5, 0.5, 0.5 * 0.4539965662907176, 0.0000000000000000, 0.0000000000000000, 0.8910034331001414, 0.0000000000000000 *   0
0.9859308134698919, 0.2136112080019019, 0.4000785417855152, 0.7065430319432835, 0.5, 0.5, 0.5, 0.5, 0.5, 0.5, 0.5, 0.5, 0.5, 0.5 * 0.9283457880070822, 0.0000000000000012, 0.0000000000000000, 0.0000000000000000, 0.3717177664431841 *   0
0.5778804610380346, 0.1276642722672151, 0.9568273443527647, 0.0572604341699092, 0.5, 0.5, 0.5, 0.5, 0.5, 0.5, 0.5, 0.5, 0.5, 0.5 * 0.9998189025728402, 0.0000000000000000, 0.0190305559046856, 0.0000000000000000, 0.0000000000000000 *   0
0.8562999506743159, 0.2163626501412888, 0.0383569565780260, 0.9438849347382248, 0.5, 0.5, 0.5, 0.5, 0.5, 0.5, 0.5, 0.5, 0.5, 0.5 * 0.9999881144363632, 0.0048755498074004, 0.0000000000000000, 0.0000000000000000, 0.0000002875489443 *   0
0.9904109146401336, 0.5618439729147795, 0.4071034027296600, 0.4723105800674812, 0.5, 0.5, 0.5, 0.5, 0.5, 0.5, 0.5, 0.5, 0.5, 0.5 * 0.8257171370315226, 0.0000000000000000, 0.0000000000000000, 0.0000000000000000, 0.5640843993698689 *   0
0.9764048582764365, 0.6375016451987912, 0.4551281581889504, 0.2313484131504541, 0.5, 0.5, 0.5, 0.5, 0.5, 0.5, 0.5, 0.5, 0.5, 0.5 * 0.9896141295618982, 0.0000000000000000, 0.0000000000000000, 0.0000000000000000, 0.1437493463339802 *   0
0.2340800125310570, 0.1064740168426530, 0.9776144758693941, 0.2575179362937426, 0.5, 0.5, 0.5, 0.5, 0.5, 0.5, 0.5, 0.5, 0.5, 0.5 * 0.9867025110735245, 0.0000000000000000, 0.1625366255377580, 0.0000000000000000, 0.0000000000000000 *   0
0.2180045345881975, 0.8822756758342849, 0.1166623328424349, 0.0425692363840385, 0.5, 0.5, 0.5, 0.5, 0.5, 0.5, 0.5, 0.5, 0.5, 0.5 * 0.9999999999837044, 0.0000000000000000, 0.0000000000000000, 0.0000057088742245, 0.0000000000000000 *   0
0.9348549190605315, 0.1405207226707231, 0.4927643674857748, 0.3171387809874205, 0.5, 0.5, 0.5, 0.5, 0.5, 0.5, 0.5, 0.5, 0.5, 0.5 * 0.9999982619864978, 0.0000000000000000, 0.0000000000000000, 0.0000000000000000, 0.0018644098218585 *   0
0.8915757536383233, 0.0445989389180201, 0.5221315680640432, 0.1326335222146630, 0.5, 0.5, 0.5, 0.5, 0.5, 0.5, 0.5, 0.5, 0.5, 0.5 * 0.9999999998673035, 0.0000000000000000, 0.0000000000000000, 0.0000000000000000, 0.0000162908900305 *   0
0.0949296262557291, 0.8408980592344413, 0.0135070262539699, 0.0873143906180348, 0.5, 0.5, 0.5, 0.5, 0.5, 0.5, 0.5, 0.5, 0.5, 0.5 * 0.9999999999999989, 0.0000000000000000, 0.0000000000000000, 0.0000000468225316, 0.0000000000000000 *   0
0.9382485090467373, 0.2011338640940999, 0.8053542644741732, 0.0123354471346063, 0.5, 0.5, 0.5, 0.5, 0.5, 0.5, 0.5, 0.5, 0.5, 0.5 * 0.9999964125480738, 0.0000000000000000, 0.0000000006234686, 0.0000000000000000, 0.0026785986975768 *   0
0.8414750587388291, 0.1774010761535731, 0.0324275791796053, 0.4549832695419822, 0.5, 0.5, 0.5, 0.5, 0.5, 0.5, 0.5, 0.5, 0.5, 0.5 * 0.9999999999999988, 0.0000000000000000, 0.0000000000000000, 0.0000000000000000, 0.0000000501469682 *   0
0.9937774310790829, 0.1889795484901311, 0.9957181261832445, 0.2552675843496190, 0.5, 0.5, 0.5, 0.5, 0.5, 0.5, 0.5, 0.5, 0.5, 0.5 * 0.3472067143129641, 0.0000000000000000, 0.5687743706502932, 0.0000000000000000, 0.7456159955549228 *   0
0.5050915966299789, 0.4852412731783657, 0.0130795668871512, 0.9589313221904129, 0.5, 0.5, 0.5, 0.5, 0.5, 0.5, 0.5, 0.5, 0.5, 0.5 * 0.9997190103531330, 0.0237044371068425, 0.0000000000000000, 0.0000000000000000, 0.0000000000000000 *   0
0.9156945901530303, 0.4825091471348466, 0.2320182864703323, 0.2926835386514121, 0.5, 0.5, 0.5, 0.5, 0.5, 0.5, 0.5, 0.5, 0.5, 0.5 * 0.9999999723726366, 0.0000000000000000, 0.0000000000000000, 0.0000000000000000, 0.0002350632383529 *   0
0.9967626724377101, 0.3846495213846907, 0.4314639337507374, 0.8016957802705913, 0.5, 0.5, 0.5, 0.5, 0.5, 0.5, 0.5, 0.5, 0.5, 0.5 * 0.4214198914364374, 0.0000000001666459, 0.0000000000000000, 0.0000000000000000, 0.9068656323302263 *   0
0.9028771584401266, 0.5253504125985086, 0.2944938951611956, 0.1384486617233831, 0.5, 0.5, 0.5, 0.5, 0.5, 0.5, 0.5, 0.5, 0.5, 0.5 * 0.9999999983520540, 0.0000000000000000, 0.0000000000000000, 0.0000000000000000, 0.0000574098599274 *   0
0.4841731942650737, 0.0059847510447655, 0.4211171504208432, 0.9738204022747560, 0.5, 0.5, 0.5, 0.5, 0.5, 0.5, 0.5, 0.5, 0.5, 0.5 * 0.9938829741385672, 0.1104383706755771, 0.0000000000000000, 0.0000000000000000, 0.0000000000000000 *   0
0.2418904645563525, 0.2997331196906665, 0.1283877990806419, 0.9461846980015676, 0.5, 0.5, 0.5, 0.5, 0.5, 0.5, 0.5, 0.5, 0.5, 0.5 * 0.9999806628528086, 0.0062188359407156, 0.0000000000000000, 0.0000000000000000, 0.0000000000000000 *   0
0.9862583521689560, 0.0182373467917728, 0.8432148507997462, 0.5915980192793524, 0.5, 0.5, 0.5, 0.5, 0.5, 0.5, 0.5, 0.5, 0.5, 0.5 * 0.9234877338101934, 0.0000000000000000, 0.0000000569345230, 0.0000000000000000, 0.3836279519301350 *   0
0.5226874358592031, 0.6616056205991682, 0.1120580696091326, 0.9912899993319484, 0.5, 0.5, 0.5, 0.5, 0.5, 0.5, 0.5, 0.5, 0.5, 0.5 * 0.7930928884455831, 0.6091007062030398, 0.0000000000000000, 0.0000000000000000, 0.0000000000000000 *   0
0.9162988480722061, 0.5105316655293720, 0.1960847117919869, 0.4218196167712191, 0.5, 0.5, 0.5, 0.5, 0.5, 0.5, 0.5, 0.5, 0.5, 0.5 * 0.9999999684762501, 0.0000000000000000, 0.0000000000000000, 0.0000000000000000, 0.0002510926103035 *   0
0.9100868207915159, 0.0044252439422650, 0.1993980012831269, 0.8541399654253107, 0.5, 0.5, 0.5, 0.5, 0.5, 0.5, 0.5, 0.5, 0.5, 0.5 * 0.9999999919132102, 0.0000002233696597, 0.0000000000000000, 0.0000000000000000, 0.0001271751925361 *   0
0.0169783323150959, 0.9685530881250990, 0.4468822909737389, 0.1938208328531221, 0.5, 0.5, 0.5, 0.5, 0.5, 0.5, 0.5, 0.5, 0.5, 0.5 * 0.9979310691276743, 0.0000000000000000, 0.0000000000000000, 0.0642929332796152, 0.0000000000000000 *   0
0.8805596143382414, 0.0837374292703985, 0.6502078970196694, 0.0482312506289367, 0.5, 0.5, 0.5, 0.5, 0.5, 0.5, 0.5, 0.5, 0.5, 0.5 * 0.9999999999889602, 0.0000000000000000, 0.0000000000000000, 0.0000000000000000, 0.0000046989000021 *   0
0.1086746114812207, 0.0874261893739114, 0.9137181867443576, 0.1012286884250253, 0.5, 0.5, 0.5, 0.5, 0.5, 0.5, 0.5, 0.5, 0.5, 0.5 * 0.9999999820665599, 0.0000000000000000, 0.0001893855321455, 0.0000000000000000, 0.0000000000000000 *   0
0.2506054058906648, 0.2678922606948261, 0.9470860906630224, 0.1280887984335836, 0.5, 0.5, 0.5, 0.5, 0.5, 0.5, 0.5, 0.5, 0.5, 0.5 * 0.9999766062552180, 0.0000000000000000, 0.0068400981204007, 0.0000000000000000, 0.0000000000000000 *   0
0.4892858762709824, 0.9710517036593760, 0.0445556198454255, 0.7265841717489921, 0.5, 0.5, 0.5, 0.5, 0.5, 0.5, 0.5, 0.5, 0.5, 0.5 * 0.9965371804593373, 0.0000000000000210, 0.0000000000000000, 0.0831483491246480, 0.0000000000000000 *   0
0.7354726031122136, 0.3088841518894230, 0.0452158320905714, 0.9202373260260733, 0.5, 0.5, 0.5, 0.5, 0.5, 0.5, 0.5, 0.5, 0.5, 0.5 * 0.9999999256675033, 0.0003855709894502, 0.0000000000000000, 0.0000000000000000, 0.0000000000000712 *   0
0.9512250157777337, 0.6118384430240087, 0.3941269709701310, 0.4146304234930456, 0.5, 0.5, 0.5, 0.5, 0.5, 0.5, 0.5, 0.5, 0.5, 0.5 * 0.9999440424981618, 0.0000000000000000, 0.0000000000000000, 0.0000000000000000, 0.0105788407887780 *   0
0.8881897106246044, 0.0757131087946301, 0.3140186887765390, 0.6010885753673914, 0.5, 0.5, 0.5, 0.5, 0.5, 0.5, 0.5, 0.5, 0.5, 0.5 * 0.9999999999380049, 0.0000000000000000, 0.0000000000000000, 0.0000000000000000, 0.0000111350878652 *   0
0.8927670511849071, 0.3329245272711499, 0.2380217785192755, 0.4975807822763830, 0.5, 0.5, 0.5, 0.5, 0.5, 0.5, 0.5, 0.5, 0.5, 0.5 * 0.9999999998266833, 0.0000000000000000, 0.0000000000000000, 0.0000000000000000, 0.0000186180949783 *   0
0.8659989674882959, 0.3078607745970882, 0.1548627308359662, 0.4890320955258944, 0.5, 0.5, 0.5, 0.5, 0.5, 0.5, 0.5, 0.5, 0.5, 0.5 * 0.9999999999996068, 0.0000000000000000, 0.0000000000000000, 0.0000000000000000, 0.0000008868645568 *   0
0.9250173084088682, 0.6010405498561638, 0.6323057723382050, 0.0178485056468511, 0.5, 0.5, 0.5, 0.5, 0.5, 0.5, 0.5, 0.5, 0.5, 0.5 * 0.9999997905011895, 0.0000000000000000, 0.0000000000000000, 0.0000000000000000, 0.0006473002218485 *   0
0.3697598061383515, 0.5333037541868648, 0.2163625788951118, 0.9748981902258927, 0.5, 0.5, 0.5, 0.5, 0.5, 0.5, 0.5, 0.5, 0.5, 0.5 * 0.9923702631168254, 0.1232933935028262, 0.0000000000000000, 0.0000000000000000, 0.0000000000000000 *   0
0.2240023823566746, 0.0097404457674084, 0.9532808717122678, 0.4467473716692754, 0.5, 0.5, 0.5, 0.5, 0.5, 0.5, 0.5, 0.5, 0.5, 0.5 * 0.9999138254043042, 0.0000000000000000, 0.0131279002635849, 0.0000000000000000, 0.0000000000000000 *   0
0.9277595290577783, 0.0182680441151690, 0.5841390171945743, 0.6207257521435273, 0.5, 0.5, 0.5, 0.5, 0.5, 0.5, 0.5, 0.5, 0.5, 0.5 * 0.9999996213007272, 0.0000000000000000, 0.0000000000000000, 0.0000000000000000, 0.0008702863909043 *   0
0.7459201075816155, 0.1325234012364053, 0.9978943802406519, 0.5349076630244533, 0.5, 0.5, 0.5, 0.5, 0.5, 0.5, 0.5, 0.5, 0.5, 0.5 * 0.2941168607178181, 0.0000000000000000, 0.9557694660541817, 0.0000000000000000, 0.0000000000002920 *   0
0.2584661805343191, 0.2052588999295882, 0.0359683921728136, 0.8691442519748324, 0.5, 0.5, 0.5, 0.5, 0.5, 0.5, 0.5, 0.5, 0.5, 0.5 * 0.9999999999991880, 0.0000012744010212, 0.0000000000000000, 0.0000000000000000, 0.0000000000000000 *   0
0.1781034638071914, 0.1998626087791578, 0.5361675529443508, 0.9885360756835603, 0.5, 0.5, 0.5, 0.5, 0.5, 0.5, 0.5, 0.5, 0.5, 0.5 * 0.8795527345489919, 0.4758014156635000, 0.0000000000000000, 0.0000000000000000, 0.0000000000000000 *   0
0.6353406746105015, 0.9777680970624872, 0.4546684401364384, 0.3154222691969119, 0.5, 0.5, 0.5, 0.5, 0.5, 0.5, 0.5, 0.5, 0.5, 0.5 * 0.9862789716792610, 0.0000000000000000, 0.0000000000000000, 0.1650872194426313, 0.0000000000000000 *   0
0.1018570149791692, 0.9050707518612364, 0.3104534592993806, 0.1942218519720351, 0.5, 0.5, 0.5, 0.5, 0.5, 0.5, 0.5, 0.5, 0.5, 0.5 * 0.9999999973225839, 0.0000000000000000, 0.0000000000000000, 0.0000731767182571, 0.0000000000000000 *   0
0.8614589501458495, 0.2566127699132137, 0.0148587925428798, 0.7409257286884476, 0.5, 0.5, 0.5, 0.5, 0.5, 0.5, 0.5, 0.5, 0.5, 0.5 * 0.9999999999998626, 0.0000000000001491, 0.0000000000000000, 0.0000000000000000, 0.0000005242985109 *   0
0.5795347884202072, 0.9882005262133667, 0.6120890982505349, 0.2335123858570645, 0.5, 0.5, 0.5, 0.5, 0.5, 0.5, 0.5, 0.5, 0.5, 0.5 * 0.8873075019917720, 0.0000000000000000, 0.0000000000000000, 0.4611782702048325, 0.0000000000000000 *   0
0.9583054706260121, 0.8311941925581517, 0.3773675520798971, 0.4906002434392461, 0.5, 0.5, 0.5, 0.5, 0.5, 0.5, 0.5, 0.5, 0.5, 0.5 * 0.9997534043642992, 0.0000000000000000, 0.0000000000000000, 0.0000000146643490, 0.0222065409731899 *   0
0.6088201420422737, 0.1023266125015573, 0.9116301065830654, 0.1934664310857032, 0.5, 0.5, 0.5, 0.5, 0.5, 0.5, 0.5, 0.5, 0.5, 0.5 * 0.9999999886514175, 0.0000000000000000, 0.0001506557831480, 0.0000000000000000, 0.0000000000000000 *   0
0.9608924188469036, 0.4669493723041142, 0.7649528881371733, 0.3697336173475411, 0.5, 0.5, 0.5, 0.5, 0.5, 0.5, 0.5, 0.5, 0.5, 0.5 * 0.9995772023724689, 0.0000000000000000, 0.0000000000036258, 0.0000000000000000, 0.0290760467950567 *   0
0.1026606970013402, 0.7854718932814300, 0.1924357606062832, 0.9688005330827090, 0.5, 0.5, 0.5, 0.5, 0.5, 0.5, 0.5, 0.5, 0.5, 0.5 * 0.9978226616820474, 0.0659540433465183, 0.0000000000000000, 0.0000000000511900, 0.0000000000000000 *   0
0.0477151628805861, 0.7711587025649653, 0.9639420481230794, 0.1016644081574233, 0.5, 0.5, 0.5, 0.5, 0.5, 0.5, 0.5, 0.5, 0.5, 0.5 * 0.9992032224540284, 0.0000000000000000, 0.0399114048548217, 0.0000000000081376, 0.0000000000000000 *   0
0.3887162815726904, 0.9231389816492512, 0.6083695765623681, 0.1004268224818757, 0.5, 0.5, 0.5, 0.5, 0.5, 0.5, 0.5, 0.5, 0.5, 0.5 * 0.9999998604827736, 0.0000000000000000, 0.0000000000000000, 0.0005282370997199, 0.0000000000000000 *   0
0.2487368929426823, 0.6166494803580685, 0.9571141246506545, 0.2537079254415389, 0.5, 0.5, 0.5, 0.5, 0.5, 0.5, 0.5, 0.5, 0.5, 0.5 * 0.9998077169868481, 0.0000000000000000, 0.0196094123712711, 0.0000000000000000, 0.0000000000000000 *   0
0.9268414415078431, 0.7891653314182373, 0.6134342102396462, 0.2975832215964716, 0.5, 0.5, 0.5, 0.5, 0.5, 0.5, 0.5, 0.5, 0.5, 0.5 * 0.9999996893305597, 0.0000000000000000, 0.0000000000000000, 0.0000000000818313, 0.0007882504577375 *   0
0.3306773958404909, 0.6161051996127261, 0.1982609146266528, 0.8810349748847238, 0.5, 0.5, 0.5, 0.5, 0.5, 0.5, 0.5, 0.5, 0.5, 0.5 * 0.9999999999877018, 0.0000049594645799, 0.0000000000000000, 0.0000000000000000, 0.0000000000000000 *   0
