3 //Objectives
30 //Vars
1 //DMS
0.277000 0.391000, 0.274000 0.388000, 0.277000 0.393000 // Weight
5.212000 5.316000, 5.358000 5.532000, 4.746000 5.372000 //Veto
0.510000 0.670000 //Beta 0
0.510000 0.670000 //Lambda 0
TRUE TRUE //Best compromise 
1
0.0000168103724796, 0.0000168103724796, 0.9999999998587057 *   0
TRUE TRUE //Frontiers 
6 // OUTRANKING: R2(3) + R1(3)
0.001141234767 0.001141234767, 0.001141234767 0.001141234767, 1.000002547434 1.000002547434
0.002265659162 0.002265659162, 0.002265659162 0.002265659162, 1.000005095010 1.000005095010
0.003390083557 0.003390083557, 0.003390083557 0.003390083557, 1.000007642585 1.000007642585
0.005638932346 0.005638932346, 0.005638932346 0.005638932346, 0.999992357132 0.999992357132
0.006201144544 0.006201144544, 0.006201144544 0.006201144544, 0.999996178496 0.999996178496
0.006763356741 0.006763356741, 0.006763356741 0.006763356741, 0.999999999859 0.999999999859
FALSE //Initial solutions
