3 //Objectives
12 //Vars
1 //DMS
0.233000 0.427000, 0.238000 0.436000, 0.235000 0.431000 // Weight
1.947000 2.055000, 1.548000 1.647000, 1.909000 2.088000 //Veto
0.510000 0.670000 //Beta 0
0.510000 0.670000 //Lambda 0
TRUE TRUE //Best compromise 
1
0.0000071407344509, 0.0000071407344509, 0.9999999999490099 *   0
TRUE TRUE //Frontiers 
6 // OUTRANKING: R2(3) + R1(3)
0.005563394127 0.005563394127, 0.005563394127 0.005563394127, 1.000123597660 1.000123597660
0.011119647520 0.011119647520, 0.011119647520 0.011119647520, 1.000247195372 1.000247195372
0.016675900913 0.016675900913, 0.016675900913 0.016675900913, 1.000370793083 1.000370793083
0.027788407699 0.027788407699, 0.027788407699 0.027788407699, 0.999629206815 0.999629206815
0.030566534396 0.030566534396, 0.030566534396 0.030566534396, 0.999814603382 0.999814603382
0.033344661092 0.033344661092, 0.033344661092 0.033344661092, 0.999999999949 0.999999999949
FALSE //Initial solutions
