3 //Objectives
22 //Vars
1 //DMS
0.233000 0.425000, 0.237000 0.433000, 0.237000 0.435000 // Weight
0.363000 0.389000, 0.368000 0.383000, 11.160000 11.340000 //Veto
0.510000 0.670000 //Beta 0
0.510000 0.670000 //Lambda 0
TRUE TRUE //Best compromise 
1
0.0847625406853680, 0.8571372129289141, 4.1617050646257905 *   0
TRUE TRUE //Frontiers 
6 // OUTRANKING: R2(3) + R1(3)
0.222804679872 0.222804679872, 0.871494771853 0.871494771853, 4.207217831968 4.207217831968
0.498888958245 0.498888958245, 0.871494771853 0.871494771853, 4.207217831968 4.207217831968
0.774973236618 0.774973236618, 0.871494771853 0.871494771853, 4.207217831968 4.207217831968
1.327141793364 1.327141793364, 0.871494771853 0.871494771853, 4.207217831968 4.207217831968
1.465183932551 1.465183932551, 0.871494771853 0.871494771853, 4.207217831968 4.207217831968
1.603226071737 1.603226071737, 0.871494771853 0.871494771853, 4.207217831968 4.207217831968
FALSE //Initial solutions
