3 //Objectives
12 //Vars
1 //DMS
0.244000 0.414000, 0.249000 0.423000, 0.248000 0.422000 // Weight
4.480000 4.878000, 4.102000 4.346000, 4.136000 4.521000 //Veto
0.510000 0.670000 //Beta 0
0.510000 0.670000 //Lambda 0
TRUE TRUE//Best compromise 
1
0.0000071407344509, 0.0000071407344509, 0.9999999999490099 *   0
TRUE TRUE //Frontiers 
6 // OUTRANKING: R2(3) + R1(3)
0.005563394127 0.005563394127, 0.005563394127 0.005563394127, 1.000123597660 1.000123597660
0.011119647520 0.011119647520, 0.011119647520 0.011119647520, 1.000247195372 1.000247195372
0.016675900913 0.016675900913, 0.016675900913 0.016675900913, 1.000370793083 1.000370793083
0.027788407699 0.027788407699, 0.027788407699 0.027788407699, 0.999629206815 0.999629206815
0.030566534396 0.030566534396, 0.030566534396 0.030566534396, 0.999814603382 0.999814603382
0.033344661092 0.033344661092, 0.033344661092 0.033344661092, 0.999999999949 0.999999999949
FALSE //Initial solutions
