3 //Objectives
12 //Vars
1 //DMS
0.237000 0.435000, 0.233000 0.429000, 0.235000 0.431000 // Weight
1.932000 2.024000, 1.939000 2.179000, 1.971000 2.077000 //Veto
0.510000 0.750000 //Beta 0
0.510000 0.670000 //Lambda 0
TRUE TRUE //Best compromise 
1
0.0335798835519111, 0.9994360366830086, 0.0000000000000000 *   0
TRUE TRUE //Frontiers
6 // OUTRANKING: R2(3) + R1(3)
0.163959406706 0.163959406706, 1.249295045854 1.249295045854, 0.207946242581 0.207946242581
0.294338929859 0.294338929859, 1.499154055025 1.499154055025, 0.415892485162 0.415892485162
0.424718453013 0.424718453013, 1.749013064195 1.749013064195, 0.623838727742 0.623838727742
0.685477499320 0.685477499320, 0.249859009171 0.249859009171, 1.039731212904 1.039731212904
0.750667260897 0.750667260897, 0.624647522927 0.624647522927, 1.143704334194 1.143704334194
0.815857022474 0.815857022474, 0.999436036683 0.999436036683, 1.247677455485 1.247677455485
FALSE //Initial solutions
