3 //Objectives
30 //Vars
1 //DMS
0.237000 0.437000, 0.229000 0.423000, 0.237000 0.437000 // Weight
0.490000 0.558000, 0.526000 0.563000, 0.513000 0.549000 //Veto
0.510000 0.670000 //Beta 0
0.510000 0.670000 //Lambda 0
TRUE TRUE //Best compromise 
1
0.4244150125535275, 0.5622287207640508, 0.0066781333412108 *   0
TRUE TRUE //Frontiers 
6 // OUTRANKING: R2(3) + R1(3)
0.445021748765 0.445021748765, 0.575423684247 0.575423684247, 0.023578983188 0.023578983188
0.445021748765 0.445021748765, 0.575423684247 0.575423684247, 0.057380682883 0.057380682883
0.445021748765 0.445021748765, 0.575423684247 0.575423684247, 0.091182382577 0.091182382577
0.445021748765 0.445021748765, 0.575423684247 0.575423684247, 0.158785781966 0.158785781966
0.445021748765 0.445021748765, 0.575423684247 0.575423684247, 0.175686631813 0.175686631813
0.445021748765 0.445021748765, 0.575423684247 0.575423684247, 0.192587481661 0.192587481661
FALSE //Initial solutions
