3 //Objectives
7 //Vars
1 //DMS
0.244000 0.420000, 0.247000 0.425000, 0.244000 0.420000 // Weight
325.516000 363.406000, 327.572000 338.428000, 328.825000 374.018000 //Veto
0.510000 0.750000 //Beta 0
0.510000 0.670000 //Lambda 0
TRUE TRUE //Best compromise 
1
0.0000014092138890, 0.0000068688468193, 0.4999917219392917 *   0
TRUE TRUE //Frontiers 
6 // OUTRANKING: R2(3) + R1(3)
0.000944903345 0.000944903345, 0.000376311838 0.000376311838, 0.501304659062 0.501304659062
0.001888397476 0.001888397476, 0.000745754830 0.000745754830, 0.502617596184 0.502617596184
0.002831891607 0.002831891607, 0.001115197821 0.001115197821, 0.503930533307 0.503930533307
0.004718879869 0.004718879869, 0.001854083804 0.001854083804, 0.496052910572 0.496052910572
0.005190626934 0.005190626934, 0.002038805300 0.002038805300, 0.498022316256 0.498022316256
0.005662374000 0.005662374000, 0.002223526796 0.002223526796, 0.499991721939 0.499991721939
FALSE //Initial solutions
