5	//number of objectives
50	//number of decision variables
1	//number of DMs
0.055	0.083,	0.108	0.162,	0.204	0.306,	0.263	0.393,	0.171	0.255	//weights
5.346	5.899,	3.544	4.091,	3.668	3.833,	3.614	3.887,	3.515	4.113	//vetos
0.510000 0.670000 //Beta 0
0.510000 0.670000 //Lambda 0
TRUE TRUE //Best compromise 
1
0.0000168103724796, 0.0000168103724796, 0.9999999998587057 *   0
TRUE FALSE //Frontiers 
6 // OUTRANKING: R2(3) + R1(3)
0.001141234767 0.001141234767, 0.001141234767 0.001141234767, 1.000002547434 1.000002547434
0.002265659162 0.002265659162, 0.002265659162 0.002265659162, 1.000005095010 1.000005095010
0.003390083557 0.003390083557, 0.003390083557 0.003390083557, 1.000007642585 1.000007642585
0.005638932346 0.005638932346, 0.005638932346 0.005638932346, 0.999992357132 0.999992357132
0.006201144544 0.006201144544, 0.006201144544 0.006201144544, 0.999996178496 0.999996178496
0.006763356741 0.006763356741, 0.006763356741 0.006763356741, 0.999999999859 0.999999999859
FALSE //Initial solutions
