5	//number of objectives
14	//number of decision variables
1	//number of DMs
0.152	0.214,	0.124	0.176,	0.266	0.376,	0.258	0.364,	0.029	0.041	//weights
1.561	1.779,	1.899	2.246,	1.357	1.373,	1.521	1.694,	2.060	2.263	//vetos
0.510000 0.670000 //Beta 0
0.510000 0.670000 //Lambda 0
TRUE TRUE //Best compromise 
1
0.0000071407344509, 0.0000071407344509, 0.9999999999490099 *   0
TRUE TRUE //Frontiers 
6 // OUTRANKING: R2(3) + R1(3)
0.005563394127 0.005563394127, 0.005563394127 0.005563394127, 1.000123597660 1.000123597660
0.011119647520 0.011119647520, 0.011119647520 0.011119647520, 1.000247195372 1.000247195372
0.016675900913 0.016675900913, 0.016675900913 0.016675900913, 1.000370793083 1.000370793083
0.027788407699 0.027788407699, 0.027788407699 0.027788407699, 0.999629206815 0.999629206815
0.030566534396 0.030566534396, 0.030566534396 0.030566534396, 0.999814603382 0.999814603382
0.033344661092 0.033344661092, 0.033344661092 0.033344661092, 0.999999999949 0.999999999949
FALSE //Initial solutions
