5	//number of objectives
14	//number of decision variables
1	//number of DMs
0.118	0.166,	0.242	0.342,	0.153	0.217,	0.235	0.331,	0.081	0.115	//weights
1.700	1.965,	1.604	1.710,	1.601	1.838,	1.550	1.856,	1.894	2.313	//vetos
0.510000 0.750000 //Beta 0
0.510000 0.670000 //Lambda 0
TRUE TRUE //Best compromise 
1
0.0006725140562585, 0.9995622751390183, 0.0295771168938710 *   0
TRUE TRUE //Frontiers 
6 // OUTRANKING: R2(3) + R1(3)
0.020826553660 0.020826553660, 1.247298824090 1.247298824090, 0.624975890439 0.624975890439
0.021325161113 0.021325161113, 1.309230610905 1.309230610905, 0.906171643926 0.906171643926
0.021823768566 0.021823768566, 1.371162397720 1.371162397720, 1.187367397413 1.187367397413
0.022820983473 0.022820983473, 1.495025971349 1.495025971349, 1.749758904388 1.749758904388
0.023070287199 0.023070287199, 1.525991864757 1.525991864757, 1.890356781132 1.890356781132
0.023319590926 0.023319590926, 1.556957758164 1.556957758164, 2.030954657875 2.030954657875
FALSE //Initial solutions
