5	//number of objectives
10	//number of decision variables
1	//number of DMs
0.174	0.310,	0.025	0.045,	0.210	0.372,	0.076	0.136,	0.235	0.417	//weights
211.137	239.144,	270.269	289.700,	216.164	226.523,	227.681	263.381,	199.348	239.261	//vetos
0.510000 0.750000 //Beta 0
0.510000 0.670000 //Lambda 0
TRUE TRUE //Best compromise 
1
0.0000014092138890, 0.0000068688468193, 0.4999917219392917 *   0
TRUE TRUE //Frontiers 
6 // OUTRANKING: R2(3) + R1(3)
0.000944903345 0.000944903345, 0.000376311838 0.000376311838, 0.501304659062 0.501304659062
0.001888397476 0.001888397476, 0.000745754830 0.000745754830, 0.502617596184 0.502617596184
0.002831891607 0.002831891607, 0.001115197821 0.001115197821, 0.503930533307 0.503930533307
0.004718879869 0.004718879869, 0.001854083804 0.001854083804, 0.496052910572 0.496052910572
0.005190626934 0.005190626934, 0.002038805300 0.002038805300, 0.498022316256 0.498022316256
0.005662374000 0.005662374000, 0.002223526796 0.002223526796, 0.499991721939 0.499991721939
FALSE //Initial solutions
