5	//number of objectives
14	//number of decision variables
1	//number of DMs
0.203	0.269,	0.210	0.280,	0.240	0.320,	0.177	0.235,	0.028	0.038	//weights
1.535	1.544,	1.366	1.498,	1.403	1.427,	1.477	1.790,	1.706	1.742	//vetos
0.510000 0.750000 //Beta 0
0.510000 0.670000 //Lambda 0
TRUE TRUE //Best compromise 
1
0.0335798835519111, 0.9994360366830086, 0.0000000000000000 *   0
TRUE TRUE //Frontiers
6
0.254145717490 0.254145717490, 1.148911033913 1.148911033913, 0.000000000000 0.000000000000
0.695277385366 0.695277385366, 1.148911033913 1.148911033913, 0.000000000000 0.000000000000
1.136409053243 1.136409053243, 1.148911033913 1.148911033913, 0.000000000000 0.000000000000
2.018672388996 2.018672388996, 1.148911033913 1.148911033913, 0.000000000000 0.000000000000
2.239238222934 2.239238222934, 1.148911033913 1.148911033913, 0.000000000000 0.000000000000
2.459804056872 2.459804056872, 1.148911033913 1.148911033913, 0.000000000000 0.000000000000
FALSE //Initial solutions
