5	//number of objectives
14	//number of decision variables
1	//number of DMs
0.266	0.328,	0.118	0.146,	0.291	0.359,	0.001	0.001,	0.219	0.271	//weights
1316.151	1389.474,	1291.529	1444.471,	1050.583	1216.292,	1367.312	1444.063,	1240.511	1490.989	//vetos
0.510000 0.750000 //Beta 0
0.510000 0.670000 //Lambda 0
TRUE TRUE //Best compromise 
1
0.0000095828265350, 0.0000031858456643, 0.9999999999490099 *   0
TRUE TRUE //Frontiers 
6 // OUTRANKING: R2(3) + R1(3)
0.001189919481 0.001189919481, 0.005992637783 0.005992637783, 1.000074574923 1.000074574923
0.002370256135 0.002370256135, 0.011982089721 0.011982089721, 1.000149149896 1.000149149896
0.003550592789 0.003550592789, 0.017971541658 0.017971541658, 1.000223724870 1.000223724870
0.005911266098 0.005911266098, 0.029950445533 0.029950445533, 0.999776275028 0.999776275028
0.006501434425 0.006501434425, 0.032945171502 0.032945171502, 0.999888137489 0.999888137489
0.007091602752 0.007091602752, 0.035939897470 0.035939897470, 0.999999999949 0.999999999949
FALSE //Initial solutions
