5 //Objectives
10 //Vars
1 //DMS
0.174000 0.310000, 0.025000 0.045000, 0.210000 0.372000, 0.076000 0.136000, 0.235000 0.417000 // Weight
211.137000 239.144000, 270.269000 289.700000, 216.164000 226.523000, 227.681000 263.381000, 199.348000 239.261000 //Veto
0.510000 0.750000 //Beta 0
0.510000 0.670000 //Lambda 0
TRUE TRUE //Best compromise 
1
0.0000445768163784, 0.0002060871775580, 0.0002371527406572, 0.4988365182832646, 0.0006756649821418 *   0
TRUE TRUE //Frontiers 
6 // OUTRANKING: R2(3) + R1(3)
0.000900825781 0.000900825781, 0.001283068785 0.001283068785, 0.000106208754 0.000106208754, 0.399063212756 0.399063212756, 0.112884139171 0.112884139171
0.001502852055 0.001502852055, 0.002077810485 0.002077810485, 0.000108523277 0.000108523277, 0.406181940380 0.406181940380, 0.118603784297 0.118603784297
0.002104878329 0.002104878329, 0.002872552186 0.002872552186, 0.000110837799 0.000110837799, 0.413300668003 0.413300668003, 0.124323429423 0.124323429423
0.003308930877 0.003308930877, 0.004462035587 0.004462035587, 0.000115466845 0.000115466845, 0.370588302263 0.370588302263, 0.135762719675 0.135762719675
0.003609944013 0.003609944013, 0.004859406438 0.004859406438, 0.000116624106 0.000116624106, 0.381266393698 0.381266393698, 0.138622542238 0.138622542238
0.003910957150 0.003910957150, 0.005256777288 0.005256777288, 0.000117781368 0.000117781368, 0.391944485133 0.391944485133, 0.141482364801 0.141482364801
FALSE //Initial solutions
