5	//number of objectives
24	//number of decision variables
1	//number of DMs
0.227	0.387,	0.186	0.316,	0.197	0.337,	0.047	0.079,	0.083	0.141	//weights
0.396	0.462,	0.463	0.474,	0.437	0.451,	0.483	0.522,	22.100	26.300	//vetos
0.510000 0.670000 //Beta 0
0.510000 0.670000 //Lambda 0
TRUE TRUE //Best compromise 
1
0.0847625406853680, 0.8571372129289141, 4.1617050646257905 *   0
TRUE TRUE //Frontiers 
6 // OUTRANKING: R2(3) + R1(3)
0.271458917657 0.271458917657, 1.062585292413 1.062585292413, 4.193808611620 4.193808611620
0.458155294628 0.458155294628, 1.268033371897 1.268033371897, 4.225912158615 4.225912158615
0.644851671599 0.644851671599, 1.473481451382 1.473481451382, 4.258015705609 4.258015705609
1.018244425542 1.018244425542, 0.240792974476 0.240792974476, 4.322222799598 4.322222799598
1.111592614027 1.111592614027, 0.548965093703 0.548965093703, 4.338274573095 4.338274573095
1.204940802513 1.204940802513, 0.857137212929 0.857137212929, 4.354326346592 4.354326346592
FALSE //Initial solutions
