5 //Objectives
14 //Vars
1 //DMS
0.118000 0.166000, 0.242000 0.342000, 0.153000 0.217000, 0.235000 0.331000, 0.081000 0.115000 // Weight
1.700000 1.965000, 1.604000 1.710000, 1.601000 1.838000, 1.550000 1.856000, 1.894000 2.313000 //Veto
0.510000 0.750000 //Beta 0
0.510000 0.670000 //Lambda 0
TRUE TRUE //Best compromise 
1
0.0000016163172349, 0.0000003227421451, 0.0000094400169758, 0.0000031858456643, 0.9999999999490099 *   0
TRUE TRUE //Frontiers 
6 // OUTRANKING: R2(3) + R1(3)
0.006663582204 0.006663582204, 0.000998147430 0.000998147430, 0.010953805637 0.010953805637, 1.178318456333 1.178318456333, 0.478461661102 0.478461661102
0.013306337023 0.013306337023, 0.001765281153 0.001765281153, 0.021161456313 0.021161456313, 1.404414888841 1.404414888841, 0.651517679174 0.651517679174
0.019949091842 0.019949091842, 0.002532414876 0.002532414876, 0.031369106990 0.031369106990, 1.630511321349 1.630511321349, 0.824573697247 0.824573697247
0.033234601481 0.033234601481, 0.004066682323 0.004066682323, 0.051784408343 0.051784408343, 0.273932726301 0.273932726301, 1.170685733392 1.170685733392
0.036555978891 0.036555978891, 0.004450249185 0.004450249185, 0.056888233681 0.056888233681, 0.613077375063 0.613077375063, 1.257213742428 1.257213742428
0.039877356301 0.039877356301, 0.004833816047 0.004833816047, 0.061992059019 0.061992059019, 0.952222023825 0.952222023825, 1.343741751464 1.343741751464
FALSE //Initial solutions
