5 //Objectives
14 //Vars
1 //DMS
0.203000 0.269000, 0.210000 0.280000, 0.240000 0.320000, 0.177000 0.235000, 0.028000 0.038000 // Weight
1.535000 1.544000, 1.366000 1.498000, 1.403000 1.427000, 1.477000 1.790000, 1.706000 1.742000 //Veto
0.510000 0.750000 //Beta 0
0.510000 0.670000 //Lambda 0
TRUE TRUE //Best compromise 
1
0.1305120601868432, 0.0000000000000000, 0.0000000000000000, 0.0000000000000006, 0.9914467217888140 *   0
TRUE TRUE //Frontiers 
6 // OUTRANKING: R2(3) + R1(3)
0.163032458343 0.163032458343, 0.000000000000 0.000000000000, 0.000000000000 0.000000000000, 0.000000000000 0.000000000000, 0.995348281863 0.995348281863
0.195552856500 0.195552856500, 0.000000000000 0.000000000000, 0.000000000000 0.000000000000, 0.000000000000 0.000000000000, 0.999249841937 0.999249841937
0.228073254656 0.228073254656, 0.000000000000 0.000000000000, 0.000000000000 0.000000000000, 0.000000000000 0.000000000000, 1.003151402012 1.003151402012
0.293114050970 0.293114050970, 0.000000000000 0.000000000000, 0.000000000000 0.000000000000, 0.000000000000 0.000000000000, 1.010954522160 1.010954522160
0.309374250048 0.309374250048, 0.000000000000 0.000000000000, 0.000000000000 0.000000000000, 0.000000000000 0.000000000000, 1.012905302197 1.012905302197
0.325634449126 0.325634449126, 0.000000000000 0.000000000000, 0.000000000000 0.000000000000, 0.000000000000 0.000000000000, 1.014856082235 1.014856082235
FALSE //Initial solutions
