5 //Objectives
50 //Vars
1 //DMS
0.208000 0.282000, 0.264000 0.358000, 0.202000 0.272000, 0.071000 0.095000, 0.105000 0.143000 // Weight
0.535000 0.580000, 0.440000 0.529000, 0.513000 0.610000, 0.549000 0.649000, 0.526000 0.619000 //Veto
0.510000 0.670000 //Beta 0
0.510000 0.670000 //Lambda 0
TRUE TRUE //Best compromise 
1
0.6487110364144290, 0.4244150125535275, 0.7089796153623579, 0.5622287207640508, 0.0066781333412108 *   0
TRUE TRUE //Frontiers 
6 // OUTRANKING: R2(3) + R1(3)
0.669025493698 0.669025493698, 0.567686716157 0.567686716157, 0.800348058146 0.800348058146, 0.581953142999 0.581953142999, 0.026653990500 0.026653990500
0.689339950981 0.689339950981, 0.710958419761 0.710958419761, 0.891716500930 0.891716500930, 0.601677565235 0.601677565235, 0.046629847658 0.046629847658
0.709654408264 0.709654408264, 0.854230123365 0.854230123365, 0.983084943714 0.983084943714, 0.621401987470 0.621401987470, 0.066605704817 0.066605704817
0.750283322831 0.750283322831, 1.140773530573 1.140773530573, 0.434874287010 0.434874287010, 0.503055454058 0.503055454058, 0.106557419134 0.106557419134
0.760440551472 0.760440551472, 1.212409382375 1.212409382375, 0.571926951186 0.571926951186, 0.532642087411 0.532642087411, 0.116545347713 0.116545347713
0.770597780114 0.770597780114, 1.284045234177 1.284045234177, 0.708979615362 0.708979615362, 0.562228720764 0.562228720764, 0.126533276292 0.126533276292
FALSE //Initial solutions
