5 //Objectives
14 //Vars
1 //DMS
0.143000 0.235000, 0.140000 0.228000, 0.022000 0.036000, 0.219000 0.359000, 0.234000 0.384000 // Weight
4.004000 4.271000, 5.561000 6.525000, 6.471000 6.822000, 3.983000 4.283000, 3.914000 4.339000 //Veto
0.510000 0.670000 //Beta 0
0.510000 0.670000 //Lambda 0
TRUE TRUE //Best compromise 
1
0.0000035703672254, 0.0000035703672254, 0.0000050492617529, 0.0000071407344509, 0.9999999999490099 *   0
TRUE TRUE //Frontiers 
6 // OUTRANKING: R2(3) + R1(3)
0.123277948554 0.123277948554, 0.123277948554 0.123277948554, 0.174341346787 0.174341346787, 0.246555897108 0.246555897108, 0.968254861935 0.968254861935
0.123277948554 0.123277948554, 0.123277948554 0.123277948554, 0.174341346787 0.174341346787, 0.246555897108 0.246555897108, 0.988882264424 0.988882264424
0.123277948554 0.123277948554, 0.123277948554 0.123277948554, 0.174341346787 0.174341346787, 0.246555897108 0.246555897108, 1.009509666914 1.009509666914
0.123277948554 0.123277948554, 0.123277948554 0.123277948554, 0.174341346787 0.174341346787, 0.246555897108 0.246555897108, 1.050764471893 1.050764471893
0.123277948554 0.123277948554, 0.123277948554 0.123277948554, 0.174341346787 0.174341346787, 0.246555897108 0.246555897108, 1.061078173138 1.061078173138
0.123277948554 0.123277948554, 0.123277948554 0.123277948554, 0.174341346787 0.174341346787, 0.246555897108 0.246555897108, 1.071391874383 1.071391874383
FALSE //Initial solutions
