5 //Objectives
14 //Vars
1 //DMS
0.152000 0.214000, 0.124000 0.176000, 0.266000 0.376000, 0.258000 0.364000, 0.029000 0.041000 // Weight
1.561000 1.779000, 1.899000 2.246000, 1.357000 1.373000, 1.521000 1.694000, 2.060000 2.263000 //Veto
0.510000 0.670000 //Beta 0
0.510000 0.670000 //Lambda 0
TRUE TRUE //Best compromise 
1
0.0000035703672254, 0.0000035703672254, 0.0000050492617529, 0.0000071407344509, 0.9999999999490099 *   0
TRUE TRUE //Frontiers 
6 // OUTRANKING: R2(3) + R1(3)
0.142295971009 0.142295971009, 0.142295971009 0.142295971009, 0.201236892072 0.201236892072, 0.284591942018 0.284591942018, 0.957785329814 0.957785329814
0.142295971009 0.142295971009, 0.142295971009 0.142295971009, 0.201236892072 0.201236892072, 0.284591942018 0.284591942018, 0.985392420384 0.985392420384
0.142295971009 0.142295971009, 0.142295971009 0.142295971009, 0.201236892072 0.201236892072, 0.284591942018 0.284591942018, 1.012999510954 1.012999510954
0.142295971009 0.142295971009, 0.142295971009 0.142295971009, 0.201236892072 0.201236892072, 0.284591942018 0.284591942018, 1.068213692095 1.068213692095
0.142295971009 0.142295971009, 0.142295971009 0.142295971009, 0.201236892072 0.201236892072, 0.284591942018 0.284591942018, 1.082017237380 1.082017237380
0.142295971009 0.142295971009, 0.142295971009 0.142295971009, 0.201236892072 0.201236892072, 0.284591942018 0.284591942018, 1.095820782665 1.095820782665
FALSE //Initial solutions
