5	//number of objectives
50	//number of decision variables
1	//number of DMs
0.055	0.083,	0.108	0.162,	0.204	0.306,	0.263	0.393,	0.171	0.255	//weights
5.346	5.899,	3.544	4.091,	3.668	3.833,	3.614	3.887,	3.515	4.113	//vetos
0.510000 0.670000 //Beta 0
0.510000 0.670000 //Lambda 0
TRUE TRUE //Best compromise 
1
0.0000005634501579, 0.0000005634501579, 0.0000005634501579, 0.0000005634501579, 0.9999999999998412
TRUE TRUE //Frontiers 
6 // OUTRANKING: R2(3) + R1(3)
0.242602597569 0.242602597569, 0.242602597569 0.242602597569, 0.242602597569 0.242602597569, 0.242602597569 0.242602597569, 0.975285257595 0.975285257595
0.245422349775 0.245422349775, 0.245422349775 0.245422349775, 0.245422349775 0.245422349775, 0.245422349775 0.245422349775, 0.980704137653 0.980704137653
0.248242101980 0.248242101980, 0.248242101980 0.248242101980, 0.248242101980 0.248242101980, 0.248242101980 0.248242101980, 0.986123017711 0.986123017711
0.253881606392 0.253881606392, 0.253881606392 0.253881606392, 0.253881606392 0.253881606392, 0.253881606392 0.253881606392, 0.996960777827 0.996960777827
0.255291482494 0.255291482494, 0.255291482494 0.255291482494, 0.255291482494 0.255291482494, 0.255291482494 0.255291482494, 0.999670217856 0.999670217856
0.256701358597 0.256701358597, 0.256701358597 0.256701358597, 0.256701358597 0.256701358597, 0.256701358597 0.256701358597, 1.002379657885 1.002379657885
FALSE //Initial solutions
