[0.48672, 0.69990, 0.49971, 0.50001, 0.49982, 0.49992, 0.49998] * [0.17441, 0.07478, 0.26279] * [] * 0 *   0
[0.49102, 0.66963, 0.49971, 0.50001, 0.49982, 0.49992, 0.49998] * [0.16837, 0.08307, 0.26063] * [] * 0 *   0
[0.08145, 0.73677, 0.49975, 0.49996, 0.49983, 0.49991, 0.49988] * [0.03069, 0.01096, 0.46979] * [] * 0 *   0
[0.83174, 0.30353, 0.49975, 0.49996, 0.49982, 0.49993, 0.49997] * [0.12873, 0.29538, 0.08580] * [] * 0 *   0
[0.03312, 0.97650, 0.49976, 0.50001, 0.50053, 0.49992, 0.49998] * [0.01727, 0.00042, 0.51644] * [] * 0 *   0
[0.66654, 0.07530, 0.49971, 0.50001, 0.49982, 0.49992, 0.49998] * [0.02570, 0.31564, 0.17077] * [] * 0 *   0
[0.47309, 0.09286, 0.49975, 0.49997, 0.49982, 0.49992, 0.49998] * [0.02241, 0.21890, 0.26876] * [] * 0 *   0
[0.53186, 0.05806, 0.49971, 0.49997, 0.49982, 0.49992, 0.49998] * [0.01582, 0.25656, 0.23974] * [] * 0 *   0
[0.53278, 0.31980, 0.49972, 0.49996, 0.49983, 0.49992, 0.49997] * [0.08718, 0.18542, 0.23905] * [] * 0 *   0
[0.03638, 0.02048, 0.49972, 0.50001, 0.49982, 0.49992, 0.49998] * [0.00038, 0.01823, 0.49285] * [] * 0 *   0
[0.62615, 0.47607, 0.49972, 0.49996, 0.49982, 0.49993, 0.49999] * [0.15243, 0.16776, 0.19118] * [] * 0 *   0
[0.85445, 0.25106, 0.49972, 0.49996, 0.49982, 0.49991, 0.49998] * [0.10982, 0.32761, 0.07452] * [] * 0 *   0
[0.49863, 0.47204, 0.49974, 0.49996, 0.49982, 0.49992, 0.49998] * [0.12020, 0.13444, 0.25604] * [] * 0 *   0
[0.49132, 0.30183, 0.49975, 0.49996, 0.49982, 0.49993, 0.49999] * [0.07558, 0.17482, 0.25924] * [] * 0 *   0
[0.62615, 0.47702, 0.49972, 0.49996, 0.49982, 0.49992, 0.49999] * [0.15278, 0.16750, 0.19123] * [] * 0 *   0
[0.48887, 0.05196, 0.49968, 0.49997, 0.49983, 0.49992, 0.49997] * [0.01305, 0.23807, 0.26256] * [] * 0 *   0
[0.41097, 0.06662, 0.49971, 0.49996, 0.49989, 0.49993, 0.49998] * [0.01396, 0.19562, 0.30039] * [] * 0 *   0
[0.91492, 0.76729, 0.50037, 0.49996, 0.49983, 0.49991, 0.49997] * [0.36342, 0.11022, 0.04404] * [] * 0 *   0
[0.42171, 0.04624, 0.49971, 0.49996, 0.49989, 0.49993, 0.49998] * [0.00994, 0.20512, 0.29491] * [] * 0 *   0
[0.12283, 0.54082, 0.49975, 0.49997, 0.49983, 0.49993, 0.49998] * [0.03387, 0.02875, 0.44721] * [] * 0 *   0
[0.05468, 0.73677, 0.49975, 0.49996, 0.49983, 0.49992, 0.49998] * [0.02054, 0.00734, 0.48193] * [] * 0 *   0
[0.96349, 0.30736, 0.49975, 0.49996, 0.49982, 0.49993, 0.49998] * [0.15093, 0.34014, 0.01861] * [] * 0 *   0
[0.46805, 0.03414, 0.49975, 0.49996, 0.49983, 0.49991, 0.49998] * [0.00815, 0.23050, 0.27123] * [] * 0 *   0
[0.25328, 0.69122, 0.49975, 0.49997, 0.49981, 0.49992, 0.49998] * [0.08938, 0.03993, 0.38124] * [] * 0 *   0
[0.50378, 0.66673, 0.49975, 0.49997, 0.49982, 0.49992, 0.49998] * [0.17133, 0.08564, 0.25310] * [] * 0 *   0
[0.03446, 0.66673, 0.49975, 0.50001, 0.49982, 0.49992, 0.49998] * [0.01172, 0.00586, 0.49240] * [] * 0 *   0
[0.23779, 0.07328, 0.49975, 0.49997, 0.49983, 0.49992, 0.49998] * [0.00889, 0.11238, 0.38870] * [] * 0 *   0
[0.85488, 0.37155, 0.49972, 0.49996, 0.49982, 0.49991, 0.49998] * [0.16262, 0.27506, 0.07430] * [] * 0 *   0
[0.55984, 0.04309, 0.49974, 0.49996, 0.49983, 0.49992, 0.49988] * [0.01234, 0.27413, 0.22524] * [] * 0 *   0
[0.54498, 0.17302, 0.50031, 0.49996, 0.49982, 0.49992, 0.49997] * [0.04846, 0.23162, 0.23385] * [] * 0 *   0
[0.46625, 0.05426, 0.49974, 0.49997, 0.49982, 0.49992, 0.49998] * [0.01291, 0.22506, 0.27242] * [] * 0 *   0
[0.85710, 0.94178, 0.49974, 0.49997, 0.49984, 0.49992, 0.49998] * [0.41141, 0.02543, 0.07283] * [] * 0 *   0
[0.31105, 0.53820, 0.49974, 0.49996, 0.49983, 0.49991, 0.49988] * [0.08570, 0.07354, 0.35269] * [] * 0 *   0
[0.49154, 0.93406, 0.49975, 0.49999, 0.49983, 0.49993, 0.49998] * [0.23392, 0.01651, 0.25905] * [] * 0 *   0
[0.85445, 0.25106, 0.49972, 0.49996, 0.49982, 0.49991, 0.49998] * [0.10982, 0.32761, 0.07452] * [] * 0 *   0
[0.77369, 0.73582, 0.49975, 0.49996, 0.49983, 0.49992, 0.49998] * [0.29024, 0.10420, 0.11538] * [] * 0 *   0
[0.21031, 0.00033, 0.49974, 0.49997, 0.49982, 0.49992, 0.49998] * [0.00004, 0.10734, 0.40317] * [] * 0 *   0
[0.67891, 0.04568, 0.49971, 0.49997, 0.49982, 0.49992, 0.49998] * [0.01589, 0.33189, 0.16448] * [] * 0 *   0
[0.81352, 0.90823, 0.49974, 0.49996, 0.49983, 0.49992, 0.49998] * [0.37706, 0.03810, 0.09517] * [] * 0 *   0
[0.65452, 0.00033, 0.49974, 0.50001, 0.49982, 0.49992, 0.49998] * [0.00011, 0.33388, 0.17629] * [] * 0 *   0
[0.48252, 0.50963, 0.49972, 0.49996, 0.49982, 0.49993, 0.49999] * [0.12574, 0.12099, 0.26460] * [] * 0 *   0
[0.03975, 0.73677, 0.49975, 0.49996, 0.49983, 0.49992, 0.49998] * [0.01493, 0.00533, 0.48955] * [] * 0 *   0
[0.40682, 0.69646, 0.49975, 0.49997, 0.49983, 0.49991, 0.49997] * [0.14453, 0.06299, 0.30259] * [] * 0 *   0
[0.77258, 0.05196, 0.49968, 0.49997, 0.49983, 0.49992, 0.49997] * [0.02062, 0.37623, 0.11682] * [] * 0 *   0
[0.49042, 0.47847, 0.49971, 0.49997, 0.49982, 0.49992, 0.49998] * [0.12020, 0.13102, 0.26102] * [] * 0 *   0
[0.08821, 0.54082, 0.49975, 0.49997, 0.49983, 0.49993, 0.49998] * [0.02432, 0.02065, 0.46486] * [] * 0 *   0
[0.83214, 0.50612, 0.49972, 0.49996, 0.49982, 0.49992, 0.49997] * [0.21552, 0.21031, 0.08590] * [] * 0 *   0
[0.03638, 0.00033, 0.49974, 0.50001, 0.49982, 0.49992, 0.49998] * [0.00001, 0.01856, 0.49172] * [] * 0 *   0
[0.61775, 0.50164, 0.49974, 0.49997, 0.49982, 0.49993, 0.49999] * [0.15812, 0.15708, 0.19504] * [] * 0 *   0
[0.81726, 0.70606, 0.49974, 0.50001, 0.49983, 0.49992, 0.49998] * [0.29440, 0.12256, 0.09323] * [] * 0 *   0
[0.04693, 0.31674, 0.49975, 0.49996, 0.49983, 0.49991, 0.49997] * [0.00758, 0.01635, 0.48602] * [] * 0 *   0
[0.88800, 0.23233, 0.49975, 0.49996, 0.49983, 0.49991, 0.49998] * [0.10522, 0.34765, 0.05712] * [] * 0 *   0
[0.81945, 0.68570, 0.49975, 0.49997, 0.49981, 0.49992, 0.49998] * [0.28688, 0.13150, 0.09218] * [] * 0 *   0
[0.28329, 0.07992, 0.49972, 0.49997, 0.49982, 0.49993, 0.49999] * [0.01157, 0.13323, 0.36634] * [] * 0 *   0
[0.47682, 0.30183, 0.49975, 0.49996, 0.49982, 0.49993, 0.49999] * [0.07335, 0.16966, 0.26663] * [] * 0 *   0
[0.49132, 0.30183, 0.49975, 0.49996, 0.49982, 0.49993, 0.49999] * [0.07558, 0.17482, 0.25924] * [] * 0 *   0
[0.58585, 0.98377, 0.50033, 0.49997, 0.49982, 0.49992, 0.49998] * [0.29669, 0.00489, 0.21320] * [] * 0 *   0
[0.78936, 0.38702, 0.49975, 0.49996, 0.49985, 0.49993, 0.49997] * [0.15552, 0.24632, 0.10723] * [] * 0 *   0
[0.85740, 0.31730, 0.49975, 0.49997, 0.49981, 0.49992, 0.49998] * [0.13889, 0.29885, 0.07280] * [] * 0 *   0
[0.32600, 0.93487, 0.49976, 0.49999, 0.49982, 0.49992, 0.49998] * [0.15539, 0.01083, 0.34364] * [] * 0 *   0
[0.04394, 0.73677, 0.49975, 0.49996, 0.49983, 0.49991, 0.49988] * [0.01656, 0.00592, 0.48897] * [] * 0 *   0
[0.50120, 0.07530, 0.49971, 0.50001, 0.49982, 0.49992, 0.49998] * [0.01933, 0.23734, 0.25544] * [] * 0 *   0
[0.45815, 0.03414, 0.49975, 0.49999, 0.49983, 0.49992, 0.49998] * [0.00797, 0.22548, 0.27610] * [] * 0 *   0
[0.04743, 0.73677, 0.49975, 0.49996, 0.49983, 0.49992, 0.49998] * [0.01782, 0.00636, 0.48564] * [] * 0 *   0
[0.98579, 0.00024, 0.49974, 0.49997, 0.49982, 0.49992, 0.49998] * [0.00012, 0.50295, 0.00725] * [] * 0 *   0
[0.41122, 0.05203, 0.49971, 0.49997, 0.49982, 0.49993, 0.49998] * [0.01095, 0.19956, 0.30141] * [] * 0 *   0
[0.32600, 0.93487, 0.49976, 0.49999, 0.49982, 0.49992, 0.49998] * [0.15539, 0.01083, 0.34364] * [] * 0 *   0
[0.12782, 0.04668, 0.49975, 0.49997, 0.49983, 0.49992, 0.49997] * [0.00304, 0.06213, 0.44473] * [] * 0 *   0
[0.79707, 0.47819, 0.49975, 0.49996, 0.49983, 0.49991, 0.49988] * [0.19490, 0.21268, 0.10377] * [] * 0 *   0
[0.81082, 0.34654, 0.49974, 0.50001, 0.50054, 0.49992, 0.49997] * [0.15068, 0.28413, 0.10145] * [] * 0 *   0
[0.46508, 0.06430, 0.49974, 0.49996, 0.49982, 0.49992, 0.49998] * [0.01527, 0.22222, 0.27316] * [] * 0 *   0
[0.48672, 0.69990, 0.49971, 0.50001, 0.49982, 0.49992, 0.49998] * [0.17441, 0.07478, 0.26279] * [] * 0 *   0
[0.76351, 0.69539, 0.49975, 0.49996, 0.49983, 0.49991, 0.49988] * [0.27149, 0.11892, 0.12093] * [] * 0 *   0
[0.85445, 0.25424, 0.49972, 0.49996, 0.49983, 0.49991, 0.49998] * [0.11120, 0.32618, 0.07451] * [] * 0 *   0
[0.49042, 0.47847, 0.49971, 0.49997, 0.49982, 0.49992, 0.49998] * [0.12020, 0.13102, 0.26102] * [] * 0 *   0
[0.88764, 0.42058, 0.49975, 0.49996, 0.49983, 0.49993, 0.49997] * [0.19029, 0.26216, 0.05727] * [] * 0 *   0
[0.85710, 0.90823, 0.49974, 0.49997, 0.49984, 0.49992, 0.49998] * [0.39675, 0.04009, 0.07283] * [] * 0 *   0
[0.89995, 0.76729, 0.49974, 0.49996, 0.49983, 0.49991, 0.49998] * [0.35253, 0.10692, 0.05108] * [] * 0 *   0
[0.91492, 0.76729, 0.50037, 0.49996, 0.49983, 0.49991, 0.49997] * [0.36342, 0.11022, 0.04404] * [] * 0 *   0
[0.04743, 0.73769, 0.49975, 0.49996, 0.49983, 0.49993, 0.49998] * [0.01783, 0.00634, 0.48547] * [] * 0 *   0
[0.73521, 0.94386, 0.49974, 0.49996, 0.49983, 0.49991, 0.49987] * [0.35538, 0.02114, 0.13560] * [] * 0 *   0
[0.28435, 0.50743, 0.49971, 0.49997, 0.49982, 0.49993, 0.49999] * [0.07387, 0.07171, 0.36640] * [] * 0 *   0
[0.49102, 0.69371, 0.49972, 0.50001, 0.49982, 0.49991, 0.49998] * [0.17432, 0.07697, 0.26048] * [] * 0 *   0
[0.58585, 0.98377, 0.50033, 0.49997, 0.49982, 0.49992, 0.49998] * [0.29669, 0.00489, 0.21320] * [] * 0 *   0
[0.27672, 0.11210, 0.49971, 0.50001, 0.49982, 0.49992, 0.49998] * [0.01588, 0.12581, 0.37037] * [] * 0 *   0
[0.81945, 0.68570, 0.49975, 0.49997, 0.49981, 0.49992, 0.49998] * [0.28688, 0.13150, 0.09218] * [] * 0 *   0
[0.09781, 0.02831, 0.49975, 0.49997, 0.49983, 0.49992, 0.49998] * [0.00141, 0.04843, 0.45976] * [] * 0 *   0
[0.49042, 0.15210, 0.49971, 0.49997, 0.49982, 0.49992, 0.49998] * [0.03821, 0.21301, 0.26104] * [] * 0 *   0
[0.56553, 0.05806, 0.49971, 0.49997, 0.49982, 0.49992, 0.49998] * [0.01682, 0.27281, 0.22250] * [] * 0 *   0
[0.28905, 0.07992, 0.49972, 0.49997, 0.49982, 0.49993, 0.49999] * [0.01181, 0.13594, 0.36340] * [] * 0 *   0
[0.27672, 0.07530, 0.49971, 0.50001, 0.49982, 0.49992, 0.49998] * [0.01067, 0.13103, 0.37037] * [] * 0 *   0
[0.47309, 0.05426, 0.49974, 0.49997, 0.49982, 0.49992, 0.49998] * [0.01311, 0.22840, 0.26898] * [] * 0 *   0
