10 //Objectives
19 //Vars
1 //DMS
0.233000 0.329000, 0.008000 0.012000, 0.055000 0.077000, 0.034000 0.048000, 0.027000 0.039000, 0.013000 0.019000, 0.037000 0.053000, 0.177000 0.251000, 0.215000 0.303000, 0.029000 0.041000 // Weight
1232.485000 1318.452000, 1239.171000 1342.704000, 1277.586000 1283.476000, 1184.433000 1392.942000, 1187.142000 1391.920000, 1254.761000 1325.989000, 1200.825000 1365.863000, 1196.551000 1356.636000, 1156.467000 1395.595000, 1229.945000 1348.556000 //Veto
0.510000 0.750000 //Beta 0
0.510000 0.670000 //Lambda 0
TRUE FALSE //Best compromise 
1
0.9999664342030726, 0.3650626034313173, 0.1226970865962548, 0.0933072586047031, 0.8820272222543262, 0.3081963007842173, 0.9460591808641605, 0.7655991263527419, 0.9751347717713261, 0.5, 0.5, 0.5, 0.5, 0.5, 0.5, 0.5, 0.5, 0.5, 0.5 * 0.0000000083417970, 0.0000002134648460, 0.0000005537421554, 0.0000069880765317, 0.0000036879147658, 0.0000422687030587, 0.0000063486251184, 0.0000084835770837, 0.0000286046021697, 0.9999999986100356 *   0
TRUE TRUE //Frontiers 
6 // OUTRANKING: R2(3) + R1(3)
0.000009119146 0.000009119146, 0.000011931567 0.000011931567, 0.000031052404 0.000031052404, 0.000039620419 0.000039620419, 0.002942793074 0.002942793074, 0.022421469984 0.022421469984, 0.002644179420 0.002644179420, 0.157976727988 0.157976727988, 0.159964468968 0.159964468968, 1.143010834735 1.143010834735
0.000018229950 0.000018229950, 0.000023649670 0.000023649670, 0.000061551066 0.000061551066, 0.000072252762 0.000072252762, 0.005881898233 0.005881898233, 0.044800671266 0.044800671266, 0.005282010214 0.005282010214, 0.315944972399 0.315944972399, 0.319900333334 0.319900333334, 1.286021670859 1.286021670859
0.000027340754 0.000027340754, 0.000035367772 0.000035367772, 0.000092049728 0.000092049728, 0.000104885105 0.000104885105, 0.008821003392 0.008821003392, 0.067179872547 0.067179872547, 0.007919841009 0.007919841009, 0.473913216810 0.473913216810, 0.479836197700 0.479836197700, 1.429032506984 1.429032506984
0.000045562362 0.000045562362, 0.000058803978 0.000058803978, 0.000153047052 0.000153047052, 0.000170149791 0.000170149791, 0.014699213710 0.014699213710, 0.111938275110 0.111938275110, 0.013195502598 0.013195502598, 0.789849705632 0.789849705632, 0.799707926432 0.799707926432, 0.570967490236 0.570967490236
0.000050117764 0.000050117764, 0.000064663029 0.000064663029, 0.000168296383 0.000168296383, 0.000186465962 0.000186465962, 0.016168766290 0.016168766290, 0.123127875751 0.123127875751, 0.014514417995 0.014514417995, 0.868833827837 0.868833827837, 0.879675858615 0.879675858615, 0.785483744423 0.785483744423
0.000054673166 0.000054673166, 0.000070522080 0.000070522080, 0.000183545714 0.000183545714, 0.000202782133 0.000202782133, 0.017638318869 0.017638318869, 0.134317476392 0.134317476392, 0.015833333393 0.015833333393, 0.947817950043 0.947817950043, 0.959643790798 0.959643790798, 0.999999998610 0.999999998610
FALSE //Initial solutions 
2
