10 //Objectives
19 //Vars
1 //DMS
0.015000 0.021000, 0.040000 0.054000, 0.039000 0.053000, 0.055000 0.075000, 0.046000 0.064000, 0.061000 0.083000, 0.111000 0.153000, 0.164000 0.226000, 0.223000 0.307000, 0.088000 0.122000 // Weight
5.586000 6.025000, 4.252000 4.771000, 4.776000 5.253000, 4.138000 4.387000, 4.203000 4.476000, 3.823000 4.568000, 3.979000 4.301000, 3.816000 4.443000, 3.752000 4.501000, 4.013000 4.333000 //Veto
0.510000 0.670000 //Beta 0
0.510000 0.670000 //Lambda 0
TRUE FALSE //Best compromise 
1
0.9999664342030726, 0.3650626034313173, 0.1226970865962548, 0.0933072586047031, 0.8820272222543262, 0.3081963007842173, 0.9460591808641605, 0.7655991263527419, 0.9751347717713261, 0.0, 0.0, 0.0, 0.0, 0.0, 0.0, 0.0, 0.0, 0.0, 0.0 * 0.0000032953144059, 0.0000032953144059, 0.0000046602783252, 0.0000065906288119, 0.0000093205566504, 0.0000131812576238, 0.0000186411133007, 0.0000263625152476, 0.0000372822266014, 0.9999999986100356 *   0
TRUE TRUE //Frontiers 
6 // OUTRANKING: R2(3) + R1(3)
0.006616653935 0.006616653935, 0.006616653935 0.006616653935, 0.009357361732 0.009357361732, 0.013233307870 0.013233307870, 0.018714723465 0.018714723465, 0.026466615740 0.026466615740, 0.037429446930 0.037429446930, 0.052933231480 0.052933231480, 0.074858893860 0.074858893860, 1.023503501214 1.023503501214
0.013230012556 0.013230012556, 0.013230012556 0.013230012556, 0.018710063187 0.018710063187, 0.026460025111 0.026460025111, 0.037420126373 0.037420126373, 0.052920050223 0.052920050223, 0.074840252747 0.074840252747, 0.105840100446 0.105840100446, 0.149680505493 0.149680505493, 1.047007003818 1.047007003818
0.019843371176 0.019843371176, 0.019843371176 0.019843371176, 0.028062764641 0.028062764641, 0.039686742353 0.039686742353, 0.056125529282 0.056125529282, 0.079373484705 0.079373484705, 0.112251058563 0.112251058563, 0.158746969411 0.158746969411, 0.224502117126 0.224502117126, 1.070510506422 1.070510506422
0.033070088418 0.033070088418, 0.033070088418 0.033070088418, 0.046768167549 0.046768167549, 0.066140176835 0.066140176835, 0.093536335098 0.093536335098, 0.132280353671 0.132280353671, 0.187072670196 0.187072670196, 0.264560707341 0.264560707341, 0.374145340393 0.374145340393, 0.929489490798 0.929489490798
0.036376767728 0.036376767728, 0.036376767728 0.036376767728, 0.051444518276 0.051444518276, 0.072753535456 0.072753535456, 0.102889036552 0.102889036552, 0.145507070912 0.145507070912, 0.205778073105 0.205778073105, 0.291014141824 0.291014141824, 0.411556146209 0.411556146209, 0.964744744704 0.964744744704
0.039683447038 0.039683447038, 0.039683447038 0.039683447038, 0.056120869003 0.056120869003, 0.079366894077 0.079366894077, 0.112241738006 0.112241738006, 0.158733788153 0.158733788153, 0.224483476013 0.224483476013, 0.317467576306 0.317467576306, 0.448966952026 0.448966952026, 0.999999998610 0.999999998610
FALSE //Initial solutions 
2
