10 //Objectives
100 //Vars
1 //DMS
0.172000 0.316000, 0.073000 0.135000, 0.020000 0.038000, 0.028000 0.052000, 0.147000 0.271000, 0.122000 0.226000, 0.007000 0.013000, 0.017000 0.031000, 0.087000 0.159000, 0.030000 0.056000 // Weight
0.449000 0.462000, 0.558000 0.673000, 0.595000 0.645000, 0.573000 0.660000, 0.559000 0.658000, 0.599000 0.630000, 0.598000 0.650000, 0.577000 0.669000, 0.611000 0.621000, 0.595000 0.638000 //Veto
0.510000 0.670000 //Beta 0
0.510000 0.670000 //Lambda 0
TRUE TRUE //Best compromise 
1
0.7736179859135721, 0.4333989233967085, 0.5639103180326747, 0.5030539783279430, 0.8872077601364983, 0.4240099564367042, 0.5142555518816219, 0.6549499355450227, 0.3939863485372562, 0.0910018475130198 *   0
TRUE TRUE //Frontiers 
6 // OUTRANKING: R2(3) + R1(3)
0.783710086449 0.783710086449, 0.513398633384 0.513398633384, 0.620749237769 0.620749237769, 0.586632823295 0.586632823295, 0.979253843860 0.979253843860, 0.537770058089 0.537770058089, 0.516715573676 0.516715573676, 0.727887051875 0.727887051875, 0.495894949969 0.495894949969, 0.097204426257 0.097204426257
0.793802186984 0.793802186984, 0.593398343372 0.593398343372, 0.677588157506 0.677588157506, 0.670211668263 0.670211668263, 1.071299927583 1.071299927583, 0.651530159741 0.651530159741, 0.519175595471 0.519175595471, 0.800824168205 0.800824168205, 0.597803551400 0.597803551400, 0.103407005002 0.103407005002
0.803894287519 0.803894287519, 0.673398053359 0.673398053359, 0.734427077243 0.734427077243, 0.753790513230 0.753790513230, 1.163346011307 1.163346011307, 0.765290261392 0.765290261392, 0.521635617265 0.521635617265, 0.873761284535 0.873761284535, 0.699712152832 0.699712152832, 0.109609583746 0.109609583746
0.824078488589 0.824078488589, 0.833397473334 0.833397473334, 0.848104916716 0.848104916716, 0.920948203166 0.920948203166, 0.611069508966 0.611069508966, 0.992810464696 0.992810464696, 0.506875486498 0.506875486498, 0.436138586555 0.436138586555, 0.903529355695 0.903529355695, 0.072394111280 0.072394111280
0.829124538857 0.829124538857, 0.873397328328 0.873397328328, 0.876524376584 0.876524376584, 0.962737625649 0.962737625649, 0.749138634551 0.749138634551, 1.049690515522 1.049690515522, 0.510565519190 0.510565519190, 0.545544261050 0.545544261050, 0.954483656410 0.954483656410, 0.081697979397 0.081697979397
0.834170589125 0.834170589125, 0.913397183321 0.913397183321, 0.904943836453 0.904943836453, 1.004527048133 1.004527048133, 0.887207760136 0.887207760136, 1.106570566348 1.106570566348, 0.514255551882 0.514255551882, 0.654949935545 0.654949935545, 1.005437957126 1.005437957126, 0.091001847513 0.091001847513
FALSE //Initial solutions
