10 //Objectives
19 //Vars
1 //DMS
0.103000 0.171000, 0.026000 0.044000, 0.111000 0.183000, 0.092000 0.152000, 0.005000 0.007000, 0.055000 0.091000, 0.019000 0.031000, 0.064000 0.106000, 0.062000 0.102000, 0.217000 0.359000 // Weight
2.111000 2.218000, 1.977000 2.370000, 1.890000 2.120000, 2.110000 2.224000, 2.078000 2.294000, 2.114000 2.222000, 2.000000 2.347000, 1.958000 2.376000, 1.958000 2.379000, 1.892000 1.980000 //Veto
0.510000 0.750000 //Beta 0
0.510000 0.670000 //Lambda 0
TRUE FALSE //Best compromise 
1
0.0065320744209607, 0.9994448176582552, 0.9096437883142586, 0.2400581390783461, 0.8760033901203440, 0.9801836199966183, 0.0069869901086143, 0.6430537526696239, 0.0966079608055800, 0.5, 0.5, 0.5, 0.5, 0.5, 0.5, 0.5, 0.5, 0.5, 0.5 * 0.0000003631172071, 0.0000000555304724, 0.0000005850172194, 0.0000000075817572, 0.0000221862596049, 0.0001125184648926, 0.0000454199190612, 0.0008632637882347, 0.9999469806910702, 0.0102603784707497 *   0
TRUE TRUE //Frontiers 
6 // OUTRANKING: R2(3) + R1(3)
0.000008481443 0.000008481443, 0.000055213999 0.000055213999, 0.000194065865 0.000194065865, 0.000767545604 0.000767545604, 0.000738020025 0.000738020025, 0.000408791116 0.000408791116, 0.006843968636 0.006843968636, 0.033995753493 0.033995753493, 1.196229960701 1.196229960701, 0.249472383642 0.249472383642
0.000016599769 0.000016599769, 0.000110372467 0.000110372467, 0.000387546713 0.000387546713, 0.001535083626 0.001535083626, 0.001453853790 0.001453853790, 0.000705063768 0.000705063768, 0.013642517352 0.013642517352, 0.067128243198 0.067128243198, 1.392512940711 1.392512940711, 0.488684388813 0.488684388813
0.000024718094 0.000024718094, 0.000165530935 0.000165530935, 0.000581027561 0.000581027561, 0.002302621648 0.002302621648, 0.002169687556 0.002169687556, 0.001001336419 0.001001336419, 0.020441066069 0.020441066069, 0.100260732902 0.100260732902, 1.588795920721 1.588795920721, 0.727896393985 0.727896393985
0.000040954746 0.000040954746, 0.000275847871 0.000275847871, 0.000967989256 0.000967989256, 0.003837697692 0.003837697692, 0.003601355086 0.003601355086, 0.001593881722 0.001593881722, 0.034038163502 0.034038163502, 0.166525712311 0.166525712311, 0.411098040662 0.411098040662, 1.206320404327 1.206320404327
0.000045013909 0.000045013909, 0.000303427105 0.000303427105, 0.001064729680 0.001064729680, 0.004221466703 0.004221466703, 0.003959271969 0.003959271969, 0.001742018047 0.001742018047, 0.037437437860 0.037437437860, 0.183091957164 0.183091957164, 0.705522510676 0.705522510676, 1.325926406913 1.325926406913
0.000049073071 0.000049073071, 0.000331006339 0.000331006339, 0.001161470104 0.001161470104, 0.004605235714 0.004605235714, 0.004317188852 0.004317188852, 0.001890154373 0.001890154373, 0.040836712219 0.040836712219, 0.199658202016 0.199658202016, 0.999946980691 0.999946980691, 1.445532409498 1.445532409498
FALSE //Initial solutions 
2
