10 //Objectives
14 //Vars
1 //DMS
0.039000 0.057000, 0.008000 0.012000, 0.080000 0.114000, 0.111000 0.159000, 0.252000 0.362000, 0.053000 0.077000, 0.138000 0.198000, 0.057000 0.081000, 0.072000 0.104000, 0.011000 0.015000 // Weight
330.809000 334.066000, 328.457000 365.809000, 276.696000 316.882000, 252.230000 261.895000, 202.364000 228.932000, 292.162000 311.541000, 212.103000 229.319000, 278.073000 317.755000, 290.141000 305.265000, 334.981000 338.754000 //Veto
0.510000 0.750000 //Beta 0
0.510000 0.670000 //Lambda 0
TRUE FALSE //Best compromise 
1
0.3949578038393323, 0.0001217084937364, 0.0206555333084685, 0.0543810967609198, 0.0105160237338934, 0.8355670589187960, 0.2188110175630129, 0.5718115896786617, 0.2878183048627425, 0.5, 0.5, 0.5, 0.5, 0.5 * 0.0000000000085428, 0.0000000000211384, 0.0000000000222261, 0.0000000001853169, 0.0000000000466838, 0.0000000267137423, 0.0000004694551948, 0.0000235384068523, 0.1974548670599688, 0.3025210980803338 *   0
TRUE TRUE //Frontiers 
6 // OUTRANKING: R2(3) + R1(3)
0.000680734773 0.000680734773, 0.000112837893 0.000112837893, 0.000177525015 0.000177525015, 0.001007687552 0.001007687552, 0.000507244607 0.000507244607, 0.013888003811 0.013888003811, 0.001317507599 0.001317507599, 0.014368980646 0.014368980646, 0.227673325991 0.227673325991, 0.304339126185 0.304339126185
0.001361469537 0.001361469537, 0.000225675765 0.000225675765, 0.000355050008 0.000355050008, 0.002015374918 0.002015374918, 0.001014489166 0.001014489166, 0.027775980908 0.027775980908, 0.002634545744 0.002634545744, 0.028714422884 0.028714422884, 0.257891784921 0.257891784921, 0.306157154290 0.306157154290
0.002042204301 0.002042204301, 0.000338513637 0.000338513637, 0.000532575001 0.000532575001, 0.003023062284 0.003023062284, 0.001521733726 0.001521733726, 0.041663958006 0.041663958006, 0.003951583888 0.003951583888, 0.043059865123 0.043059865123, 0.288110243852 0.288110243852, 0.307975182395 0.307975182395
0.003403673829 0.003403673829, 0.000564189381 0.000564189381, 0.000887624987 0.000887624987, 0.005038437017 0.005038437017, 0.002536222846 0.002536222846, 0.069439912200 0.069439912200, 0.006585660176 0.006585660176, 0.071750749600 0.071750749600, 0.106799490268 0.106799490268, 0.297067013766 0.297067013766
0.003744041211 0.003744041211, 0.000620608318 0.000620608318, 0.000976387484 0.000976387484, 0.005542280700 0.005542280700, 0.002789845126 0.002789845126, 0.076383900749 0.076383900749, 0.007244179248 0.007244179248, 0.078923470719 0.078923470719, 0.152127178664 0.152127178664, 0.299794055923 0.299794055923
0.004084408593 0.004084408593, 0.000677027254 0.000677027254, 0.001065149981 0.001065149981, 0.006046124384 0.006046124384, 0.003043467406 0.003043467406, 0.083327889298 0.083327889298, 0.007902698320 0.007902698320, 0.086096191839 0.086096191839, 0.197454867060 0.197454867060, 0.302521098080 0.302521098080
FALSE //Initial solutions 
2
