3 //Objectives
30 //Vars
1 //DMS
0.277000 0.391000, 0.274000 0.388000, 0.277000 0.393000 // Weight
5.212000 5.316000, 5.358000 5.532000, 4.746000 5.372000 //Veto
0.510000 0.670000 //Beta 0
0.510000 0.670000 //Lambda 0
TRUE FALSE //Best compromise 
1
0.0, 0.0, 0.0, 0.0, 0.0, 0.0, 0.0, 0.0, 0.0, 0.0, 0.0, 0.0, 0.0, 0.0, 0.0, 0.0, 0.0, 0.0, 0.0, 0.0, 0.0, 0.0, 0.0, 0.0, 0.0, 0.0, 0.0, 0.0, 0.0, 0.0 * 0.0000168103724796, 0.0000168103724796, 0.9999999998587057 *   0
TRUE FALSE //Frontiers 
2
0.0045145079514545, 0.0045145079514545, 0.9999898095570556
0.2882830767372079, 0.2882830767372079, 0.9575452300893829
FALSE //Initial solutions