3 //Objectives
30 //Vars
1 //DMS
0.237000 0.437000, 0.229000 0.423000, 0.237000 0.437000 // Weight
0.490000 0.558000, 0.526000 0.563000, 0.513000 0.549000 //Veto
0.510000 0.670000 //Beta 0
0.510000 0.670000 //Lambda 0
TRUE FALSE //Best compromise 
1
0.0, 0.0, 0.0, 0.0, 0.0, 0.0, 0.0, 0.0, 0.0, 0.0, 0.0, 0.0, 0.0, 0.0, 0.0, 0.0, 0.0, 0.0, 0.0, 0.0, 0.0, 0.0, 0.0, 0.0, 0.0, 0.0, 0.0, 0.0, 0.0, 0.0 * 0.4244150125535275, 0.5622287207640508, 0.0066781333412108 *   0
TRUE FALSE //Frontiers 
2
0.3419880677093696, 0.5094488668304398, 0.0742815327300953
0.0844109952842868, 0.0844109952842868, 0.6623560188628528
FALSE //Initial solutions