3 //Objectives
7 //Vars
1 //DMS
0.244000 0.420000, 0.247000 0.425000, 0.244000 0.420000 // Weight
325.516000 363.406000, 327.572000 338.428000, 328.825000 374.018000 //Veto
0.510000 0.750000 //Beta 0
0.510000 0.670000 //Lambda 0
TRUE TRUE //Best compromise 
1
0.00000, 0.00000, 0.50000
TRUE TRUE //FRONTIERS
6 // OUTRANKING: R2(3) + R1(3)
0.00011 0.00011, 0.00088 0.00088, 0.50099 0.50099
0.00022 0.00022, 0.00176 0.00176, 0.50199 0.50199
0.00034 0.00034, 0.00264 0.00264, 0.50298 0.50298
0.00056 0.00056, 0.00441 0.00441, 0.50497 0.50497
0.00062 0.00062, 0.00485 0.00485, 0.50546 0.50546
0.00067 0.00067, 0.00529 0.00529, 0.50596 0.50596
FALSE //Initial solutions
