3 //Objectives
22 //Vars
1 //DMS
0.233000 0.425000, 0.237000 0.433000, 0.237000 0.435000 // Weight
0.363000 0.389000, 0.368000 0.383000, 11.160000 11.340000 //Veto
0.510000 0.670000 //Beta 0
0.510000 0.670000 //Lambda 0
TRUE FALSE //Best compromise 
1
0.0847625406853680, 0.8571372129289141, 0.0, 0.0, 0.0, 0.0, 0.0, 0.0, 0.0, 0.0, 0.0, 0.0, 0.0, 0.0, 0.0, 0.0, 0.0, 0.0, 0.0, 0.0, 0.0, 0.0 * 0.0847625406853680, 0.8571372129289141, 4.1617050646257905 *   0
TRUE FALSE //Frontiers 
2
0.8315480485705417, 0.0353448949918826, 4.2901192526033496
0.0847625406853680, 0.8571372129289141, 4.1617050646257905
FALSE //Initial solutions