0.5057999726877548, 0.1250196076580415, 0.0, 0.0, 0.0, 0.0, 0.0, 0.0, 0.0, 0.0, 0.0, 0.0 * 0.4954240246155112, 0.4954240246155112, 0.7135194963471838 *   0
0.1863334892254013, 0.3449387961742183, 0.0, 0.0, 0.0, 0.0, 0.0, 0.0, 0.0, 0.0, 0.0, 0.0 * 0.6770339769138859, 0.6770339769138858, 0.2885307404910885 *   0
0.8570530553614036, 0.3158992912228681, 0.0, 0.0, 0.0, 0.0, 0.0, 0.0, 0.0, 0.0, 0.0, 0.0 * 0.1574433036834793, 0.1574433036834793, 0.9748965136107850 *   0
0.7176905803930436, 0.5585588005178416, 0.0, 0.0, 0.0, 0.0, 0.0, 0.0, 0.0, 0.0, 0.0, 0.0 * 0.3033904284516698, 0.3033904284516697, 0.9032765334313875 *   0
0.3121220368482741, 0.7139630185970864, 0.0, 0.0, 0.0, 0.0, 0.0, 0.0, 0.0, 0.0, 0.0, 0.0 * 0.6238102943508493, 0.6238102943508492, 0.4708730543615907 *   0
0.6681923869383486, 0.3889997603320516, 0.0, 0.0, 0.0, 0.0, 0.0, 0.0, 0.0, 0.0, 0.0, 0.0 * 0.3520847674449273, 0.3520847674449273, 0.8672212134550809 *   0
0.2069610893758764, 0.6981566318767874, 0.0, 0.0, 0.0, 0.0, 0.0, 0.0, 0.0, 0.0, 0.0, 0.0 * 0.6700690915231577, 0.6700690915231576, 0.3193975973151023 *   0
0.5426789217361616, 0.0969018862102655, 0.0, 0.0, 0.0, 0.0, 0.0, 0.0, 0.0, 0.0, 0.0, 0.0 * 0.4653819899142244, 0.4653819899142244, 0.7528872471538839 *   0
0.3344567065753307, 0.3875204950512948, 0.0, 0.0, 0.0, 0.0, 0.0, 0.0, 0.0, 0.0, 0.0, 0.0 * 0.6117476056470784, 0.6117476056470783, 0.5015274010162690 *   0
0.9188307253265896, 0.7364934607113215, 0.0, 0.0, 0.0, 0.0, 0.0, 0.0, 0.0, 0.0, 0.0, 0.0 * 0.0899123258432169, 0.0899123258432168, 0.9918828294324519 *   0
0.9012405727530087, 0.2454592540140540, 0.0, 0.0, 0.0, 0.0, 0.0, 0.0, 0.0, 0.0, 0.0, 0.0 * 0.1092546966012110, 0.1092546966012110, 0.9879913069157819 *   0
0.3344281824931634, 0.0278129782657199, 0.0, 0.0, 0.0, 0.0, 0.0, 0.0, 0.0, 0.0, 0.0, 0.0 * 0.6117634945693303, 0.6117634945693302, 0.5014886373833828 *   0
0.3788632505474906, 0.5550857691816453, 0.0, 0.0, 0.0, 0.0, 0.0, 0.0, 0.0, 0.0, 0.0, 0.0 * 0.5855430427059455, 0.5855430427059455, 0.5606056459556278 *   0
0.5395080519558434, 0.8704341984681945, 0.0, 0.0, 0.0, 0.0, 0.0, 0.0, 0.0, 0.0, 0.0, 0.0 * 0.4680278381513351, 0.4680278381513351, 0.7495998168561512 *   0
0.5982087108298245, 0.4075167455745473, 0.0, 0.0, 0.0, 0.0, 0.0, 0.0, 0.0, 0.0, 0.0, 0.0 * 0.4172349283844079, 0.4172349283844078, 0.8073599129707371 *   0
0.2464367632039063, 0.1430900367643172, 0.0, 0.0, 0.0, 0.0, 0.0, 0.0, 0.0, 0.0, 0.0, 0.0 * 0.6547858112000496, 0.6547858112000495, 0.3775064011406774 *   0
0.1820386709561752, 0.6139654054371479, 0.0, 0.0, 0.0, 0.0, 0.0, 0.0, 0.0, 0.0, 0.0, 0.0 * 0.6783949506264207, 0.6783949506264207, 0.2820648541189638 *   0
0.7624451801005961, 0.6714234252792892, 0.0, 0.0, 0.0, 0.0, 0.0, 0.0, 0.0, 0.0, 0.0, 0.0 * 0.2577762623553191, 0.2577762623553191, 0.9311835464247870 *   0
0.5519949004761850, 0.5979632458640092, 0.0, 0.0, 0.0, 0.0, 0.0, 0.0, 0.0, 0.0, 0.0, 0.0 * 0.4575419768045947, 0.4575419768045946, 0.7624373278660269 *   0
0.8352528884239742, 0.1600740901939916, 0.0, 0.0, 0.0, 0.0, 0.0, 0.0, 0.0, 0.0, 0.0, 0.0 * 0.1809524326256768, 0.1809524326256768, 0.9667018331697214 *   0
0.9698429899149774, 0.8734275944872888, 0.0, 0.0, 0.0, 0.0, 0.0, 0.0, 0.0, 0.0, 0.0, 0.0 * 0.0334834904770279, 0.0334834904770279, 0.9988782266777816 *   0
0.1610799823706411, 0.3964180151915261, 0.0, 0.0, 0.0, 0.0, 0.0, 0.0, 0.0, 0.0, 0.0, 0.0 * 0.6845924178558617, 0.6845924178558616, 0.2503326643259540 *   0
0.1466521491048169, 0.6324713582324196, 0.0, 0.0, 0.0, 0.0, 0.0, 0.0, 0.0, 0.0, 0.0, 0.0 * 0.6884279262107230, 0.6884279262107229, 0.2283286684286639 *   0
0.2708679792801235, 0.0719794677905643, 0.0, 0.0, 0.0, 0.0, 0.0, 0.0, 0.0, 0.0, 0.0, 0.0 * 0.6440621046053514, 0.6440621046053513, 0.4127565999746714 *   0
0.6894362749017012, 0.8554694470276448, 0.0, 0.0, 0.0, 0.0, 0.0, 0.0, 0.0, 0.0, 0.0, 0.0 * 0.3314295770223299, 0.3314295770223298, 0.8833509330665809 *   0
0.5198583959228631, 0.1644819342365870, 0.0, 0.0, 0.0, 0.0, 0.0, 0.0, 0.0, 0.0, 0.0, 0.0 * 0.4841625427383629, 0.4841625427383628, 0.7288163447798395 *   0
0.7627103579056963, 0.8219130606492576, 0.0, 0.0, 0.0, 0.0, 0.0, 0.0, 0.0, 0.0, 0.0, 0.0 * 0.2575019706080227, 0.2575019706080226, 0.9313353156978265 *   0
0.6447165634691326, 0.9618252939366854, 0.0, 0.0, 0.0, 0.0, 0.0, 0.0, 0.0, 0.0, 0.0, 0.0 * 0.3744531499502496, 0.3744531499502495, 0.8482745292561081 *   0
0.4450207662046984, 0.5058490054243473, 0.0, 0.0, 0.0, 0.0, 0.0, 0.0, 0.0, 0.0, 0.0, 0.0 * 0.5412635292557301, 0.5412635292557300, 0.6434808340543353 *   0
0.8102665226023023, 0.6191597020342758, 0.0, 0.0, 0.0, 0.0, 0.0, 0.0, 0.0, 0.0, 0.0, 0.0 * 0.2076349442110554, 0.2076349442110554, 0.9559160318170963 *   0
0.2990986105516081, 0.0027075964038761, 0.0, 0.0, 0.0, 0.0, 0.0, 0.0, 0.0, 0.0, 0.0, 0.0 * 0.6304906552775063, 0.6304906552775061, 0.4527284696321646 *   0
0.2783530118308742, 0.4153985327181399, 0.0, 0.0, 0.0, 0.0, 0.0, 0.0, 0.0, 0.0, 0.0, 0.0 * 0.6405860993642725, 0.6405860993642724, 0.4234370066521501 *   0
0.4017715763308907, 0.8675232147181049, 0.0, 0.0, 0.0, 0.0, 0.0, 0.0, 0.0, 0.0, 0.0, 0.0 * 0.5709025886653795, 0.5709025886653794, 0.5900342943510464 *   0
0.2927187840886036, 0.8008850644346722, 0.0, 0.0, 0.0, 0.0, 0.0, 0.0, 0.0, 0.0, 0.0, 0.0 * 0.6336670691797224, 0.6336670691797223, 0.4437703131963223 *   0
0.7373474276332871, 0.1611225698893529, 0.0, 0.0, 0.0, 0.0, 0.0, 0.0, 0.0, 0.0, 0.0, 0.0 * 0.2835274713592904, 0.2835274713592903, 0.9160918872958179 *   0
0.3241557526980321, 0.1388675580447854, 0.0, 0.0, 0.0, 0.0, 0.0, 0.0, 0.0, 0.0, 0.0, 0.0 * 0.6174054918961696, 0.6174054918961694, 0.4874637598354343 *   0
0.3140805085720869, 0.5468746435581123, 0.0, 0.0, 0.0, 0.0, 0.0, 0.0, 0.0, 0.0, 0.0, 0.0 * 0.6227830468113545, 0.6227830468113544, 0.4735847898832188 *   0
0.8673367010743063, 0.8258610641704225, 0.0, 0.0, 0.0, 0.0, 0.0, 0.0, 0.0, 0.0, 0.0, 0.0 * 0.1462877270801118, 0.1462877270801118, 0.9783658834053186 *   0
0.8798418547398605, 0.2816578984640808, 0.0, 0.0, 0.0, 0.0, 0.0, 0.0, 0.0, 0.0, 0.0, 0.0 * 0.1326711380038739, 0.1326711380038739, 0.9822406722802279 *   0
0.8708899597967462, 0.0493591153292726, 0.0, 0.0, 0.0, 0.0, 0.0, 0.0, 0.0, 0.0, 0.0, 0.0 * 0.1424241732741021, 0.1424241732741021, 0.9795053393087642 *   0
0.6730275650848763, 0.0481930603497629, 0.0, 0.0, 0.0, 0.0, 0.0, 0.0, 0.0, 0.0, 0.0, 0.0 * 0.3474172174060003, 0.3474172174060003, 0.8709779297431961 *   0
0.3503072365887031, 0.6507552571831062, 0.0, 0.0, 0.0, 0.0, 0.0, 0.0, 0.0, 0.0, 0.0, 0.0 * 0.6027292671714529, 0.6027292671714528, 0.5229099932014369 *   0
0.7286103957931559, 0.1613133974193192, 0.0, 0.0, 0.0, 0.0, 0.0, 0.0, 0.0, 0.0, 0.0, 0.0 * 0.2923906157143420, 0.2923906157143419, 0.9105028586909412 *   0
0.7813605129631984, 0.4108297975784306, 0.0, 0.0, 0.0, 0.0, 0.0, 0.0, 0.0, 0.0, 0.0, 0.0 * 0.2381015226280675, 0.2381015226280675, 0.9416025328366485 *   0
0.9759092428609306, 0.7531880027396548, 0.0, 0.0, 0.0, 0.0, 0.0, 0.0, 0.0, 0.0, 0.0, 0.0 * 0.0267517176897741, 0.0267517176897740, 0.9992840893366076 *   0
0.2897042642765233, 0.6008865123618797, 0.0, 0.0, 0.0, 0.0, 0.0, 0.0, 0.0, 0.0, 0.0, 0.0 * 0.6351458311221803, 0.6351458311221801, 0.4395219521437237 *   0
0.0635376368013851, 0.7304914019678214, 0.0, 0.0, 0.0, 0.0, 0.0, 0.0, 0.0, 0.0, 0.0, 0.0 * 0.7035879669006754, 0.7035879669006753, 0.0996390769986777 *   0
0.8247870499383598, 0.1904727840751748, 0.0, 0.0, 0.0, 0.0, 0.0, 0.0, 0.0, 0.0, 0.0, 0.0 * 0.1921650197048574, 0.1921650197048574, 0.9623643854609664 *   0
0.6795379429494673, 0.4982946885276096, 0.0, 0.0, 0.0, 0.0, 0.0, 0.0, 0.0, 0.0, 0.0, 0.0 * 0.3411009349676896, 0.3411009349676896, 0.8759567936424353 *   0
0.2127903826594308, 0.7438635689876338, 0.0, 0.0, 0.0, 0.0, 0.0, 0.0, 0.0, 0.0, 0.0, 0.0 * 0.6679730209817155, 0.6679730209817154, 0.3280611017495390 *   0
0.8250328436610442, 0.2739923471929470, 0.0, 0.0, 0.0, 0.0, 0.0, 0.0, 0.0, 0.0, 0.0, 0.0 * 0.1919022720352411, 0.1919022720352411, 0.9624692389761995 *   0
