0.1123112710715790, 0.1278281175195370, 0.0, 0.0, 0.0, 0.0, 0.0, 0.0, 0.0, 0.0, 0.0, 0.0 * 0.1123112710715790, 0.1278281175195370, 5.5426076943400773 *   0
0.1777019552782653, 0.0645255944992069, 0.0, 0.0, 0.0, 0.0, 0.0, 0.0, 0.0, 0.0, 0.0, 0.0 * 0.1777019552782653, 0.0645255944992069, 5.5441645905216168 *   0
0.0075199604069441, 0.1607625229101454, 0.0, 0.0, 0.0, 0.0, 0.0, 0.0, 0.0, 0.0, 0.0, 0.0 * 0.0075199604069441, 0.1607625229101454, 5.6706712982776883 *   0
0.0635376368013851, 0.7304914019678214, 0.0, 0.0, 0.0, 0.0, 0.0, 0.0, 0.0, 0.0, 0.0, 0.0 * 0.0635376368013851, 0.7304914019678214, 4.7567655798547506 *   0
0.6730275650848763, 0.0481930603497629, 0.0, 0.0, 0.0, 0.0, 0.0, 0.0, 0.0, 0.0, 0.0, 0.0 * 0.6730275650848763, 0.0481930603497629, 5.2173107188585757 *   0
0.2384482348516808, 0.0306131318354109, 0.0, 0.0, 0.0, 0.0, 0.0, 0.0, 0.0, 0.0, 0.0, 0.0 * 0.2384482348516808, 0.0306131318354109, 5.5362974140786516 *   0
0.2496220577739282, 0.0222254693611644, 0.0, 0.0, 0.0, 0.0, 0.0, 0.0, 0.0, 0.0, 0.0, 0.0 * 0.2496220577739282, 0.0222254693611644, 5.5463938134902060 *   0
0.0898470832453329, 0.7588027947390465, 0.0, 0.0, 0.0, 0.0, 0.0, 0.0, 0.0, 0.0, 0.0, 0.0 * 0.0898470832453329, 0.7588027947390465, 4.5048675744058482 *   0
0.0456353980329053, 0.2503739345122007, 0.0, 0.0, 0.0, 0.0, 0.0, 0.0, 0.0, 0.0, 0.0, 0.0 * 0.0456353980329053, 0.2503739345122007, 5.5085462378528049 *   0
0.7811187611804897, 0.0838055829907794, 0.0, 0.0, 0.0, 0.0, 0.0, 0.0, 0.0, 0.0, 0.0, 0.0 * 0.7811187611804897, 0.0838055829907794, 4.3871237201975406 *   0
0.1230215617097083, 0.8110184617391873, 0.0, 0.0, 0.0, 0.0, 0.0, 0.0, 0.0, 0.0, 0.0, 0.0 * 0.1230215617097083, 0.8110184617391873, 4.1600521980501455 *   0
0.1979612913904531, 0.1187162646645290, 0.0, 0.0, 0.0, 0.0, 0.0, 0.0, 0.0, 0.0, 0.0, 0.0 * 0.1979612913904531, 0.1187162646645290, 5.3871112071375888 *   0
0.8369668176569821, 0.1538512260438182, 0.0, 0.0, 0.0, 0.0, 0.0, 0.0, 0.0, 0.0, 0.0, 0.0 * 0.8369668176569821, 0.1538512260438182, 4.0199754846099971 *   0
0.2029415272189963, 0.1646771413109624, 0.0, 0.0, 0.0, 0.0, 0.0, 0.0, 0.0, 0.0, 0.0, 0.0 * 0.2029415272189963, 0.1646771413109624, 5.2765368113353839 *   0
0.1449909429741050, 0.7379281291449108, 0.0, 0.0, 0.0, 0.0, 0.0, 0.0, 0.0, 0.0, 0.0, 0.0 * 0.1449909429741050, 0.7379281291449108, 4.5159235597155938 *   0
0.1449909429741050, 0.7379281291449108, 0.0, 0.0, 0.0, 0.0, 0.0, 0.0, 0.0, 0.0, 0.0, 0.0 * 0.1449909429741050, 0.7379281291449108, 4.5159235597155938 *   0
0.0005403114485276, 0.0629161163526197, 0.0, 0.0, 0.0, 0.0, 0.0, 0.0, 0.0, 0.0, 0.0, 0.0 * 0.0005403114485276, 0.0629161163526197, 5.9013816079728576 *   0
0.1172515820326524, 0.7031714379336552, 0.0, 0.0, 0.0, 0.0, 0.0, 0.0, 0.0, 0.0, 0.0, 0.0 * 0.1172515820326524, 0.7031714379336552, 4.8376321325124998 *   0
0.1917684968522603, 0.6776032232109472, 0.0, 0.0, 0.0, 0.0, 0.0, 0.0, 0.0, 0.0, 0.0, 0.0 * 0.1917684968522603, 0.6776032232109472, 4.8744813281628492 *   0
0.7847081039960999, 0.8190281483433340, 0.0, 0.0, 0.0, 0.0, 0.0, 0.0, 0.0, 0.0, 0.0, 0.0 * 0.7847081039960999, 0.8190281483433340, 2.8809310666599748 *   0
0.8234188797992742, 0.0331575125610258, 0.0, 0.0, 0.0, 0.0, 0.0, 0.0, 0.0, 0.0, 0.0, 0.0 * 0.8234188797992742, 0.0331575125610258, 4.3134029135396688 *   0
0.6448070489078793, 0.6687127862445604, 0.0, 0.0, 0.0, 0.0, 0.0, 0.0, 0.0, 0.0, 0.0, 0.0 * 0.6448070489078793, 0.6687127862445604, 4.8054920504964853 *   0
0.6577186648071365, 0.2497394952223354, 0.0, 0.0, 0.0, 0.0, 0.0, 0.0, 0.0, 0.0, 0.0, 0.0 * 0.6577186648071365, 0.2497394952223354, 4.9709179305047035 *   0
0.8106119948488716, 0.0919751646425459, 0.0, 0.0, 0.0, 0.0, 0.0, 0.0, 0.0, 0.0, 0.0, 0.0 * 0.8106119948488716, 0.0919751646425459, 4.2352043909945385 *   0
0.7243654447255495, 0.0069634071583689, 0.0, 0.0, 0.0, 0.0, 0.0, 0.0, 0.0, 0.0, 0.0, 0.0 * 0.7243654447255495, 0.0069634071583689, 4.8934350400311128 *   0
0.1283547036016149, 0.7756400423942320, 0.0, 0.0, 0.0, 0.0, 0.0, 0.0, 0.0, 0.0, 0.0, 0.0 * 0.1283547036016149, 0.7756400423942320, 4.3121529733244994 *   0
0.0578916603968906, 0.6716536631210026, 0.0, 0.0, 0.0, 0.0, 0.0, 0.0, 0.0, 0.0, 0.0, 0.0 * 0.0578916603968906, 0.6716536631210026, 5.2088551045450071 *   0
0.7586796003201416, 0.1874540253483942, 0.0, 0.0, 0.0, 0.0, 0.0, 0.0, 0.0, 0.0, 0.0, 0.0 * 0.7586796003201416, 0.1874540253483942, 4.2914889813985679 *   0
0.1779701240258152, 0.0963999270910397, 0.0, 0.0, 0.0, 0.0, 0.0, 0.0, 0.0, 0.0, 0.0, 0.0 * 0.1779701240258152, 0.0963999270910397, 5.4726466687702811 *   0
0.1301883599395809, 0.0237561091891286, 0.0, 0.0, 0.0, 0.0, 0.0, 0.0, 0.0, 0.0, 0.0, 0.0 * 0.1301883599395809, 0.0237561091891286, 5.7182111401836684 *   0
0.6354445515365548, 0.1072133570477429, 0.0, 0.0, 0.0, 0.0, 0.0, 0.0, 0.0, 0.0, 0.0, 0.0 * 0.6354445515365548, 0.1072133570477429, 5.3508240677459700 *   0
0.8575168619200200, 0.0707825264291756, 0.0, 0.0, 0.0, 0.0, 0.0, 0.0, 0.0, 0.0, 0.0, 0.0 * 0.8575168619200200, 0.0707825264291756, 4.1925668763825659 *   0
0.1466521491048169, 0.6324713582324196, 0.0, 0.0, 0.0, 0.0, 0.0, 0.0, 0.0, 0.0, 0.0, 0.0 * 0.1466521491048169, 0.6324713582324196, 5.2771502828138885 *   0
0.2531950004646532, 0.6872968625683789, 0.0, 0.0, 0.0, 0.0, 0.0, 0.0, 0.0, 0.0, 0.0, 0.0 * 0.2531950004646532, 0.6872968625683789, 4.7531495858388153 *   0
0.1847564197074419, 0.8070469791102441, 0.0, 0.0, 0.0, 0.0, 0.0, 0.0, 0.0, 0.0, 0.0, 0.0 * 0.1847564197074419, 0.8070469791102441, 4.0437123979250407 *   0
0.2365784348158997, 0.1423233650356174, 0.0, 0.0, 0.0, 0.0, 0.0, 0.0, 0.0, 0.0, 0.0, 0.0 * 0.2365784348158997, 0.1423233650356174, 5.2954501083177572 *   0
0.6894362749017012, 0.8554694470276448, 0.0, 0.0, 0.0, 0.0, 0.0, 0.0, 0.0, 0.0, 0.0, 0.0 * 0.6894362749017012, 0.8554694470276448, 3.4713558117715877 *   0
0.7203545652890366, 0.1340737478500575, 0.0, 0.0, 0.0, 0.0, 0.0, 0.0, 0.0, 0.0, 0.0, 0.0 * 0.7203545652890366, 0.1340737478500575, 4.6686329967098228 *   0
0.7627103579056963, 0.8219130606492576, 0.0, 0.0, 0.0, 0.0, 0.0, 0.0, 0.0, 0.0, 0.0, 0.0 * 0.7627103579056963, 0.8219130606492576, 2.9983155173270406 *   0
0.0108850128068053, 0.6604921662530360, 0.0, 0.0, 0.0, 0.0, 0.0, 0.0, 0.0, 0.0, 0.0, 0.0 * 0.0108850128068053, 0.6604921662530360, 5.3659226235816107 *   0
0.1935739108331380, 0.2295628531042314, 0.0, 0.0, 0.0, 0.0, 0.0, 0.0, 0.0, 0.0, 0.0, 0.0 * 0.1935739108331380, 0.2295628531042314, 5.1990834564002490 *   0
0.2244778663033982, 0.7691765189027304, 0.0, 0.0, 0.0, 0.0, 0.0, 0.0, 0.0, 0.0, 0.0, 0.0 * 0.2244778663033982, 0.7691765189027304, 4.1815755344537235 *   0
0.7373474276332871, 0.1611225698893529, 0.0, 0.0, 0.0, 0.0, 0.0, 0.0, 0.0, 0.0, 0.0, 0.0 * 0.7373474276332871, 0.1611225698893529, 4.4849731295723023 *   0
0.7859658691035425, 0.2038322422671282, 0.0, 0.0, 0.0, 0.0, 0.0, 0.0, 0.0, 0.0, 0.0, 0.0 * 0.7859658691035425, 0.2038322422671282, 4.1098094497183926 *   0
0.8247870499383598, 0.1904727840751748, 0.0, 0.0, 0.0, 0.0, 0.0, 0.0, 0.0, 0.0, 0.0, 0.0 * 0.8247870499383598, 0.1904727840751748, 3.9769285984051344 *   0
0.7286103957931559, 0.1613133974193192, 0.0, 0.0, 0.0, 0.0, 0.0, 0.0, 0.0, 0.0, 0.0, 0.0 * 0.7286103957931559, 0.1613133974193192, 4.5473555188588524 *   0
0.1717918422873094, 0.2417258947350671, 0.0, 0.0, 0.0, 0.0, 0.0, 0.0, 0.0, 0.0, 0.0, 0.0 * 0.1717918422873094, 0.2417258947350671, 5.2311686466392509 *   0
0.2019932396719201, 0.6768886142768379, 0.0, 0.0, 0.0, 0.0, 0.0, 0.0, 0.0, 0.0, 0.0, 0.0 * 0.2019932396719201, 0.6768886142768379, 4.8651072453677475 *   0
0.7333634056771935, 0.8136896457586855, 0.0, 0.0, 0.0, 0.0, 0.0, 0.0, 0.0, 0.0, 0.0, 0.0 * 0.7333634056771935, 0.8136896457586855, 3.2219341367511642 *   0
0.6880913207717665, 0.8468439084695857, 0.0, 0.0, 0.0, 0.0, 0.0, 0.0, 0.0, 0.0, 0.0, 0.0 * 0.6880913207717665, 0.8468439084695857, 3.4870780028254815 *   0
0.6365321216343586, 0.6646048923323885, 0.0, 0.0, 0.0, 0.0, 0.0, 0.0, 0.0, 0.0, 0.0, 0.0 * 0.6365321216343586, 0.6646048923323885, 4.8901383869987214 *   0
