0.9921955047138946, 0.9996763402594608, 0.5, 0.5, 0.5, 0.5, 0.5 * 0.4959371854871374, 0.0001605668698099, 0.0039022476430527 *   0
0.9931336562117252, 0.9995574275960948, 0.5, 0.5, 0.5, 0.5, 0.5 * 0.4963470613310482, 0.0002197667748144, 0.0034331718941374 *   0
0.9997981865889385, 0.0017865682029103, 0.5, 0.5, 0.5, 0.5, 0.5 * 0.0008931038247436, 0.4990059894697257, 0.0001009067055308 *   0
0.9921276057102381, 0.0008795927282793, 0.5, 0.5, 0.5, 0.5, 0.5 * 0.0004363341137540, 0.4956274687413651, 0.0039361971448810 *   0
0.9906331147023630, 0.0010318062273002, 0.5, 0.5, 0.5, 0.5, 0.5 * 0.0005110707083599, 0.4948054866428216, 0.0046834426488185 *   0
0.9964968929982264, 0.9976560901839547, 0.5, 0.5, 0.5, 0.5, 0.5 * 0.4970805970745346, 0.0011678494245786, 0.0017515535008868 *   0
0.9917782256341438, 0.0017712689013087, 0.5, 0.5, 0.5, 0.5, 0.5 * 0.0008783529640304, 0.4950107598530415, 0.0041108871829281 *   0
0.9810008359984499, 0.9993711281564883, 0.5, 0.5, 0.5, 0.5, 0.5 * 0.4901919560971145, 0.0003084619021104, 0.0094995820007751 *   0
0.9860789780440177, 0.9979339721603011, 0.5, 0.5, 0.5, 0.5, 0.5 * 0.4920208557116185, 0.0010186333103904, 0.0069605109779912 *   0
0.9894913053091109, 0.9969306569532168, 0.5, 0.5, 0.5, 0.5, 0.5 * 0.4932271085256540, 0.0015185441289015, 0.0052543473454446 *   0
0.9631367912344340, 0.0000867550261723, 0.5, 0.5, 0.5, 0.5, 0.5 * 0.0000417784787655, 0.4815266171384515, 0.0184316043827830 *   0
0.9815295399080634, 0.0033933622778362, 0.5, 0.5, 0.5, 0.5, 0.5 * 0.0016653426576530, 0.4890994272963787, 0.0092352300459683 *   0
0.9685882883931456, 0.0039485688339679, 0.5, 0.5, 0.5, 0.5, 0.5 * 0.0019122687642478, 0.4823818754323250, 0.0157058558034272 *   0
0.9606523001383303, 0.9972402220579052, 0.5, 0.5, 0.5, 0.5, 0.5 * 0.4790005565551929, 0.0013255935139722, 0.0196738499308349 *   0
0.9819492669692027, 0.0071300668675127, 0.5, 0.5, 0.5, 0.5, 0.5 * 0.0035006819669977, 0.4874739515176036, 0.0090253665153986 *   0
0.9573025591472641, 0.9970717793316914, 0.5, 0.5, 0.5, 0.5, 0.5 * 0.4772496830038722, 0.0014015965697598, 0.0213487204263679 *   0
0.9346246863410923, 0.9997992026618678, 0.5, 0.5, 0.5, 0.5, 0.5 * 0.4672185080959612, 0.0000938350745849, 0.0326876568294538 *   0
0.9471579561695260, 0.9969394425847286, 0.5, 0.5, 0.5, 0.5, 0.5 * 0.4721295624316690, 0.0014494156530940, 0.0264210219152370 *   0
0.9424546314135448, 0.9970002560862341, 0.5, 0.5, 0.5, 0.5, 0.5 * 0.4698137544344808, 0.0014135612722916, 0.0287726842932276 *   0
0.9304270883698142, 0.9988831193181141, 0.5, 0.5, 0.5, 0.5, 0.5 * 0.4646939561644554, 0.0005195880204518, 0.0347864558150929 *   0
0.9345881617323440, 0.0021206378015320, 0.5, 0.5, 0.5, 0.5, 0.5 * 0.0009909614923170, 0.4663031193738550, 0.0327059191338280 *   0
0.9895884315434790, 0.0149650587769994, 0.5, 0.5, 0.5, 0.5, 0.5 * 0.0074046245215434, 0.4873895912501961, 0.0052057842282605 *   0
0.9712253901973485, 0.9885758017136602, 0.5, 0.5, 0.5, 0.5, 0.5 * 0.4800649593795032, 0.0055477357191711, 0.0143873049013257 *   0
0.9376089954458219, 0.0059469994185246, 0.5, 0.5, 0.5, 0.5, 0.5 * 0.0027879800753598, 0.4660165176475511, 0.0311955022770891 *   0
0.9638324840757215, 0.0118636912721506, 0.5, 0.5, 0.5, 0.5, 0.5 * 0.0057173055145722, 0.4761989365232886, 0.0180837579621392 *   0
0.9963228227553530, 0.9804976405485056, 0.5, 0.5, 0.5, 0.5, 0.5 * 0.4884460884681253, 0.0097153229095512, 0.0018385886223235 *   0
0.9887139811127977, 0.0292710531639266, 0.5, 0.5, 0.5, 0.5, 0.5 * 0.0144703497525351, 0.4798866408038637, 0.0056430094436011 *   0
0.9927399652044940, 0.0311262281756505, 0.5, 0.5, 0.5, 0.5, 0.5 * 0.0154501253380212, 0.4809198572642258, 0.0036300173977530 *   0
0.0008206088099725, 0.9999876245856227, 0.5, 0.5, 0.5, 0.5, 0.5 * 0.0004102993272992, 0.0000000050776870, 0.4995896955950138 *   0
0.9663534904673479, 0.9743246296301133, 0.5, 0.5, 0.5, 0.5, 0.5 * 0.4707710033456830, 0.0124057418879909, 0.0168232547663261 *   0
0.0012431466026433, 0.4052734809952199, 0.5, 0.5, 0.5, 0.5, 0.5 * 0.0002519071755203, 0.0003696661258013, 0.4993784266986784 *   0
0.0020855222838398, 0.6998584376181748, 0.5, 0.5, 0.5, 0.5, 0.5 * 0.0007297851835930, 0.0003129759583269, 0.4989572388580801 *   0
0.8472509313594787, 0.9984632180996533, 0.5, 0.5, 0.5, 0.5, 0.5 * 0.4229744457315568, 0.0006510199481826, 0.0763745343202606 *   0
0.0030658529154332, 0.8098900694446126, 0.5, 0.5, 0.5, 0.5, 0.5 * 0.0012415019152936, 0.0002914245424230, 0.4984670735422834 *   0
0.0039868857730119, 0.9951033485099223, 0.5, 0.5, 0.5, 0.5, 0.5 * 0.0019836816914254, 0.0000097611950806, 0.4980065571134941 *   0
0.0034600878150482, 0.6316142797617308, 0.5, 0.5, 0.5, 0.5, 0.5 * 0.0010927204366070, 0.0006373234709171, 0.4982699560924759 *   0
0.0057141007882143, 0.8556231105959150, 0.5, 0.5, 0.5, 0.5, 0.5 * 0.0024445583453352, 0.0004124920487719, 0.4971429496058928 *   0
0.0066463379220321, 0.6235305902657707, 0.5, 0.5, 0.5, 0.5, 0.5 * 0.0020720975038152, 0.0012510714572008, 0.4966768310389839 *   0
0.0099058239766889, 0.2815967115022227, 0.5, 0.5, 0.5, 0.5, 0.5 * 0.0013947237282777, 0.0035581882600667, 0.4950470880116555 *   0
0.9811578849242804, 0.9568442427352277, 0.5, 0.5, 0.5, 0.5, 0.5 * 0.4694076367020354, 0.0211713057601048, 0.0094210575378598 *   0
0.0139517807466685, 0.0911684502340706, 0.5, 0.5, 0.5, 0.5, 0.5 * 0.0006359811143397, 0.0063399092589946, 0.4930241096266658 *   0
0.8894483521065900, 0.9774708729132409, 0.5, 0.5, 0.5, 0.5, 0.5 * 0.4347049285724361, 0.0100192474808589, 0.0552758239467050 *   0
0.9616592051282801, 0.0462470008275691, 0.5, 0.5, 0.5, 0.5, 0.5 * 0.0222369270277035, 0.4585926755364366, 0.0191703974358600 *   0
0.0255927676454153, 0.7591791230995111, 0.5, 0.5, 0.5, 0.5, 0.5 * 0.0097147474493680, 0.0030816363733397, 0.4872036161772924 *   0
0.0403989018129180, 0.9621502850028455, 0.5, 0.5, 0.5, 0.5, 0.5 * 0.0194349074465505, 0.0007645434599085, 0.4798005490935410 *   0
0.8229668987090545, 0.9724673763720633, 0.5, 0.5, 0.5, 0.5, 0.5 * 0.4001542304143239, 0.0113292189402034, 0.0885165506454728 *   0
0.7086033852345326, 0.9892225419120968, 0.5, 0.5, 0.5, 0.5, 0.5 * 0.3504832209746105, 0.0038184716426558, 0.1456983073827337 *   0
0.0662251795019140, 0.8132840175243485, 0.5, 0.5, 0.5, 0.5, 0.5 * 0.0269299400232939, 0.0061826497276631, 0.4668874102490430 *   0
0.0678332182894616, 0.7827899073170451, 0.5, 0.5, 0.5, 0.5, 0.5 * 0.0265495793289122, 0.0073670298158185, 0.4660833908552692 *   0
0.0907223355447512, 0.5467346452859857, 0.5, 0.5, 0.5, 0.5, 0.5 * 0.0248005219717879, 0.0205606458005877, 0.4546388322276244 *   0
0.6560137675404613, 0.0619442025487983, 0.5, 0.5, 0.5, 0.5, 0.5 * 0.0203181248456633, 0.3076887589245673, 0.1719931162297694 *   0
